station_id,state,city,station_name,timestamp,datetime,at_c,rh_percent,ws_m_s,wd_deg,rf_mm,tot_rf_mm,sr_w_mt2,bp_mmhg,vws_m_s,pollutant,value,station,hour
site_1560,Delhi,Delhi,"Bawana, Delhi - DPCC",2025-06-21 00:00:00+00:00,2025-06-21 00:00:00+00:00,30.9,78.0,2.5,94.0,0.0,0.0,6.0,991.0,,toluene,4.4,"Bawana, Delhi - DPCC",0
site_1560,Delhi,Delhi,"Bawana, Delhi - DPCC",2025-06-21 00:00:00+00:00,2025-06-21 00:00:00+00:00,30.9,78.0,2.5,94.0,0.0,0.0,6.0,991.0,,benzene,1.0,"Bawana, Delhi - DPCC",0
site_301,Delhi,Delhi,"Anand Vihar, Delhi - DPCC",2025-06-21 00:00:00+00:00,2025-06-21 00:00:00+00:00,30.1,77.0,0.8,165.0,,0.0,5.0,743.0,,no2,33.8,"Anand Vihar, Delhi - DPCC",0
site_108,Delhi,Delhi,"Aya Nagar, Delhi - IMD",2025-06-21 00:00:00+00:00,2025-06-21 00:00:00+00:00,,,,,,0.0,,,,co,1.04,"Aya Nagar, Delhi - IMD",0
site_301,Delhi,Delhi,"Anand Vihar, Delhi - DPCC",2025-06-21 00:00:00+00:00,2025-06-21 00:00:00+00:00,30.1,77.0,0.8,165.0,,0.0,5.0,743.0,,toluene,61.8,"Anand Vihar, Delhi - DPCC",0
site_301,Delhi,Delhi,"Anand Vihar, Delhi - DPCC",2025-06-21 00:00:00+00:00,2025-06-21 00:00:00+00:00,30.1,77.0,0.8,165.0,,0.0,5.0,743.0,,pm25,26.0,"Anand Vihar, Delhi - DPCC",0
site_301,Delhi,Delhi,"Anand Vihar, Delhi - DPCC",2025-06-21 00:00:00+00:00,2025-06-21 00:00:00+00:00,30.1,77.0,0.8,165.0,,0.0,5.0,743.0,,pm10,68.0,"Anand Vihar, Delhi - DPCC",0
site_301,Delhi,Delhi,"Anand Vihar, Delhi - DPCC",2025-06-21 00:00:00+00:00,2025-06-21 00:00:00+00:00,30.1,77.0,0.8,165.0,,0.0,5.0,743.0,,ozone,16.1,"Anand Vihar, Delhi - DPCC",0
site_1420,Delhi,Delhi,"Ashok Vihar, Delhi - DPCC",2025-06-21 00:00:00+00:00,2025-06-21 00:00:00+00:00,30.0,79.0,3.2,102.0,0.0,0.0,10.0,982.0,,toluene,1.2,"Ashok Vihar, Delhi - DPCC",0
site_1420,Delhi,Delhi,"Ashok Vihar, Delhi - DPCC",2025-06-21 00:00:00+00:00,2025-06-21 00:00:00+00:00,30.0,79.0,3.2,102.0,0.0,0.0,10.0,982.0,,so2,9.9,"Ashok Vihar, Delhi - DPCC",0
site_1560,Delhi,Delhi,"Bawana, Delhi - DPCC",2025-06-21 00:00:00+00:00,2025-06-21 00:00:00+00:00,30.9,78.0,2.5,94.0,0.0,0.0,6.0,991.0,,nh3,27.8,"Bawana, Delhi - DPCC",0
site_1420,Delhi,Delhi,"Ashok Vihar, Delhi - DPCC",2025-06-21 00:00:00+00:00,2025-06-21 00:00:00+00:00,30.0,79.0,3.2,102.0,0.0,0.0,10.0,982.0,,pm25,39.0,"Ashok Vihar, Delhi - DPCC",0
site_1420,Delhi,Delhi,"Ashok Vihar, Delhi - DPCC",2025-06-21 00:00:00+00:00,2025-06-21 00:00:00+00:00,30.0,79.0,3.2,102.0,0.0,0.0,10.0,982.0,,ozone,4.4,"Ashok Vihar, Delhi - DPCC",0
site_1420,Delhi,Delhi,"Ashok Vihar, Delhi - DPCC",2025-06-21 00:00:00+00:00,2025-06-21 00:00:00+00:00,30.0,79.0,3.2,102.0,0.0,0.0,10.0,982.0,,no2,26.3,"Ashok Vihar, Delhi - DPCC",0
site_1420,Delhi,Delhi,"Ashok Vihar, Delhi - DPCC",2025-06-21 00:00:00+00:00,2025-06-21 00:00:00+00:00,30.0,79.0,3.2,102.0,0.0,0.0,10.0,982.0,,no,3.8,"Ashok Vihar, Delhi - DPCC",0
site_1420,Delhi,Delhi,"Ashok Vihar, Delhi - DPCC",2025-06-21 00:00:00+00:00,2025-06-21 00:00:00+00:00,30.0,79.0,3.2,102.0,0.0,0.0,10.0,982.0,,nh3,31.5,"Ashok Vihar, Delhi - DPCC",0
site_1420,Delhi,Delhi,"Ashok Vihar, Delhi - DPCC",2025-06-21 00:00:00+00:00,2025-06-21 00:00:00+00:00,30.0,79.0,3.2,102.0,0.0,0.0,10.0,982.0,,co,0.87,"Ashok Vihar, Delhi - DPCC",0
site_1420,Delhi,Delhi,"Ashok Vihar, Delhi - DPCC",2025-06-21 00:00:00+00:00,2025-06-21 00:00:00+00:00,30.0,79.0,3.2,102.0,0.0,0.0,10.0,982.0,,benzene,0.1,"Ashok Vihar, Delhi - DPCC",0
site_301,Delhi,Delhi,"Anand Vihar, Delhi - DPCC",2025-06-21 00:00:00+00:00,2025-06-21 00:00:00+00:00,30.1,77.0,0.8,165.0,,0.0,5.0,743.0,,benzene,1.3,"Anand Vihar, Delhi - DPCC",0
site_108,Delhi,Delhi,"Aya Nagar, Delhi - IMD",2025-06-21 00:00:00+00:00,2025-06-21 00:00:00+00:00,,,,,,0.0,,,,no2,13.37,"Aya Nagar, Delhi - IMD",0
site_108,Delhi,Delhi,"Aya Nagar, Delhi - IMD",2025-06-21 00:00:00+00:00,2025-06-21 00:00:00+00:00,,,,,,0.0,,,,no,8.55,"Aya Nagar, Delhi - IMD",0
site_1420,Delhi,Delhi,"Ashok Vihar, Delhi - DPCC",2025-06-21 00:00:00+00:00,2025-06-21 00:00:00+00:00,30.0,79.0,3.2,102.0,0.0,0.0,10.0,982.0,,pm10,80.0,"Ashok Vihar, Delhi - DPCC",0
site_301,Delhi,Delhi,"Anand Vihar, Delhi - DPCC",2025-06-21 00:00:00+00:00,2025-06-21 00:00:00+00:00,30.1,77.0,0.8,165.0,,0.0,5.0,743.0,,no,12.0,"Anand Vihar, Delhi - DPCC",0
site_1560,Delhi,Delhi,"Bawana, Delhi - DPCC",2025-06-21 00:00:00+00:00,2025-06-21 00:00:00+00:00,30.9,78.0,2.5,94.0,0.0,0.0,6.0,991.0,,no,4.4,"Bawana, Delhi - DPCC",0
site_1560,Delhi,Delhi,"Bawana, Delhi - DPCC",2025-06-21 00:00:00+00:00,2025-06-21 00:00:00+00:00,30.9,78.0,2.5,94.0,0.0,0.0,6.0,991.0,,ozone,7.5,"Bawana, Delhi - DPCC",0
site_104,Delhi,Delhi,"Burari Crossing, Delhi - IMD",2025-06-21 00:00:00+00:00,2025-06-21 00:00:00+00:00,,,,,,0.0,,,,pm25,44.02,"Burari Crossing, Delhi - IMD",0
site_104,Delhi,Delhi,"Burari Crossing, Delhi - IMD",2025-06-21 00:00:00+00:00,2025-06-21 00:00:00+00:00,,,,,,0.0,,,,pm10,87.8,"Burari Crossing, Delhi - IMD",0
site_104,Delhi,Delhi,"Burari Crossing, Delhi - IMD",2025-06-21 00:00:00+00:00,2025-06-21 00:00:00+00:00,,,,,,0.0,,,,ozone,15.76,"Burari Crossing, Delhi - IMD",0
site_104,Delhi,Delhi,"Burari Crossing, Delhi - IMD",2025-06-21 00:00:00+00:00,2025-06-21 00:00:00+00:00,,,,,,0.0,,,,no2,47.8,"Burari Crossing, Delhi - IMD",0
site_5024,Delhi,Delhi,"Alipur, Delhi - DPCC",2025-06-21 00:00:00+00:00,2025-06-21 00:00:00+00:00,30.5,74.0,,235.0,0.0,0.0,4.0,981.0,,toluene,0.2,"Alipur, Delhi - DPCC",0
site_5024,Delhi,Delhi,"Alipur, Delhi - DPCC",2025-06-21 00:00:00+00:00,2025-06-21 00:00:00+00:00,30.5,74.0,,235.0,0.0,0.0,4.0,981.0,,so2,10.7,"Alipur, Delhi - DPCC",0
site_5024,Delhi,Delhi,"Alipur, Delhi - DPCC",2025-06-21 00:00:00+00:00,2025-06-21 00:00:00+00:00,30.5,74.0,,235.0,0.0,0.0,4.0,981.0,,pm25,31.0,"Alipur, Delhi - DPCC",0
site_5024,Delhi,Delhi,"Alipur, Delhi - DPCC",2025-06-21 00:00:00+00:00,2025-06-21 00:00:00+00:00,30.5,74.0,,235.0,0.0,0.0,4.0,981.0,,pm10,68.0,"Alipur, Delhi - DPCC",0
site_5024,Delhi,Delhi,"Alipur, Delhi - DPCC",2025-06-21 00:00:00+00:00,2025-06-21 00:00:00+00:00,30.5,74.0,,235.0,0.0,0.0,4.0,981.0,,ozone,17.5,"Alipur, Delhi - DPCC",0
site_1560,Delhi,Delhi,"Bawana, Delhi - DPCC",2025-06-21 00:00:00+00:00,2025-06-21 00:00:00+00:00,30.9,78.0,2.5,94.0,0.0,0.0,6.0,991.0,,no2,11.0,"Bawana, Delhi - DPCC",0
site_5024,Delhi,Delhi,"Alipur, Delhi - DPCC",2025-06-21 00:00:00+00:00,2025-06-21 00:00:00+00:00,30.5,74.0,,235.0,0.0,0.0,4.0,981.0,,no2,17.5,"Alipur, Delhi - DPCC",0
site_5024,Delhi,Delhi,"Alipur, Delhi - DPCC",2025-06-21 00:00:00+00:00,2025-06-21 00:00:00+00:00,30.5,74.0,,235.0,0.0,0.0,4.0,981.0,,nh3,51.6,"Alipur, Delhi - DPCC",0
site_5024,Delhi,Delhi,"Alipur, Delhi - DPCC",2025-06-21 00:00:00+00:00,2025-06-21 00:00:00+00:00,30.5,74.0,,235.0,0.0,0.0,4.0,981.0,,co,0.84,"Alipur, Delhi - DPCC",0
site_5024,Delhi,Delhi,"Alipur, Delhi - DPCC",2025-06-21 00:00:00+00:00,2025-06-21 00:00:00+00:00,30.5,74.0,,235.0,0.0,0.0,4.0,981.0,,benzene,0.2,"Alipur, Delhi - DPCC",0
site_108,Delhi,Delhi,"Aya Nagar, Delhi - IMD",2025-06-21 00:00:00+00:00,2025-06-21 00:00:00+00:00,,,,,,0.0,,,,ozone,28.21,"Aya Nagar, Delhi - IMD",0
site_108,Delhi,Delhi,"Aya Nagar, Delhi - IMD",2025-06-21 00:00:00+00:00,2025-06-21 00:00:00+00:00,,,,,,0.0,,,,pm10,50.57,"Aya Nagar, Delhi - IMD",0
site_108,Delhi,Delhi,"Aya Nagar, Delhi - IMD",2025-06-21 00:00:00+00:00,2025-06-21 00:00:00+00:00,,,,,,0.0,,,,pm25,22.05,"Aya Nagar, Delhi - IMD",0
site_104,Delhi,Delhi,"Burari Crossing, Delhi - IMD",2025-06-21 00:00:00+00:00,2025-06-21 00:00:00+00:00,,,,,,0.0,,,,no,24.24,"Burari Crossing, Delhi - IMD",0
site_104,Delhi,Delhi,"Burari Crossing, Delhi - IMD",2025-06-21 00:00:00+00:00,2025-06-21 00:00:00+00:00,,,,,,0.0,,,,co,0.96,"Burari Crossing, Delhi - IMD",0
site_301,Delhi,Delhi,"Anand Vihar, Delhi - DPCC",2025-06-21 00:00:00+00:00,2025-06-21 00:00:00+00:00,30.1,77.0,0.8,165.0,,0.0,5.0,743.0,,nh3,21.5,"Anand Vihar, Delhi - DPCC",0
site_1560,Delhi,Delhi,"Bawana, Delhi - DPCC",2025-06-21 00:00:00+00:00,2025-06-21 00:00:00+00:00,30.9,78.0,2.5,94.0,0.0,0.0,6.0,991.0,,pm10,69.0,"Bawana, Delhi - DPCC",0
site_5024,Delhi,Delhi,"Alipur, Delhi - DPCC",2025-06-21 00:00:00+00:00,2025-06-21 00:00:00+00:00,30.5,74.0,,235.0,0.0,0.0,4.0,981.0,,no,3.1,"Alipur, Delhi - DPCC",0
site_1560,Delhi,Delhi,"Bawana, Delhi - DPCC",2025-06-21 00:00:00+00:00,2025-06-21 00:00:00+00:00,30.9,78.0,2.5,94.0,0.0,0.0,6.0,991.0,,pm25,44.0,"Bawana, Delhi - DPCC",0
site_108,Delhi,Delhi,"Aya Nagar, Delhi - IMD",2025-06-21 00:15:00+00:00,2025-06-21 00:15:00+00:00,,,,,,0.0,,,,pm25,22.48,"Aya Nagar, Delhi - IMD",0
site_301,Delhi,Delhi,"Anand Vihar, Delhi - DPCC",2025-06-21 00:15:00+00:00,2025-06-21 00:15:00+00:00,30.1,77.0,1.0,151.0,,0.0,5.0,744.0,,benzene,1.8,"Anand Vihar, Delhi - DPCC",0
site_301,Delhi,Delhi,"Anand Vihar, Delhi - DPCC",2025-06-21 00:15:00+00:00,2025-06-21 00:15:00+00:00,30.1,77.0,1.0,151.0,,0.0,5.0,744.0,,nh3,16.6,"Anand Vihar, Delhi - DPCC",0
site_301,Delhi,Delhi,"Anand Vihar, Delhi - DPCC",2025-06-21 00:15:00+00:00,2025-06-21 00:15:00+00:00,30.1,77.0,1.0,151.0,,0.0,5.0,744.0,,no,9.8,"Anand Vihar, Delhi - DPCC",0
site_301,Delhi,Delhi,"Anand Vihar, Delhi - DPCC",2025-06-21 00:15:00+00:00,2025-06-21 00:15:00+00:00,30.1,77.0,1.0,151.0,,0.0,5.0,744.0,,no2,33.6,"Anand Vihar, Delhi - DPCC",0
site_301,Delhi,Delhi,"Anand Vihar, Delhi - DPCC",2025-06-21 00:15:00+00:00,2025-06-21 00:15:00+00:00,30.1,77.0,1.0,151.0,,0.0,5.0,744.0,,ozone,15.8,"Anand Vihar, Delhi - DPCC",0
site_301,Delhi,Delhi,"Anand Vihar, Delhi - DPCC",2025-06-21 00:15:00+00:00,2025-06-21 00:15:00+00:00,30.1,77.0,1.0,151.0,,0.0,5.0,744.0,,pm10,68.0,"Anand Vihar, Delhi - DPCC",0
site_301,Delhi,Delhi,"Anand Vihar, Delhi - DPCC",2025-06-21 00:15:00+00:00,2025-06-21 00:15:00+00:00,30.1,77.0,1.0,151.0,,0.0,5.0,744.0,,pm25,26.0,"Anand Vihar, Delhi - DPCC",0
site_301,Delhi,Delhi,"Anand Vihar, Delhi - DPCC",2025-06-21 00:15:00+00:00,2025-06-21 00:15:00+00:00,30.1,77.0,1.0,151.0,,0.0,5.0,744.0,,so2,14.1,"Anand Vihar, Delhi - DPCC",0
site_301,Delhi,Delhi,"Anand Vihar, Delhi - DPCC",2025-06-21 00:15:00+00:00,2025-06-21 00:15:00+00:00,30.1,77.0,1.0,151.0,,0.0,5.0,744.0,,toluene,59.8,"Anand Vihar, Delhi - DPCC",0
site_104,Delhi,Delhi,"Burari Crossing, Delhi - IMD",2025-06-21 00:15:00+00:00,2025-06-21 00:15:00+00:00,,,,,,0.0,,,,co,0.89,"Burari Crossing, Delhi - IMD",0
site_104,Delhi,Delhi,"Burari Crossing, Delhi - IMD",2025-06-21 00:15:00+00:00,2025-06-21 00:15:00+00:00,,,,,,0.0,,,,no,19.82,"Burari Crossing, Delhi - IMD",0
site_104,Delhi,Delhi,"Burari Crossing, Delhi - IMD",2025-06-21 00:15:00+00:00,2025-06-21 00:15:00+00:00,,,,,,0.0,,,,no2,44.87,"Burari Crossing, Delhi - IMD",0
site_104,Delhi,Delhi,"Burari Crossing, Delhi - IMD",2025-06-21 00:15:00+00:00,2025-06-21 00:15:00+00:00,,,,,,0.0,,,,ozone,17.26,"Burari Crossing, Delhi - IMD",0
site_104,Delhi,Delhi,"Burari Crossing, Delhi - IMD",2025-06-21 00:15:00+00:00,2025-06-21 00:15:00+00:00,,,,,,0.0,,,,pm10,105.22,"Burari Crossing, Delhi - IMD",0
site_104,Delhi,Delhi,"Burari Crossing, Delhi - IMD",2025-06-21 00:15:00+00:00,2025-06-21 00:15:00+00:00,,,,,,0.0,,,,pm25,54.56,"Burari Crossing, Delhi - IMD",0
site_1560,Delhi,Delhi,"Bawana, Delhi - DPCC",2025-06-21 00:15:00+00:00,2025-06-21 00:15:00+00:00,30.9,78.0,2.6,86.0,0.0,0.0,5.0,991.0,,toluene,3.5,"Bawana, Delhi - DPCC",0
site_1560,Delhi,Delhi,"Bawana, Delhi - DPCC",2025-06-21 00:15:00+00:00,2025-06-21 00:15:00+00:00,30.9,78.0,2.6,86.0,0.0,0.0,5.0,991.0,,so2,2.3,"Bawana, Delhi - DPCC",0
site_1560,Delhi,Delhi,"Bawana, Delhi - DPCC",2025-06-21 00:15:00+00:00,2025-06-21 00:15:00+00:00,30.9,78.0,2.6,86.0,0.0,0.0,5.0,991.0,,nh3,27.2,"Bawana, Delhi - DPCC",0
site_1560,Delhi,Delhi,"Bawana, Delhi - DPCC",2025-06-21 00:15:00+00:00,2025-06-21 00:15:00+00:00,30.9,78.0,2.6,86.0,0.0,0.0,5.0,991.0,,pm10,69.0,"Bawana, Delhi - DPCC",0
site_1420,Delhi,Delhi,"Ashok Vihar, Delhi - DPCC",2025-06-21 00:15:00+00:00,2025-06-21 00:15:00+00:00,30.0,79.0,3.3,96.0,0.0,0.0,10.0,982.0,,toluene,1.2,"Ashok Vihar, Delhi - DPCC",0
site_108,Delhi,Delhi,"Aya Nagar, Delhi - IMD",2025-06-21 00:15:00+00:00,2025-06-21 00:15:00+00:00,,,,,,0.0,,,,pm10,61.03,"Aya Nagar, Delhi - IMD",0
site_108,Delhi,Delhi,"Aya Nagar, Delhi - IMD",2025-06-21 00:15:00+00:00,2025-06-21 00:15:00+00:00,,,,,,0.0,,,,ozone,30.98,"Aya Nagar, Delhi - IMD",0
site_108,Delhi,Delhi,"Aya Nagar, Delhi - IMD",2025-06-21 00:15:00+00:00,2025-06-21 00:15:00+00:00,,,,,,0.0,,,,no2,12.56,"Aya Nagar, Delhi - IMD",0
site_108,Delhi,Delhi,"Aya Nagar, Delhi - IMD",2025-06-21 00:15:00+00:00,2025-06-21 00:15:00+00:00,,,,,,0.0,,,,no,9.13,"Aya Nagar, Delhi - IMD",0
site_108,Delhi,Delhi,"Aya Nagar, Delhi - IMD",2025-06-21 00:15:00+00:00,2025-06-21 00:15:00+00:00,,,,,,0.0,,,,co,1.03,"Aya Nagar, Delhi - IMD",0
site_5024,Delhi,Delhi,"Alipur, Delhi - DPCC",2025-06-21 00:15:00+00:00,2025-06-21 00:15:00+00:00,30.4,74.0,,234.0,0.0,0.0,4.0,981.0,,benzene,0.2,"Alipur, Delhi - DPCC",0
site_1560,Delhi,Delhi,"Bawana, Delhi - DPCC",2025-06-21 00:15:00+00:00,2025-06-21 00:15:00+00:00,30.9,78.0,2.6,86.0,0.0,0.0,5.0,991.0,,pm25,44.0,"Bawana, Delhi - DPCC",0
site_5024,Delhi,Delhi,"Alipur, Delhi - DPCC",2025-06-21 00:15:00+00:00,2025-06-21 00:15:00+00:00,30.4,74.0,,234.0,0.0,0.0,4.0,981.0,,co,0.76,"Alipur, Delhi - DPCC",0
site_5024,Delhi,Delhi,"Alipur, Delhi - DPCC",2025-06-21 00:15:00+00:00,2025-06-21 00:15:00+00:00,30.4,74.0,,234.0,0.0,0.0,4.0,981.0,,no,3.0,"Alipur, Delhi - DPCC",0
site_5024,Delhi,Delhi,"Alipur, Delhi - DPCC",2025-06-21 00:15:00+00:00,2025-06-21 00:15:00+00:00,30.4,74.0,,234.0,0.0,0.0,4.0,981.0,,no2,16.6,"Alipur, Delhi - DPCC",0
site_5024,Delhi,Delhi,"Alipur, Delhi - DPCC",2025-06-21 00:15:00+00:00,2025-06-21 00:15:00+00:00,30.4,74.0,,234.0,0.0,0.0,4.0,981.0,,ozone,18.2,"Alipur, Delhi - DPCC",0
site_5024,Delhi,Delhi,"Alipur, Delhi - DPCC",2025-06-21 00:15:00+00:00,2025-06-21 00:15:00+00:00,30.4,74.0,,234.0,0.0,0.0,4.0,981.0,,pm10,68.0,"Alipur, Delhi - DPCC",0
site_5024,Delhi,Delhi,"Alipur, Delhi - DPCC",2025-06-21 00:15:00+00:00,2025-06-21 00:15:00+00:00,30.4,74.0,,234.0,0.0,0.0,4.0,981.0,,pm25,31.0,"Alipur, Delhi - DPCC",0
site_5024,Delhi,Delhi,"Alipur, Delhi - DPCC",2025-06-21 00:15:00+00:00,2025-06-21 00:15:00+00:00,30.4,74.0,,234.0,0.0,0.0,4.0,981.0,,so2,10.0,"Alipur, Delhi - DPCC",0
site_5024,Delhi,Delhi,"Alipur, Delhi - DPCC",2025-06-21 00:15:00+00:00,2025-06-21 00:15:00+00:00,30.4,74.0,,234.0,0.0,0.0,4.0,981.0,,toluene,0.2,"Alipur, Delhi - DPCC",0
site_5024,Delhi,Delhi,"Alipur, Delhi - DPCC",2025-06-21 00:15:00+00:00,2025-06-21 00:15:00+00:00,30.4,74.0,,234.0,0.0,0.0,4.0,981.0,,nh3,51.2,"Alipur, Delhi - DPCC",0
site_1420,Delhi,Delhi,"Ashok Vihar, Delhi - DPCC",2025-06-21 00:15:00+00:00,2025-06-21 00:15:00+00:00,30.0,79.0,3.3,96.0,0.0,0.0,10.0,982.0,,pm25,39.0,"Ashok Vihar, Delhi - DPCC",0
site_1420,Delhi,Delhi,"Ashok Vihar, Delhi - DPCC",2025-06-21 00:15:00+00:00,2025-06-21 00:15:00+00:00,30.0,79.0,3.3,96.0,0.0,0.0,10.0,982.0,,so2,11.2,"Ashok Vihar, Delhi - DPCC",0
site_1420,Delhi,Delhi,"Ashok Vihar, Delhi - DPCC",2025-06-21 00:15:00+00:00,2025-06-21 00:15:00+00:00,30.0,79.0,3.3,96.0,0.0,0.0,10.0,982.0,,ozone,6.6,"Ashok Vihar, Delhi - DPCC",0
site_1560,Delhi,Delhi,"Bawana, Delhi - DPCC",2025-06-21 00:15:00+00:00,2025-06-21 00:15:00+00:00,30.9,78.0,2.6,86.0,0.0,0.0,5.0,991.0,,ozone,9.2,"Bawana, Delhi - DPCC",0
site_1560,Delhi,Delhi,"Bawana, Delhi - DPCC",2025-06-21 00:15:00+00:00,2025-06-21 00:15:00+00:00,30.9,78.0,2.6,86.0,0.0,0.0,5.0,991.0,,no2,11.0,"Bawana, Delhi - DPCC",0
site_1560,Delhi,Delhi,"Bawana, Delhi - DPCC",2025-06-21 00:15:00+00:00,2025-06-21 00:15:00+00:00,30.9,78.0,2.6,86.0,0.0,0.0,5.0,991.0,,no,3.8,"Bawana, Delhi - DPCC",0
site_1560,Delhi,Delhi,"Bawana, Delhi - DPCC",2025-06-21 00:15:00+00:00,2025-06-21 00:15:00+00:00,30.9,78.0,2.6,86.0,0.0,0.0,5.0,991.0,,co,0.71,"Bawana, Delhi - DPCC",0
site_1420,Delhi,Delhi,"Ashok Vihar, Delhi - DPCC",2025-06-21 00:15:00+00:00,2025-06-21 00:15:00+00:00,30.0,79.0,3.3,96.0,0.0,0.0,10.0,982.0,,pm10,80.0,"Ashok Vihar, Delhi - DPCC",0
site_1420,Delhi,Delhi,"Ashok Vihar, Delhi - DPCC",2025-06-21 00:15:00+00:00,2025-06-21 00:15:00+00:00,30.0,79.0,3.3,96.0,0.0,0.0,10.0,982.0,,benzene,0.1,"Ashok Vihar, Delhi - DPCC",0
site_1560,Delhi,Delhi,"Bawana, Delhi - DPCC",2025-06-21 00:15:00+00:00,2025-06-21 00:15:00+00:00,30.9,78.0,2.6,86.0,0.0,0.0,5.0,991.0,,benzene,1.2,"Bawana, Delhi - DPCC",0
site_1420,Delhi,Delhi,"Ashok Vihar, Delhi - DPCC",2025-06-21 00:15:00+00:00,2025-06-21 00:15:00+00:00,30.0,79.0,3.3,96.0,0.0,0.0,10.0,982.0,,co,0.88,"Ashok Vihar, Delhi - DPCC",0
site_1420,Delhi,Delhi,"Ashok Vihar, Delhi - DPCC",2025-06-21 00:15:00+00:00,2025-06-21 00:15:00+00:00,30.0,79.0,3.3,96.0,0.0,0.0,10.0,982.0,,nh3,30.2,"Ashok Vihar, Delhi - DPCC",0
site_1420,Delhi,Delhi,"Ashok Vihar, Delhi - DPCC",2025-06-21 00:15:00+00:00,2025-06-21 00:15:00+00:00,30.0,79.0,3.3,96.0,0.0,0.0,10.0,982.0,,no,4.5,"Ashok Vihar, Delhi - DPCC",0
site_1420,Delhi,Delhi,"Ashok Vihar, Delhi - DPCC",2025-06-21 00:15:00+00:00,2025-06-21 00:15:00+00:00,30.0,79.0,3.3,96.0,0.0,0.0,10.0,982.0,,no2,27.7,"Ashok Vihar, Delhi - DPCC",0
site_104,Delhi,Delhi,"Burari Crossing, Delhi - IMD",2025-06-21 00:30:00+00:00,2025-06-21 00:30:00+00:00,,,,,,0.0,,,,pm25,67.29,"Burari Crossing, Delhi - IMD",0
site_104,Delhi,Delhi,"Burari Crossing, Delhi - IMD",2025-06-21 00:30:00+00:00,2025-06-21 00:30:00+00:00,,,,,,0.0,,,,ozone,18.48,"Burari Crossing, Delhi - IMD",0
site_108,Delhi,Delhi,"Aya Nagar, Delhi - IMD",2025-06-21 00:30:00+00:00,2025-06-21 00:30:00+00:00,,,,,,0.0,,,,pm25,24.15,"Aya Nagar, Delhi - IMD",0
site_108,Delhi,Delhi,"Aya Nagar, Delhi - IMD",2025-06-21 00:30:00+00:00,2025-06-21 00:30:00+00:00,,,,,,0.0,,,,pm10,67.57,"Aya Nagar, Delhi - IMD",0
site_5024,Delhi,Delhi,"Alipur, Delhi - DPCC",2025-06-21 00:30:00+00:00,2025-06-21 00:30:00+00:00,30.4,74.0,,231.0,0.0,0.0,4.0,981.0,,no,2.9,"Alipur, Delhi - DPCC",0
site_108,Delhi,Delhi,"Aya Nagar, Delhi - IMD",2025-06-21 00:30:00+00:00,2025-06-21 00:30:00+00:00,,,,,,0.0,,,,no2,9.82,"Aya Nagar, Delhi - IMD",0
site_108,Delhi,Delhi,"Aya Nagar, Delhi - IMD",2025-06-21 00:30:00+00:00,2025-06-21 00:30:00+00:00,,,,,,0.0,,,,no,10.87,"Aya Nagar, Delhi - IMD",0
site_108,Delhi,Delhi,"Aya Nagar, Delhi - IMD",2025-06-21 00:30:00+00:00,2025-06-21 00:30:00+00:00,,,,,,0.0,,,,co,1.01,"Aya Nagar, Delhi - IMD",0
site_104,Delhi,Delhi,"Burari Crossing, Delhi - IMD",2025-06-21 00:30:00+00:00,2025-06-21 00:30:00+00:00,,,,,,0.0,,,,pm10,117.19,"Burari Crossing, Delhi - IMD",0
site_104,Delhi,Delhi,"Burari Crossing, Delhi - IMD",2025-06-21 00:30:00+00:00,2025-06-21 00:30:00+00:00,,,,,,0.0,,,,no2,43.52,"Burari Crossing, Delhi - IMD",0
site_5024,Delhi,Delhi,"Alipur, Delhi - DPCC",2025-06-21 00:30:00+00:00,2025-06-21 00:30:00+00:00,30.4,74.0,,231.0,0.0,0.0,4.0,981.0,,nh3,50.9,"Alipur, Delhi - DPCC",0
site_104,Delhi,Delhi,"Burari Crossing, Delhi - IMD",2025-06-21 00:30:00+00:00,2025-06-21 00:30:00+00:00,,,,,,0.0,,,,co,0.86,"Burari Crossing, Delhi - IMD",0
site_1420,Delhi,Delhi,"Ashok Vihar, Delhi - DPCC",2025-06-21 00:30:00+00:00,2025-06-21 00:30:00+00:00,29.9,80.0,3.3,107.0,0.0,0.0,10.0,982.0,,toluene,1.1,"Ashok Vihar, Delhi - DPCC",0
site_1420,Delhi,Delhi,"Ashok Vihar, Delhi - DPCC",2025-06-21 00:30:00+00:00,2025-06-21 00:30:00+00:00,29.9,80.0,3.3,107.0,0.0,0.0,10.0,982.0,,so2,14.1,"Ashok Vihar, Delhi - DPCC",0
site_1420,Delhi,Delhi,"Ashok Vihar, Delhi - DPCC",2025-06-21 00:30:00+00:00,2025-06-21 00:30:00+00:00,29.9,80.0,3.3,107.0,0.0,0.0,10.0,982.0,,pm25,39.0,"Ashok Vihar, Delhi - DPCC",0
site_1420,Delhi,Delhi,"Ashok Vihar, Delhi - DPCC",2025-06-21 00:30:00+00:00,2025-06-21 00:30:00+00:00,29.9,80.0,3.3,107.0,0.0,0.0,10.0,982.0,,pm10,80.0,"Ashok Vihar, Delhi - DPCC",0
site_1420,Delhi,Delhi,"Ashok Vihar, Delhi - DPCC",2025-06-21 00:30:00+00:00,2025-06-21 00:30:00+00:00,29.9,80.0,3.3,107.0,0.0,0.0,10.0,982.0,,ozone,5.5,"Ashok Vihar, Delhi - DPCC",0
site_1420,Delhi,Delhi,"Ashok Vihar, Delhi - DPCC",2025-06-21 00:30:00+00:00,2025-06-21 00:30:00+00:00,29.9,80.0,3.3,107.0,0.0,0.0,10.0,982.0,,no2,25.9,"Ashok Vihar, Delhi - DPCC",0
site_1420,Delhi,Delhi,"Ashok Vihar, Delhi - DPCC",2025-06-21 00:30:00+00:00,2025-06-21 00:30:00+00:00,29.9,80.0,3.3,107.0,0.0,0.0,10.0,982.0,,no,4.4,"Ashok Vihar, Delhi - DPCC",0
site_1420,Delhi,Delhi,"Ashok Vihar, Delhi - DPCC",2025-06-21 00:30:00+00:00,2025-06-21 00:30:00+00:00,29.9,80.0,3.3,107.0,0.0,0.0,10.0,982.0,,nh3,29.4,"Ashok Vihar, Delhi - DPCC",0
site_1420,Delhi,Delhi,"Ashok Vihar, Delhi - DPCC",2025-06-21 00:30:00+00:00,2025-06-21 00:30:00+00:00,29.9,80.0,3.3,107.0,0.0,0.0,10.0,982.0,,co,0.87,"Ashok Vihar, Delhi - DPCC",0
site_1420,Delhi,Delhi,"Ashok Vihar, Delhi - DPCC",2025-06-21 00:30:00+00:00,2025-06-21 00:30:00+00:00,29.9,80.0,3.3,107.0,0.0,0.0,10.0,982.0,,benzene,0.1,"Ashok Vihar, Delhi - DPCC",0
site_1560,Delhi,Delhi,"Bawana, Delhi - DPCC",2025-06-21 00:30:00+00:00,2025-06-21 00:30:00+00:00,30.9,79.0,2.5,94.0,0.0,0.0,5.0,991.0,,benzene,1.4,"Bawana, Delhi - DPCC",0
site_1560,Delhi,Delhi,"Bawana, Delhi - DPCC",2025-06-21 00:30:00+00:00,2025-06-21 00:30:00+00:00,30.9,79.0,2.5,94.0,0.0,0.0,5.0,991.0,,co,0.7,"Bawana, Delhi - DPCC",0
site_1560,Delhi,Delhi,"Bawana, Delhi - DPCC",2025-06-21 00:30:00+00:00,2025-06-21 00:30:00+00:00,30.9,79.0,2.5,94.0,0.0,0.0,5.0,991.0,,nh3,26.1,"Bawana, Delhi - DPCC",0
site_1560,Delhi,Delhi,"Bawana, Delhi - DPCC",2025-06-21 00:30:00+00:00,2025-06-21 00:30:00+00:00,30.9,79.0,2.5,94.0,0.0,0.0,5.0,991.0,,no,4.3,"Bawana, Delhi - DPCC",0
site_1560,Delhi,Delhi,"Bawana, Delhi - DPCC",2025-06-21 00:30:00+00:00,2025-06-21 00:30:00+00:00,30.9,79.0,2.5,94.0,0.0,0.0,5.0,991.0,,no2,11.1,"Bawana, Delhi - DPCC",0
site_1560,Delhi,Delhi,"Bawana, Delhi - DPCC",2025-06-21 00:30:00+00:00,2025-06-21 00:30:00+00:00,30.9,79.0,2.5,94.0,0.0,0.0,5.0,991.0,,ozone,9.4,"Bawana, Delhi - DPCC",0
site_1560,Delhi,Delhi,"Bawana, Delhi - DPCC",2025-06-21 00:30:00+00:00,2025-06-21 00:30:00+00:00,30.9,79.0,2.5,94.0,0.0,0.0,5.0,991.0,,pm10,69.0,"Bawana, Delhi - DPCC",0
site_1560,Delhi,Delhi,"Bawana, Delhi - DPCC",2025-06-21 00:30:00+00:00,2025-06-21 00:30:00+00:00,30.9,79.0,2.5,94.0,0.0,0.0,5.0,991.0,,pm25,44.0,"Bawana, Delhi - DPCC",0
site_1560,Delhi,Delhi,"Bawana, Delhi - DPCC",2025-06-21 00:30:00+00:00,2025-06-21 00:30:00+00:00,30.9,79.0,2.5,94.0,0.0,0.0,5.0,991.0,,so2,3.7,"Bawana, Delhi - DPCC",0
site_104,Delhi,Delhi,"Burari Crossing, Delhi - IMD",2025-06-21 00:30:00+00:00,2025-06-21 00:30:00+00:00,,,,,,0.0,,,,no,15.91,"Burari Crossing, Delhi - IMD",0
site_1560,Delhi,Delhi,"Bawana, Delhi - DPCC",2025-06-21 00:30:00+00:00,2025-06-21 00:30:00+00:00,30.9,79.0,2.5,94.0,0.0,0.0,5.0,991.0,,toluene,3.4,"Bawana, Delhi - DPCC",0
site_108,Delhi,Delhi,"Aya Nagar, Delhi - IMD",2025-06-21 00:30:00+00:00,2025-06-21 00:30:00+00:00,,,,,,0.0,,,,ozone,33.1,"Aya Nagar, Delhi - IMD",0
site_301,Delhi,Delhi,"Anand Vihar, Delhi - DPCC",2025-06-21 00:30:00+00:00,2025-06-21 00:30:00+00:00,30.1,77.0,0.8,129.0,,0.0,5.0,744.0,,pm25,26.0,"Anand Vihar, Delhi - DPCC",0
site_5024,Delhi,Delhi,"Alipur, Delhi - DPCC",2025-06-21 00:30:00+00:00,2025-06-21 00:30:00+00:00,30.4,74.0,,231.0,0.0,0.0,4.0,981.0,,pm25,31.0,"Alipur, Delhi - DPCC",0
site_5024,Delhi,Delhi,"Alipur, Delhi - DPCC",2025-06-21 00:30:00+00:00,2025-06-21 00:30:00+00:00,30.4,74.0,,231.0,0.0,0.0,4.0,981.0,,so2,9.6,"Alipur, Delhi - DPCC",0
site_5024,Delhi,Delhi,"Alipur, Delhi - DPCC",2025-06-21 00:30:00+00:00,2025-06-21 00:30:00+00:00,30.4,74.0,,231.0,0.0,0.0,4.0,981.0,,toluene,0.2,"Alipur, Delhi - DPCC",0
site_301,Delhi,Delhi,"Anand Vihar, Delhi - DPCC",2025-06-21 00:30:00+00:00,2025-06-21 00:30:00+00:00,30.1,77.0,0.8,129.0,,0.0,5.0,744.0,,so2,31.3,"Anand Vihar, Delhi - DPCC",0
site_5024,Delhi,Delhi,"Alipur, Delhi - DPCC",2025-06-21 00:30:00+00:00,2025-06-21 00:30:00+00:00,30.4,74.0,,231.0,0.0,0.0,4.0,981.0,,no2,16.2,"Alipur, Delhi - DPCC",0
site_5024,Delhi,Delhi,"Alipur, Delhi - DPCC",2025-06-21 00:30:00+00:00,2025-06-21 00:30:00+00:00,30.4,74.0,,231.0,0.0,0.0,4.0,981.0,,benzene,0.2,"Alipur, Delhi - DPCC",0
site_5024,Delhi,Delhi,"Alipur, Delhi - DPCC",2025-06-21 00:30:00+00:00,2025-06-21 00:30:00+00:00,30.4,74.0,,231.0,0.0,0.0,4.0,981.0,,co,0.72,"Alipur, Delhi - DPCC",0
site_301,Delhi,Delhi,"Anand Vihar, Delhi - DPCC",2025-06-21 00:30:00+00:00,2025-06-21 00:30:00+00:00,30.1,77.0,0.8,129.0,,0.0,5.0,744.0,,benzene,1.7,"Anand Vihar, Delhi - DPCC",0
site_301,Delhi,Delhi,"Anand Vihar, Delhi - DPCC",2025-06-21 00:30:00+00:00,2025-06-21 00:30:00+00:00,30.1,77.0,0.8,129.0,,0.0,5.0,744.0,,co,1.06,"Anand Vihar, Delhi - DPCC",0
site_301,Delhi,Delhi,"Anand Vihar, Delhi - DPCC",2025-06-21 00:30:00+00:00,2025-06-21 00:30:00+00:00,30.1,77.0,0.8,129.0,,0.0,5.0,744.0,,nh3,14.8,"Anand Vihar, Delhi - DPCC",0
site_5024,Delhi,Delhi,"Alipur, Delhi - DPCC",2025-06-21 00:30:00+00:00,2025-06-21 00:30:00+00:00,30.4,74.0,,231.0,0.0,0.0,4.0,981.0,,ozone,18.2,"Alipur, Delhi - DPCC",0
site_301,Delhi,Delhi,"Anand Vihar, Delhi - DPCC",2025-06-21 00:30:00+00:00,2025-06-21 00:30:00+00:00,30.1,77.0,0.8,129.0,,0.0,5.0,744.0,,no2,33.1,"Anand Vihar, Delhi - DPCC",0
site_301,Delhi,Delhi,"Anand Vihar, Delhi - DPCC",2025-06-21 00:30:00+00:00,2025-06-21 00:30:00+00:00,30.1,77.0,0.8,129.0,,0.0,5.0,744.0,,no,8.8,"Anand Vihar, Delhi - DPCC",0
site_5024,Delhi,Delhi,"Alipur, Delhi - DPCC",2025-06-21 00:30:00+00:00,2025-06-21 00:30:00+00:00,30.4,74.0,,231.0,0.0,0.0,4.0,981.0,,pm10,68.0,"Alipur, Delhi - DPCC",0
site_301,Delhi,Delhi,"Anand Vihar, Delhi - DPCC",2025-06-21 00:30:00+00:00,2025-06-21 00:30:00+00:00,30.1,77.0,0.8,129.0,,0.0,5.0,744.0,,toluene,58.4,"Anand Vihar, Delhi - DPCC",0
site_301,Delhi,Delhi,"Anand Vihar, Delhi - DPCC",2025-06-21 00:30:00+00:00,2025-06-21 00:30:00+00:00,30.1,77.0,0.8,129.0,,0.0,5.0,744.0,,pm10,68.0,"Anand Vihar, Delhi - DPCC",0
site_301,Delhi,Delhi,"Anand Vihar, Delhi - DPCC",2025-06-21 00:30:00+00:00,2025-06-21 00:30:00+00:00,30.1,77.0,0.8,129.0,,0.0,5.0,744.0,,ozone,13.2,"Anand Vihar, Delhi - DPCC",0
site_301,Delhi,Delhi,"Anand Vihar, Delhi - DPCC",2025-06-21 00:45:00+00:00,2025-06-21 00:45:00+00:00,30.1,78.0,0.6,143.0,,0.0,5.0,744.0,,co,1.09,"Anand Vihar, Delhi - DPCC",0
site_5024,Delhi,Delhi,"Alipur, Delhi - DPCC",2025-06-21 00:45:00+00:00,2025-06-21 00:45:00+00:00,30.3,75.0,,251.0,0.0,0.0,4.0,981.0,,benzene,0.2,"Alipur, Delhi - DPCC",0
site_301,Delhi,Delhi,"Anand Vihar, Delhi - DPCC",2025-06-21 00:45:00+00:00,2025-06-21 00:45:00+00:00,30.1,78.0,0.6,143.0,,0.0,5.0,744.0,,nh3,14.2,"Anand Vihar, Delhi - DPCC",0
site_5024,Delhi,Delhi,"Alipur, Delhi - DPCC",2025-06-21 00:45:00+00:00,2025-06-21 00:45:00+00:00,30.3,75.0,,251.0,0.0,0.0,4.0,981.0,,nh3,50.4,"Alipur, Delhi - DPCC",0
site_301,Delhi,Delhi,"Anand Vihar, Delhi - DPCC",2025-06-21 00:45:00+00:00,2025-06-21 00:45:00+00:00,30.1,78.0,0.6,143.0,,0.0,5.0,744.0,,no,12.0,"Anand Vihar, Delhi - DPCC",0
site_301,Delhi,Delhi,"Anand Vihar, Delhi - DPCC",2025-06-21 00:45:00+00:00,2025-06-21 00:45:00+00:00,30.1,78.0,0.6,143.0,,0.0,5.0,744.0,,no2,29.8,"Anand Vihar, Delhi - DPCC",0
site_301,Delhi,Delhi,"Anand Vihar, Delhi - DPCC",2025-06-21 00:45:00+00:00,2025-06-21 00:45:00+00:00,30.1,78.0,0.6,143.0,,0.0,5.0,744.0,,ozone,14.3,"Anand Vihar, Delhi - DPCC",0
site_5024,Delhi,Delhi,"Alipur, Delhi - DPCC",2025-06-21 00:45:00+00:00,2025-06-21 00:45:00+00:00,30.3,75.0,,251.0,0.0,0.0,4.0,981.0,,no,3.0,"Alipur, Delhi - DPCC",0
site_5024,Delhi,Delhi,"Alipur, Delhi - DPCC",2025-06-21 00:45:00+00:00,2025-06-21 00:45:00+00:00,30.3,75.0,,251.0,0.0,0.0,4.0,981.0,,no2,15.3,"Alipur, Delhi - DPCC",0
site_5024,Delhi,Delhi,"Alipur, Delhi - DPCC",2025-06-21 00:45:00+00:00,2025-06-21 00:45:00+00:00,30.3,75.0,,251.0,0.0,0.0,4.0,981.0,,ozone,17.8,"Alipur, Delhi - DPCC",0
site_104,Delhi,Delhi,"Burari Crossing, Delhi - IMD",2025-06-21 00:45:00+00:00,2025-06-21 00:45:00+00:00,,,,,,0.0,,,,no,16.97,"Burari Crossing, Delhi - IMD",0
site_5024,Delhi,Delhi,"Alipur, Delhi - DPCC",2025-06-21 00:45:00+00:00,2025-06-21 00:45:00+00:00,30.3,75.0,,251.0,0.0,0.0,4.0,981.0,,pm25,31.0,"Alipur, Delhi - DPCC",0
site_5024,Delhi,Delhi,"Alipur, Delhi - DPCC",2025-06-21 00:45:00+00:00,2025-06-21 00:45:00+00:00,30.3,75.0,,251.0,0.0,0.0,4.0,981.0,,so2,10.1,"Alipur, Delhi - DPCC",0
site_5024,Delhi,Delhi,"Alipur, Delhi - DPCC",2025-06-21 00:45:00+00:00,2025-06-21 00:45:00+00:00,30.3,75.0,,251.0,0.0,0.0,4.0,981.0,,toluene,0.1,"Alipur, Delhi - DPCC",0
site_301,Delhi,Delhi,"Anand Vihar, Delhi - DPCC",2025-06-21 00:45:00+00:00,2025-06-21 00:45:00+00:00,30.1,78.0,0.6,143.0,,0.0,5.0,744.0,,pm10,68.0,"Anand Vihar, Delhi - DPCC",0
site_301,Delhi,Delhi,"Anand Vihar, Delhi - DPCC",2025-06-21 00:45:00+00:00,2025-06-21 00:45:00+00:00,30.1,78.0,0.6,143.0,,0.0,5.0,744.0,,pm25,26.0,"Anand Vihar, Delhi - DPCC",0
site_301,Delhi,Delhi,"Anand Vihar, Delhi - DPCC",2025-06-21 00:45:00+00:00,2025-06-21 00:45:00+00:00,30.1,78.0,0.6,143.0,,0.0,5.0,744.0,,so2,32.8,"Anand Vihar, Delhi - DPCC",0
site_301,Delhi,Delhi,"Anand Vihar, Delhi - DPCC",2025-06-21 00:45:00+00:00,2025-06-21 00:45:00+00:00,30.1,78.0,0.6,143.0,,0.0,5.0,744.0,,toluene,49.4,"Anand Vihar, Delhi - DPCC",0
site_104,Delhi,Delhi,"Burari Crossing, Delhi - IMD",2025-06-21 00:45:00+00:00,2025-06-21 00:45:00+00:00,,,,,,0.0,,,,pm25,68.43,"Burari Crossing, Delhi - IMD",0
site_104,Delhi,Delhi,"Burari Crossing, Delhi - IMD",2025-06-21 00:45:00+00:00,2025-06-21 00:45:00+00:00,,,,,,0.0,,,,pm10,107.45,"Burari Crossing, Delhi - IMD",0
site_104,Delhi,Delhi,"Burari Crossing, Delhi - IMD",2025-06-21 00:45:00+00:00,2025-06-21 00:45:00+00:00,,,,,,0.0,,,,ozone,18.35,"Burari Crossing, Delhi - IMD",0
site_104,Delhi,Delhi,"Burari Crossing, Delhi - IMD",2025-06-21 00:45:00+00:00,2025-06-21 00:45:00+00:00,,,,,,0.0,,,,no2,43.54,"Burari Crossing, Delhi - IMD",0
site_104,Delhi,Delhi,"Burari Crossing, Delhi - IMD",2025-06-21 00:45:00+00:00,2025-06-21 00:45:00+00:00,,,,,,0.0,,,,co,0.83,"Burari Crossing, Delhi - IMD",0
site_5024,Delhi,Delhi,"Alipur, Delhi - DPCC",2025-06-21 00:45:00+00:00,2025-06-21 00:45:00+00:00,30.3,75.0,,251.0,0.0,0.0,4.0,981.0,,pm10,68.0,"Alipur, Delhi - DPCC",0
site_301,Delhi,Delhi,"Anand Vihar, Delhi - DPCC",2025-06-21 00:45:00+00:00,2025-06-21 00:45:00+00:00,30.1,78.0,0.6,143.0,,0.0,5.0,744.0,,benzene,1.4,"Anand Vihar, Delhi - DPCC",0
site_108,Delhi,Delhi,"Aya Nagar, Delhi - IMD",2025-06-21 00:45:00+00:00,2025-06-21 00:45:00+00:00,,,,,,0.0,,,,pm10,67.61,"Aya Nagar, Delhi - IMD",0
site_1560,Delhi,Delhi,"Bawana, Delhi - DPCC",2025-06-21 00:45:00+00:00,2025-06-21 00:45:00+00:00,30.9,79.0,2.6,98.0,0.0,0.0,5.0,991.0,,toluene,3.4,"Bawana, Delhi - DPCC",0
site_1560,Delhi,Delhi,"Bawana, Delhi - DPCC",2025-06-21 00:45:00+00:00,2025-06-21 00:45:00+00:00,30.9,79.0,2.6,98.0,0.0,0.0,5.0,991.0,,so2,4.3,"Bawana, Delhi - DPCC",0
site_1560,Delhi,Delhi,"Bawana, Delhi - DPCC",2025-06-21 00:45:00+00:00,2025-06-21 00:45:00+00:00,30.9,79.0,2.6,98.0,0.0,0.0,5.0,991.0,,pm25,44.0,"Bawana, Delhi - DPCC",0
site_1560,Delhi,Delhi,"Bawana, Delhi - DPCC",2025-06-21 00:45:00+00:00,2025-06-21 00:45:00+00:00,30.9,79.0,2.6,98.0,0.0,0.0,5.0,991.0,,pm10,69.0,"Bawana, Delhi - DPCC",0
site_1560,Delhi,Delhi,"Bawana, Delhi - DPCC",2025-06-21 00:45:00+00:00,2025-06-21 00:45:00+00:00,30.9,79.0,2.6,98.0,0.0,0.0,5.0,991.0,,ozone,9.2,"Bawana, Delhi - DPCC",0
site_1560,Delhi,Delhi,"Bawana, Delhi - DPCC",2025-06-21 00:45:00+00:00,2025-06-21 00:45:00+00:00,30.9,79.0,2.6,98.0,0.0,0.0,5.0,991.0,,no2,9.6,"Bawana, Delhi - DPCC",0
site_1560,Delhi,Delhi,"Bawana, Delhi - DPCC",2025-06-21 00:45:00+00:00,2025-06-21 00:45:00+00:00,30.9,79.0,2.6,98.0,0.0,0.0,5.0,991.0,,no,4.0,"Bawana, Delhi - DPCC",0
site_1560,Delhi,Delhi,"Bawana, Delhi - DPCC",2025-06-21 00:45:00+00:00,2025-06-21 00:45:00+00:00,30.9,79.0,2.6,98.0,0.0,0.0,5.0,991.0,,nh3,25.5,"Bawana, Delhi - DPCC",0
site_1560,Delhi,Delhi,"Bawana, Delhi - DPCC",2025-06-21 00:45:00+00:00,2025-06-21 00:45:00+00:00,30.9,79.0,2.6,98.0,0.0,0.0,5.0,991.0,,co,0.69,"Bawana, Delhi - DPCC",0
site_1560,Delhi,Delhi,"Bawana, Delhi - DPCC",2025-06-21 00:45:00+00:00,2025-06-21 00:45:00+00:00,30.9,79.0,2.6,98.0,0.0,0.0,5.0,991.0,,benzene,1.4,"Bawana, Delhi - DPCC",0
site_1420,Delhi,Delhi,"Ashok Vihar, Delhi - DPCC",2025-06-21 00:45:00+00:00,2025-06-21 00:45:00+00:00,30.0,79.0,3.0,90.0,0.0,0.0,10.0,982.0,,toluene,0.9,"Ashok Vihar, Delhi - DPCC",0
site_1420,Delhi,Delhi,"Ashok Vihar, Delhi - DPCC",2025-06-21 00:45:00+00:00,2025-06-21 00:45:00+00:00,30.0,79.0,3.0,90.0,0.0,0.0,10.0,982.0,,so2,16.0,"Ashok Vihar, Delhi - DPCC",0
site_1420,Delhi,Delhi,"Ashok Vihar, Delhi - DPCC",2025-06-21 00:45:00+00:00,2025-06-21 00:45:00+00:00,30.0,79.0,3.0,90.0,0.0,0.0,10.0,982.0,,pm25,39.0,"Ashok Vihar, Delhi - DPCC",0
site_108,Delhi,Delhi,"Aya Nagar, Delhi - IMD",2025-06-21 00:45:00+00:00,2025-06-21 00:45:00+00:00,,,,,,0.0,,,,pm25,17.28,"Aya Nagar, Delhi - IMD",0
site_5024,Delhi,Delhi,"Alipur, Delhi - DPCC",2025-06-21 00:45:00+00:00,2025-06-21 00:45:00+00:00,30.3,75.0,,251.0,0.0,0.0,4.0,981.0,,co,0.69,"Alipur, Delhi - DPCC",0
site_108,Delhi,Delhi,"Aya Nagar, Delhi - IMD",2025-06-21 00:45:00+00:00,2025-06-21 00:45:00+00:00,,,,,,0.0,,,,co,1.01,"Aya Nagar, Delhi - IMD",0
site_1420,Delhi,Delhi,"Ashok Vihar, Delhi - DPCC",2025-06-21 00:45:00+00:00,2025-06-21 00:45:00+00:00,30.0,79.0,3.0,90.0,0.0,0.0,10.0,982.0,,no2,25.1,"Ashok Vihar, Delhi - DPCC",0
site_1420,Delhi,Delhi,"Ashok Vihar, Delhi - DPCC",2025-06-21 00:45:00+00:00,2025-06-21 00:45:00+00:00,30.0,79.0,3.0,90.0,0.0,0.0,10.0,982.0,,no,3.9,"Ashok Vihar, Delhi - DPCC",0
site_1420,Delhi,Delhi,"Ashok Vihar, Delhi - DPCC",2025-06-21 00:45:00+00:00,2025-06-21 00:45:00+00:00,30.0,79.0,3.0,90.0,0.0,0.0,10.0,982.0,,nh3,30.0,"Ashok Vihar, Delhi - DPCC",0
site_1420,Delhi,Delhi,"Ashok Vihar, Delhi - DPCC",2025-06-21 00:45:00+00:00,2025-06-21 00:45:00+00:00,30.0,79.0,3.0,90.0,0.0,0.0,10.0,982.0,,pm10,80.0,"Ashok Vihar, Delhi - DPCC",0
site_108,Delhi,Delhi,"Aya Nagar, Delhi - IMD",2025-06-21 00:45:00+00:00,2025-06-21 00:45:00+00:00,,,,,,0.0,,,,ozone,27.82,"Aya Nagar, Delhi - IMD",0
site_108,Delhi,Delhi,"Aya Nagar, Delhi - IMD",2025-06-21 00:45:00+00:00,2025-06-21 00:45:00+00:00,,,,,,0.0,,,,no2,10.85,"Aya Nagar, Delhi - IMD",0
site_108,Delhi,Delhi,"Aya Nagar, Delhi - IMD",2025-06-21 00:45:00+00:00,2025-06-21 00:45:00+00:00,,,,,,0.0,,,,no,10.92,"Aya Nagar, Delhi - IMD",0
site_1420,Delhi,Delhi,"Ashok Vihar, Delhi - DPCC",2025-06-21 00:45:00+00:00,2025-06-21 00:45:00+00:00,30.0,79.0,3.0,90.0,0.0,0.0,10.0,982.0,,ozone,5.5,"Ashok Vihar, Delhi - DPCC",0
site_1420,Delhi,Delhi,"Ashok Vihar, Delhi - DPCC",2025-06-21 00:45:00+00:00,2025-06-21 00:45:00+00:00,30.0,79.0,3.0,90.0,0.0,0.0,10.0,982.0,,benzene,0.1,"Ashok Vihar, Delhi - DPCC",0
site_1420,Delhi,Delhi,"Ashok Vihar, Delhi - DPCC",2025-06-21 00:45:00+00:00,2025-06-21 00:45:00+00:00,30.0,79.0,3.0,90.0,0.0,0.0,10.0,982.0,,co,0.84,"Ashok Vihar, Delhi - DPCC",0
site_5024,Delhi,Delhi,"Alipur, Delhi - DPCC",2025-06-21 01:00:00+00:00,2025-06-21 01:00:00+00:00,30.4,74.0,,277.0,0.0,0.0,4.0,980.0,,no2,14.8,"Alipur, Delhi - DPCC",1
site_1420,Delhi,Delhi,"Ashok Vihar, Delhi - DPCC",2025-06-21 01:00:00+00:00,2025-06-21 01:00:00+00:00,30.0,79.0,2.6,103.0,0.0,0.0,10.0,982.0,,pm25,59.0,"Ashok Vihar, Delhi - DPCC",1
site_1420,Delhi,Delhi,"Ashok Vihar, Delhi - DPCC",2025-06-21 01:00:00+00:00,2025-06-21 01:00:00+00:00,30.0,79.0,2.6,103.0,0.0,0.0,10.0,982.0,,so2,15.0,"Ashok Vihar, Delhi - DPCC",1
site_1420,Delhi,Delhi,"Ashok Vihar, Delhi - DPCC",2025-06-21 01:00:00+00:00,2025-06-21 01:00:00+00:00,30.0,79.0,2.6,103.0,0.0,0.0,10.0,982.0,,toluene,1.0,"Ashok Vihar, Delhi - DPCC",1
site_1420,Delhi,Delhi,"Ashok Vihar, Delhi - DPCC",2025-06-21 01:00:00+00:00,2025-06-21 01:00:00+00:00,30.0,79.0,2.6,103.0,0.0,0.0,10.0,982.0,,pm10,83.0,"Ashok Vihar, Delhi - DPCC",1
site_1420,Delhi,Delhi,"Ashok Vihar, Delhi - DPCC",2025-06-21 01:00:00+00:00,2025-06-21 01:00:00+00:00,30.0,79.0,2.6,103.0,0.0,0.0,10.0,982.0,,ozone,4.4,"Ashok Vihar, Delhi - DPCC",1
site_1420,Delhi,Delhi,"Ashok Vihar, Delhi - DPCC",2025-06-21 01:00:00+00:00,2025-06-21 01:00:00+00:00,30.0,79.0,2.6,103.0,0.0,0.0,10.0,982.0,,no2,24.5,"Ashok Vihar, Delhi - DPCC",1
site_1420,Delhi,Delhi,"Ashok Vihar, Delhi - DPCC",2025-06-21 01:00:00+00:00,2025-06-21 01:00:00+00:00,30.0,79.0,2.6,103.0,0.0,0.0,10.0,982.0,,no,4.2,"Ashok Vihar, Delhi - DPCC",1
site_1420,Delhi,Delhi,"Ashok Vihar, Delhi - DPCC",2025-06-21 01:00:00+00:00,2025-06-21 01:00:00+00:00,30.0,79.0,2.6,103.0,0.0,0.0,10.0,982.0,,nh3,30.7,"Ashok Vihar, Delhi - DPCC",1
site_1420,Delhi,Delhi,"Ashok Vihar, Delhi - DPCC",2025-06-21 01:00:00+00:00,2025-06-21 01:00:00+00:00,30.0,79.0,2.6,103.0,0.0,0.0,10.0,982.0,,co,0.84,"Ashok Vihar, Delhi - DPCC",1
site_1420,Delhi,Delhi,"Ashok Vihar, Delhi - DPCC",2025-06-21 01:00:00+00:00,2025-06-21 01:00:00+00:00,30.0,79.0,2.6,103.0,0.0,0.0,10.0,982.0,,benzene,0.1,"Ashok Vihar, Delhi - DPCC",1
site_5024,Delhi,Delhi,"Alipur, Delhi - DPCC",2025-06-21 01:00:00+00:00,2025-06-21 01:00:00+00:00,30.4,74.0,,277.0,0.0,0.0,4.0,980.0,,benzene,0.2,"Alipur, Delhi - DPCC",1
site_5024,Delhi,Delhi,"Alipur, Delhi - DPCC",2025-06-21 01:00:00+00:00,2025-06-21 01:00:00+00:00,30.4,74.0,,277.0,0.0,0.0,4.0,980.0,,co,1.63,"Alipur, Delhi - DPCC",1
site_5024,Delhi,Delhi,"Alipur, Delhi - DPCC",2025-06-21 01:00:00+00:00,2025-06-21 01:00:00+00:00,30.4,74.0,,277.0,0.0,0.0,4.0,980.0,,nh3,50.2,"Alipur, Delhi - DPCC",1
site_1560,Delhi,Delhi,"Bawana, Delhi - DPCC",2025-06-21 01:00:00+00:00,2025-06-21 01:00:00+00:00,30.9,79.0,2.5,104.0,0.0,0.0,6.0,991.0,,toluene,3.1,"Bawana, Delhi - DPCC",1
site_1560,Delhi,Delhi,"Bawana, Delhi - DPCC",2025-06-21 01:00:00+00:00,2025-06-21 01:00:00+00:00,30.9,79.0,2.5,104.0,0.0,0.0,6.0,991.0,,ozone,7.9,"Bawana, Delhi - DPCC",1
site_5024,Delhi,Delhi,"Alipur, Delhi - DPCC",2025-06-21 01:00:00+00:00,2025-06-21 01:00:00+00:00,30.4,74.0,,277.0,0.0,0.0,4.0,980.0,,toluene,0.1,"Alipur, Delhi - DPCC",1
site_5024,Delhi,Delhi,"Alipur, Delhi - DPCC",2025-06-21 01:00:00+00:00,2025-06-21 01:00:00+00:00,30.4,74.0,,277.0,0.0,0.0,4.0,980.0,,so2,8.8,"Alipur, Delhi - DPCC",1
site_5024,Delhi,Delhi,"Alipur, Delhi - DPCC",2025-06-21 01:00:00+00:00,2025-06-21 01:00:00+00:00,30.4,74.0,,277.0,0.0,0.0,4.0,980.0,,pm25,33.0,"Alipur, Delhi - DPCC",1
site_5024,Delhi,Delhi,"Alipur, Delhi - DPCC",2025-06-21 01:00:00+00:00,2025-06-21 01:00:00+00:00,30.4,74.0,,277.0,0.0,0.0,4.0,980.0,,pm10,61.0,"Alipur, Delhi - DPCC",1
site_5024,Delhi,Delhi,"Alipur, Delhi - DPCC",2025-06-21 01:00:00+00:00,2025-06-21 01:00:00+00:00,30.4,74.0,,277.0,0.0,0.0,4.0,980.0,,ozone,17.8,"Alipur, Delhi - DPCC",1
site_5024,Delhi,Delhi,"Alipur, Delhi - DPCC",2025-06-21 01:00:00+00:00,2025-06-21 01:00:00+00:00,30.4,74.0,,277.0,0.0,0.0,4.0,980.0,,no,2.9,"Alipur, Delhi - DPCC",1
site_1560,Delhi,Delhi,"Bawana, Delhi - DPCC",2025-06-21 01:00:00+00:00,2025-06-21 01:00:00+00:00,30.9,79.0,2.5,104.0,0.0,0.0,6.0,991.0,,so2,4.2,"Bawana, Delhi - DPCC",1
site_1560,Delhi,Delhi,"Bawana, Delhi - DPCC",2025-06-21 01:00:00+00:00,2025-06-21 01:00:00+00:00,30.9,79.0,2.5,104.0,0.0,0.0,6.0,991.0,,no2,7.6,"Bawana, Delhi - DPCC",1
site_301,Delhi,Delhi,"Anand Vihar, Delhi - DPCC",2025-06-21 01:00:00+00:00,2025-06-21 01:00:00+00:00,30.0,78.0,0.5,124.0,,0.0,5.0,744.0,,benzene,1.2,"Anand Vihar, Delhi - DPCC",1
site_301,Delhi,Delhi,"Anand Vihar, Delhi - DPCC",2025-06-21 01:00:00+00:00,2025-06-21 01:00:00+00:00,30.0,78.0,0.5,124.0,,0.0,5.0,744.0,,pm25,21.0,"Anand Vihar, Delhi - DPCC",1
site_301,Delhi,Delhi,"Anand Vihar, Delhi - DPCC",2025-06-21 01:00:00+00:00,2025-06-21 01:00:00+00:00,30.0,78.0,0.5,124.0,,0.0,5.0,744.0,,pm10,46.0,"Anand Vihar, Delhi - DPCC",1
site_301,Delhi,Delhi,"Anand Vihar, Delhi - DPCC",2025-06-21 01:00:00+00:00,2025-06-21 01:00:00+00:00,30.0,78.0,0.5,124.0,,0.0,5.0,744.0,,ozone,15.0,"Anand Vihar, Delhi - DPCC",1
site_301,Delhi,Delhi,"Anand Vihar, Delhi - DPCC",2025-06-21 01:00:00+00:00,2025-06-21 01:00:00+00:00,30.0,78.0,0.5,124.0,,0.0,5.0,744.0,,no2,23.6,"Anand Vihar, Delhi - DPCC",1
site_1560,Delhi,Delhi,"Bawana, Delhi - DPCC",2025-06-21 01:00:00+00:00,2025-06-21 01:00:00+00:00,30.9,79.0,2.5,104.0,0.0,0.0,6.0,991.0,,pm25,46.0,"Bawana, Delhi - DPCC",1
site_301,Delhi,Delhi,"Anand Vihar, Delhi - DPCC",2025-06-21 01:00:00+00:00,2025-06-21 01:00:00+00:00,30.0,78.0,0.5,124.0,,0.0,5.0,744.0,,no,9.4,"Anand Vihar, Delhi - DPCC",1
site_301,Delhi,Delhi,"Anand Vihar, Delhi - DPCC",2025-06-21 01:00:00+00:00,2025-06-21 01:00:00+00:00,30.0,78.0,0.5,124.0,,0.0,5.0,744.0,,nh3,16.4,"Anand Vihar, Delhi - DPCC",1
site_301,Delhi,Delhi,"Anand Vihar, Delhi - DPCC",2025-06-21 01:00:00+00:00,2025-06-21 01:00:00+00:00,30.0,78.0,0.5,124.0,,0.0,5.0,744.0,,co,1.04,"Anand Vihar, Delhi - DPCC",1
site_108,Delhi,Delhi,"Aya Nagar, Delhi - IMD",2025-06-21 01:00:00+00:00,2025-06-21 01:00:00+00:00,,,,,,0.0,,,,co,1.01,"Aya Nagar, Delhi - IMD",1
site_1560,Delhi,Delhi,"Bawana, Delhi - DPCC",2025-06-21 01:00:00+00:00,2025-06-21 01:00:00+00:00,30.9,79.0,2.5,104.0,0.0,0.0,6.0,991.0,,pm10,75.0,"Bawana, Delhi - DPCC",1
site_1560,Delhi,Delhi,"Bawana, Delhi - DPCC",2025-06-21 01:00:00+00:00,2025-06-21 01:00:00+00:00,30.9,79.0,2.5,104.0,0.0,0.0,6.0,991.0,,benzene,1.5,"Bawana, Delhi - DPCC",1
site_1560,Delhi,Delhi,"Bawana, Delhi - DPCC",2025-06-21 01:00:00+00:00,2025-06-21 01:00:00+00:00,30.9,79.0,2.5,104.0,0.0,0.0,6.0,991.0,,co,0.68,"Bawana, Delhi - DPCC",1
site_1560,Delhi,Delhi,"Bawana, Delhi - DPCC",2025-06-21 01:00:00+00:00,2025-06-21 01:00:00+00:00,30.9,79.0,2.5,104.0,0.0,0.0,6.0,991.0,,nh3,26.4,"Bawana, Delhi - DPCC",1
site_1560,Delhi,Delhi,"Bawana, Delhi - DPCC",2025-06-21 01:00:00+00:00,2025-06-21 01:00:00+00:00,30.9,79.0,2.5,104.0,0.0,0.0,6.0,991.0,,no,3.9,"Bawana, Delhi - DPCC",1
site_108,Delhi,Delhi,"Aya Nagar, Delhi - IMD",2025-06-21 01:00:00+00:00,2025-06-21 01:00:00+00:00,,,,,,0.0,,,,no,9.03,"Aya Nagar, Delhi - IMD",1
site_108,Delhi,Delhi,"Aya Nagar, Delhi - IMD",2025-06-21 01:00:00+00:00,2025-06-21 01:00:00+00:00,,,,,,0.0,,,,no2,10.8,"Aya Nagar, Delhi - IMD",1
site_108,Delhi,Delhi,"Aya Nagar, Delhi - IMD",2025-06-21 01:00:00+00:00,2025-06-21 01:00:00+00:00,,,,,,0.0,,,,ozone,27.7,"Aya Nagar, Delhi - IMD",1
site_108,Delhi,Delhi,"Aya Nagar, Delhi - IMD",2025-06-21 01:00:00+00:00,2025-06-21 01:00:00+00:00,,,,,,0.0,,,,pm10,58.24,"Aya Nagar, Delhi - IMD",1
site_108,Delhi,Delhi,"Aya Nagar, Delhi - IMD",2025-06-21 01:00:00+00:00,2025-06-21 01:00:00+00:00,,,,,,0.0,,,,pm25,9.3,"Aya Nagar, Delhi - IMD",1
site_104,Delhi,Delhi,"Burari Crossing, Delhi - IMD",2025-06-21 01:00:00+00:00,2025-06-21 01:00:00+00:00,,,,,,0.0,,,,pm25,59.03,"Burari Crossing, Delhi - IMD",1
site_104,Delhi,Delhi,"Burari Crossing, Delhi - IMD",2025-06-21 01:00:00+00:00,2025-06-21 01:00:00+00:00,,,,,,0.0,,,,pm10,91.14,"Burari Crossing, Delhi - IMD",1
site_104,Delhi,Delhi,"Burari Crossing, Delhi - IMD",2025-06-21 01:00:00+00:00,2025-06-21 01:00:00+00:00,,,,,,0.0,,,,ozone,17.35,"Burari Crossing, Delhi - IMD",1
site_104,Delhi,Delhi,"Burari Crossing, Delhi - IMD",2025-06-21 01:00:00+00:00,2025-06-21 01:00:00+00:00,,,,,,0.0,,,,no2,44.21,"Burari Crossing, Delhi - IMD",1
site_104,Delhi,Delhi,"Burari Crossing, Delhi - IMD",2025-06-21 01:00:00+00:00,2025-06-21 01:00:00+00:00,,,,,,0.0,,,,no,16.46,"Burari Crossing, Delhi - IMD",1
site_104,Delhi,Delhi,"Burari Crossing, Delhi - IMD",2025-06-21 01:00:00+00:00,2025-06-21 01:00:00+00:00,,,,,,0.0,,,,co,0.82,"Burari Crossing, Delhi - IMD",1
site_301,Delhi,Delhi,"Anand Vihar, Delhi - DPCC",2025-06-21 01:00:00+00:00,2025-06-21 01:00:00+00:00,30.0,78.0,0.5,124.0,,0.0,5.0,744.0,,toluene,41.8,"Anand Vihar, Delhi - DPCC",1
site_301,Delhi,Delhi,"Anand Vihar, Delhi - DPCC",2025-06-21 01:00:00+00:00,2025-06-21 01:00:00+00:00,30.0,78.0,0.5,124.0,,0.0,5.0,744.0,,so2,35.0,"Anand Vihar, Delhi - DPCC",1
site_108,Delhi,Delhi,"Aya Nagar, Delhi - IMD",2025-06-21 01:15:00+00:00,2025-06-21 01:15:00+00:00,,,,,,0.0,,,,co,0.99,"Aya Nagar, Delhi - IMD",1
site_108,Delhi,Delhi,"Aya Nagar, Delhi - IMD",2025-06-21 01:15:00+00:00,2025-06-21 01:15:00+00:00,,,,,,0.0,,,,no,7.56,"Aya Nagar, Delhi - IMD",1
site_108,Delhi,Delhi,"Aya Nagar, Delhi - IMD",2025-06-21 01:15:00+00:00,2025-06-21 01:15:00+00:00,,,,,,0.0,,,,no2,9.29,"Aya Nagar, Delhi - IMD",1
site_108,Delhi,Delhi,"Aya Nagar, Delhi - IMD",2025-06-21 01:15:00+00:00,2025-06-21 01:15:00+00:00,,,,,,0.0,,,,ozone,28.99,"Aya Nagar, Delhi - IMD",1
site_301,Delhi,Delhi,"Anand Vihar, Delhi - DPCC",2025-06-21 01:15:00+00:00,2025-06-21 01:15:00+00:00,30.0,78.0,0.8,104.0,,0.0,5.0,744.0,,no2,23.6,"Anand Vihar, Delhi - DPCC",1
site_301,Delhi,Delhi,"Anand Vihar, Delhi - DPCC",2025-06-21 01:15:00+00:00,2025-06-21 01:15:00+00:00,30.0,78.0,0.8,104.0,,0.0,5.0,744.0,,co,1.02,"Anand Vihar, Delhi - DPCC",1
site_1420,Delhi,Delhi,"Ashok Vihar, Delhi - DPCC",2025-06-21 01:15:00+00:00,2025-06-21 01:15:00+00:00,30.0,79.0,3.2,85.0,0.0,0.0,10.0,982.0,,toluene,1.2,"Ashok Vihar, Delhi - DPCC",1
site_1420,Delhi,Delhi,"Ashok Vihar, Delhi - DPCC",2025-06-21 01:15:00+00:00,2025-06-21 01:15:00+00:00,30.0,79.0,3.2,85.0,0.0,0.0,10.0,982.0,,so2,13.2,"Ashok Vihar, Delhi - DPCC",1
site_1420,Delhi,Delhi,"Ashok Vihar, Delhi - DPCC",2025-06-21 01:15:00+00:00,2025-06-21 01:15:00+00:00,30.0,79.0,3.2,85.0,0.0,0.0,10.0,982.0,,pm25,59.0,"Ashok Vihar, Delhi - DPCC",1
site_1420,Delhi,Delhi,"Ashok Vihar, Delhi - DPCC",2025-06-21 01:15:00+00:00,2025-06-21 01:15:00+00:00,30.0,79.0,3.2,85.0,0.0,0.0,10.0,982.0,,pm10,83.0,"Ashok Vihar, Delhi - DPCC",1
site_1420,Delhi,Delhi,"Ashok Vihar, Delhi - DPCC",2025-06-21 01:15:00+00:00,2025-06-21 01:15:00+00:00,30.0,79.0,3.2,85.0,0.0,0.0,10.0,982.0,,no2,20.6,"Ashok Vihar, Delhi - DPCC",1
site_1420,Delhi,Delhi,"Ashok Vihar, Delhi - DPCC",2025-06-21 01:15:00+00:00,2025-06-21 01:15:00+00:00,30.0,79.0,3.2,85.0,0.0,0.0,10.0,982.0,,no,4.9,"Ashok Vihar, Delhi - DPCC",1
site_1420,Delhi,Delhi,"Ashok Vihar, Delhi - DPCC",2025-06-21 01:15:00+00:00,2025-06-21 01:15:00+00:00,30.0,79.0,3.2,85.0,0.0,0.0,10.0,982.0,,nh3,31.4,"Ashok Vihar, Delhi - DPCC",1
site_1420,Delhi,Delhi,"Ashok Vihar, Delhi - DPCC",2025-06-21 01:15:00+00:00,2025-06-21 01:15:00+00:00,30.0,79.0,3.2,85.0,0.0,0.0,10.0,982.0,,co,0.86,"Ashok Vihar, Delhi - DPCC",1
site_1420,Delhi,Delhi,"Ashok Vihar, Delhi - DPCC",2025-06-21 01:15:00+00:00,2025-06-21 01:15:00+00:00,30.0,79.0,3.2,85.0,0.0,0.0,10.0,982.0,,benzene,0.1,"Ashok Vihar, Delhi - DPCC",1
site_301,Delhi,Delhi,"Anand Vihar, Delhi - DPCC",2025-06-21 01:15:00+00:00,2025-06-21 01:15:00+00:00,30.0,78.0,0.8,104.0,,0.0,5.0,744.0,,toluene,36.7,"Anand Vihar, Delhi - DPCC",1
site_301,Delhi,Delhi,"Anand Vihar, Delhi - DPCC",2025-06-21 01:15:00+00:00,2025-06-21 01:15:00+00:00,30.0,78.0,0.8,104.0,,0.0,5.0,744.0,,so2,32.0,"Anand Vihar, Delhi - DPCC",1
site_301,Delhi,Delhi,"Anand Vihar, Delhi - DPCC",2025-06-21 01:15:00+00:00,2025-06-21 01:15:00+00:00,30.0,78.0,0.8,104.0,,0.0,5.0,744.0,,pm25,21.0,"Anand Vihar, Delhi - DPCC",1
site_301,Delhi,Delhi,"Anand Vihar, Delhi - DPCC",2025-06-21 01:15:00+00:00,2025-06-21 01:15:00+00:00,30.0,78.0,0.8,104.0,,0.0,5.0,744.0,,pm10,46.0,"Anand Vihar, Delhi - DPCC",1
site_301,Delhi,Delhi,"Anand Vihar, Delhi - DPCC",2025-06-21 01:15:00+00:00,2025-06-21 01:15:00+00:00,30.0,78.0,0.8,104.0,,0.0,5.0,744.0,,no,10.7,"Anand Vihar, Delhi - DPCC",1
site_301,Delhi,Delhi,"Anand Vihar, Delhi - DPCC",2025-06-21 01:15:00+00:00,2025-06-21 01:15:00+00:00,30.0,78.0,0.8,104.0,,0.0,5.0,744.0,,nh3,14.3,"Anand Vihar, Delhi - DPCC",1
site_301,Delhi,Delhi,"Anand Vihar, Delhi - DPCC",2025-06-21 01:15:00+00:00,2025-06-21 01:15:00+00:00,30.0,78.0,0.8,104.0,,0.0,5.0,744.0,,benzene,1.1,"Anand Vihar, Delhi - DPCC",1
site_108,Delhi,Delhi,"Aya Nagar, Delhi - IMD",2025-06-21 01:15:00+00:00,2025-06-21 01:15:00+00:00,,,,,,0.0,,,,pm25,11.89,"Aya Nagar, Delhi - IMD",1
site_108,Delhi,Delhi,"Aya Nagar, Delhi - IMD",2025-06-21 01:15:00+00:00,2025-06-21 01:15:00+00:00,,,,,,0.0,,,,pm10,60.38,"Aya Nagar, Delhi - IMD",1
site_1560,Delhi,Delhi,"Bawana, Delhi - DPCC",2025-06-21 01:15:00+00:00,2025-06-21 01:15:00+00:00,30.9,79.0,2.0,99.0,0.0,0.0,5.0,991.0,,benzene,1.4,"Bawana, Delhi - DPCC",1
site_1560,Delhi,Delhi,"Bawana, Delhi - DPCC",2025-06-21 01:15:00+00:00,2025-06-21 01:15:00+00:00,30.9,79.0,2.0,99.0,0.0,0.0,5.0,991.0,,pm25,46.0,"Bawana, Delhi - DPCC",1
site_1560,Delhi,Delhi,"Bawana, Delhi - DPCC",2025-06-21 01:15:00+00:00,2025-06-21 01:15:00+00:00,30.9,79.0,2.0,99.0,0.0,0.0,5.0,991.0,,pm10,75.0,"Bawana, Delhi - DPCC",1
site_1560,Delhi,Delhi,"Bawana, Delhi - DPCC",2025-06-21 01:15:00+00:00,2025-06-21 01:15:00+00:00,30.9,79.0,2.0,99.0,0.0,0.0,5.0,991.0,,no2,8.5,"Bawana, Delhi - DPCC",1
site_1560,Delhi,Delhi,"Bawana, Delhi - DPCC",2025-06-21 01:15:00+00:00,2025-06-21 01:15:00+00:00,30.9,79.0,2.0,99.0,0.0,0.0,5.0,991.0,,no,4.3,"Bawana, Delhi - DPCC",1
site_1560,Delhi,Delhi,"Bawana, Delhi - DPCC",2025-06-21 01:15:00+00:00,2025-06-21 01:15:00+00:00,30.9,79.0,2.0,99.0,0.0,0.0,5.0,991.0,,nh3,24.8,"Bawana, Delhi - DPCC",1
site_1560,Delhi,Delhi,"Bawana, Delhi - DPCC",2025-06-21 01:15:00+00:00,2025-06-21 01:15:00+00:00,30.9,79.0,2.0,99.0,0.0,0.0,5.0,991.0,,co,0.68,"Bawana, Delhi - DPCC",1
site_104,Delhi,Delhi,"Burari Crossing, Delhi - IMD",2025-06-21 01:15:00+00:00,2025-06-21 01:15:00+00:00,,,,,,0.0,,,,no,11.89,"Burari Crossing, Delhi - IMD",1
site_104,Delhi,Delhi,"Burari Crossing, Delhi - IMD",2025-06-21 01:15:00+00:00,2025-06-21 01:15:00+00:00,,,,,,0.0,,,,co,0.81,"Burari Crossing, Delhi - IMD",1
site_5024,Delhi,Delhi,"Alipur, Delhi - DPCC",2025-06-21 01:15:00+00:00,2025-06-21 01:15:00+00:00,30.4,74.0,,285.0,0.0,0.0,4.0,980.0,,toluene,0.2,"Alipur, Delhi - DPCC",1
site_5024,Delhi,Delhi,"Alipur, Delhi - DPCC",2025-06-21 01:15:00+00:00,2025-06-21 01:15:00+00:00,30.4,74.0,,285.0,0.0,0.0,4.0,980.0,,so2,9.6,"Alipur, Delhi - DPCC",1
site_5024,Delhi,Delhi,"Alipur, Delhi - DPCC",2025-06-21 01:15:00+00:00,2025-06-21 01:15:00+00:00,30.4,74.0,,285.0,0.0,0.0,4.0,980.0,,pm25,33.0,"Alipur, Delhi - DPCC",1
site_5024,Delhi,Delhi,"Alipur, Delhi - DPCC",2025-06-21 01:15:00+00:00,2025-06-21 01:15:00+00:00,30.4,74.0,,285.0,0.0,0.0,4.0,980.0,,pm10,61.0,"Alipur, Delhi - DPCC",1
site_5024,Delhi,Delhi,"Alipur, Delhi - DPCC",2025-06-21 01:15:00+00:00,2025-06-21 01:15:00+00:00,30.4,74.0,,285.0,0.0,0.0,4.0,980.0,,no2,14.5,"Alipur, Delhi - DPCC",1
site_1560,Delhi,Delhi,"Bawana, Delhi - DPCC",2025-06-21 01:15:00+00:00,2025-06-21 01:15:00+00:00,30.9,79.0,2.0,99.0,0.0,0.0,5.0,991.0,,so2,4.1,"Bawana, Delhi - DPCC",1
site_5024,Delhi,Delhi,"Alipur, Delhi - DPCC",2025-06-21 01:15:00+00:00,2025-06-21 01:15:00+00:00,30.4,74.0,,285.0,0.0,0.0,4.0,980.0,,no,3.2,"Alipur, Delhi - DPCC",1
site_104,Delhi,Delhi,"Burari Crossing, Delhi - IMD",2025-06-21 01:15:00+00:00,2025-06-21 01:15:00+00:00,,,,,,0.0,,,,pm25,49.03,"Burari Crossing, Delhi - IMD",1
site_5024,Delhi,Delhi,"Alipur, Delhi - DPCC",2025-06-21 01:15:00+00:00,2025-06-21 01:15:00+00:00,30.4,74.0,,285.0,0.0,0.0,4.0,980.0,,nh3,50.8,"Alipur, Delhi - DPCC",1
site_104,Delhi,Delhi,"Burari Crossing, Delhi - IMD",2025-06-21 01:15:00+00:00,2025-06-21 01:15:00+00:00,,,,,,0.0,,,,pm10,82.91,"Burari Crossing, Delhi - IMD",1
site_104,Delhi,Delhi,"Burari Crossing, Delhi - IMD",2025-06-21 01:15:00+00:00,2025-06-21 01:15:00+00:00,,,,,,0.0,,,,ozone,18.16,"Burari Crossing, Delhi - IMD",1
site_1560,Delhi,Delhi,"Bawana, Delhi - DPCC",2025-06-21 01:15:00+00:00,2025-06-21 01:15:00+00:00,30.9,79.0,2.0,99.0,0.0,0.0,5.0,991.0,,toluene,3.1,"Bawana, Delhi - DPCC",1
site_104,Delhi,Delhi,"Burari Crossing, Delhi - IMD",2025-06-21 01:15:00+00:00,2025-06-21 01:15:00+00:00,,,,,,0.0,,,,no2,42.06,"Burari Crossing, Delhi - IMD",1
site_5024,Delhi,Delhi,"Alipur, Delhi - DPCC",2025-06-21 01:15:00+00:00,2025-06-21 01:15:00+00:00,30.4,74.0,,285.0,0.0,0.0,4.0,980.0,,benzene,0.2,"Alipur, Delhi - DPCC",1
site_5024,Delhi,Delhi,"Alipur, Delhi - DPCC",2025-06-21 01:15:00+00:00,2025-06-21 01:15:00+00:00,30.4,74.0,,285.0,0.0,0.0,4.0,980.0,,co,1.63,"Alipur, Delhi - DPCC",1
site_1420,Delhi,Delhi,"Ashok Vihar, Delhi - DPCC",2025-06-21 01:30:00+00:00,2025-06-21 01:30:00+00:00,29.9,80.0,3.3,90.0,0.0,0.0,10.0,982.0,,co,0.8,"Ashok Vihar, Delhi - DPCC",1
site_1420,Delhi,Delhi,"Ashok Vihar, Delhi - DPCC",2025-06-21 01:30:00+00:00,2025-06-21 01:30:00+00:00,29.9,80.0,3.3,90.0,0.0,0.0,10.0,982.0,,benzene,0.1,"Ashok Vihar, Delhi - DPCC",1
site_1420,Delhi,Delhi,"Ashok Vihar, Delhi - DPCC",2025-06-21 01:30:00+00:00,2025-06-21 01:30:00+00:00,29.9,80.0,3.3,90.0,0.0,0.0,10.0,982.0,,no2,19.6,"Ashok Vihar, Delhi - DPCC",1
site_1420,Delhi,Delhi,"Ashok Vihar, Delhi - DPCC",2025-06-21 01:30:00+00:00,2025-06-21 01:30:00+00:00,29.9,80.0,3.3,90.0,0.0,0.0,10.0,982.0,,pm10,83.0,"Ashok Vihar, Delhi - DPCC",1
site_1420,Delhi,Delhi,"Ashok Vihar, Delhi - DPCC",2025-06-21 01:30:00+00:00,2025-06-21 01:30:00+00:00,29.9,80.0,3.3,90.0,0.0,0.0,10.0,982.0,,pm25,59.0,"Ashok Vihar, Delhi - DPCC",1
site_1420,Delhi,Delhi,"Ashok Vihar, Delhi - DPCC",2025-06-21 01:30:00+00:00,2025-06-21 01:30:00+00:00,29.9,80.0,3.3,90.0,0.0,0.0,10.0,982.0,,so2,12.5,"Ashok Vihar, Delhi - DPCC",1
site_1420,Delhi,Delhi,"Ashok Vihar, Delhi - DPCC",2025-06-21 01:30:00+00:00,2025-06-21 01:30:00+00:00,29.9,80.0,3.3,90.0,0.0,0.0,10.0,982.0,,toluene,1.4,"Ashok Vihar, Delhi - DPCC",1
site_104,Delhi,Delhi,"Burari Crossing, Delhi - IMD",2025-06-21 01:30:00+00:00,2025-06-21 01:30:00+00:00,,,,,,0.0,,,,pm10,78.89,"Burari Crossing, Delhi - IMD",1
site_104,Delhi,Delhi,"Burari Crossing, Delhi - IMD",2025-06-21 01:30:00+00:00,2025-06-21 01:30:00+00:00,,,,,,0.0,,,,pm25,45.46,"Burari Crossing, Delhi - IMD",1
site_1420,Delhi,Delhi,"Ashok Vihar, Delhi - DPCC",2025-06-21 01:30:00+00:00,2025-06-21 01:30:00+00:00,29.9,80.0,3.3,90.0,0.0,0.0,10.0,982.0,,no,4.5,"Ashok Vihar, Delhi - DPCC",1
site_1420,Delhi,Delhi,"Ashok Vihar, Delhi - DPCC",2025-06-21 01:30:00+00:00,2025-06-21 01:30:00+00:00,29.9,80.0,3.3,90.0,0.0,0.0,10.0,982.0,,nh3,36.9,"Ashok Vihar, Delhi - DPCC",1
site_108,Delhi,Delhi,"Aya Nagar, Delhi - IMD",2025-06-21 01:30:00+00:00,2025-06-21 01:30:00+00:00,,,,,,0.0,,,,no,11.36,"Aya Nagar, Delhi - IMD",1
site_1560,Delhi,Delhi,"Bawana, Delhi - DPCC",2025-06-21 01:30:00+00:00,2025-06-21 01:30:00+00:00,30.8,79.0,2.4,117.0,0.0,0.0,5.0,991.0,,co,0.7,"Bawana, Delhi - DPCC",1
site_108,Delhi,Delhi,"Aya Nagar, Delhi - IMD",2025-06-21 01:30:00+00:00,2025-06-21 01:30:00+00:00,,,,,,0.0,,,,co,1.03,"Aya Nagar, Delhi - IMD",1
site_108,Delhi,Delhi,"Aya Nagar, Delhi - IMD",2025-06-21 01:30:00+00:00,2025-06-21 01:30:00+00:00,,,,,,0.0,,,,ozone,23.47,"Aya Nagar, Delhi - IMD",1
site_108,Delhi,Delhi,"Aya Nagar, Delhi - IMD",2025-06-21 01:30:00+00:00,2025-06-21 01:30:00+00:00,,,,,,0.0,,,,pm25,25.44,"Aya Nagar, Delhi - IMD",1
site_104,Delhi,Delhi,"Burari Crossing, Delhi - IMD",2025-06-21 01:30:00+00:00,2025-06-21 01:30:00+00:00,,,,,,0.0,,,,ozone,20.38,"Burari Crossing, Delhi - IMD",1
site_104,Delhi,Delhi,"Burari Crossing, Delhi - IMD",2025-06-21 01:30:00+00:00,2025-06-21 01:30:00+00:00,,,,,,0.0,,,,no2,41.83,"Burari Crossing, Delhi - IMD",1
site_104,Delhi,Delhi,"Burari Crossing, Delhi - IMD",2025-06-21 01:30:00+00:00,2025-06-21 01:30:00+00:00,,,,,,0.0,,,,no,13.72,"Burari Crossing, Delhi - IMD",1
site_104,Delhi,Delhi,"Burari Crossing, Delhi - IMD",2025-06-21 01:30:00+00:00,2025-06-21 01:30:00+00:00,,,,,,0.0,,,,co,0.77,"Burari Crossing, Delhi - IMD",1
site_5024,Delhi,Delhi,"Alipur, Delhi - DPCC",2025-06-21 01:30:00+00:00,2025-06-21 01:30:00+00:00,30.4,74.0,,279.0,0.0,0.0,4.0,980.0,,pm10,61.0,"Alipur, Delhi - DPCC",1
site_5024,Delhi,Delhi,"Alipur, Delhi - DPCC",2025-06-21 01:30:00+00:00,2025-06-21 01:30:00+00:00,30.4,74.0,,279.0,0.0,0.0,4.0,980.0,,no2,15.0,"Alipur, Delhi - DPCC",1
site_1560,Delhi,Delhi,"Bawana, Delhi - DPCC",2025-06-21 01:30:00+00:00,2025-06-21 01:30:00+00:00,30.8,79.0,2.4,117.0,0.0,0.0,5.0,991.0,,benzene,1.3,"Bawana, Delhi - DPCC",1
site_5024,Delhi,Delhi,"Alipur, Delhi - DPCC",2025-06-21 01:30:00+00:00,2025-06-21 01:30:00+00:00,30.4,74.0,,279.0,0.0,0.0,4.0,980.0,,benzene,0.2,"Alipur, Delhi - DPCC",1
site_5024,Delhi,Delhi,"Alipur, Delhi - DPCC",2025-06-21 01:30:00+00:00,2025-06-21 01:30:00+00:00,30.4,74.0,,279.0,0.0,0.0,4.0,980.0,,nh3,51.8,"Alipur, Delhi - DPCC",1
site_5024,Delhi,Delhi,"Alipur, Delhi - DPCC",2025-06-21 01:30:00+00:00,2025-06-21 01:30:00+00:00,30.4,74.0,,279.0,0.0,0.0,4.0,980.0,,no,3.1,"Alipur, Delhi - DPCC",1
site_1560,Delhi,Delhi,"Bawana, Delhi - DPCC",2025-06-21 01:30:00+00:00,2025-06-21 01:30:00+00:00,30.8,79.0,2.4,117.0,0.0,0.0,5.0,991.0,,toluene,2.4,"Bawana, Delhi - DPCC",1
site_1560,Delhi,Delhi,"Bawana, Delhi - DPCC",2025-06-21 01:30:00+00:00,2025-06-21 01:30:00+00:00,30.8,79.0,2.4,117.0,0.0,0.0,5.0,991.0,,so2,4.1,"Bawana, Delhi - DPCC",1
site_108,Delhi,Delhi,"Aya Nagar, Delhi - IMD",2025-06-21 01:30:00+00:00,2025-06-21 01:30:00+00:00,,,,,,0.0,,,,no2,10.19,"Aya Nagar, Delhi - IMD",1
site_1560,Delhi,Delhi,"Bawana, Delhi - DPCC",2025-06-21 01:30:00+00:00,2025-06-21 01:30:00+00:00,30.8,79.0,2.4,117.0,0.0,0.0,5.0,991.0,,pm10,75.0,"Bawana, Delhi - DPCC",1
site_1560,Delhi,Delhi,"Bawana, Delhi - DPCC",2025-06-21 01:30:00+00:00,2025-06-21 01:30:00+00:00,30.8,79.0,2.4,117.0,0.0,0.0,5.0,991.0,,no2,9.2,"Bawana, Delhi - DPCC",1
site_1560,Delhi,Delhi,"Bawana, Delhi - DPCC",2025-06-21 01:30:00+00:00,2025-06-21 01:30:00+00:00,30.8,79.0,2.4,117.0,0.0,0.0,5.0,991.0,,no,4.4,"Bawana, Delhi - DPCC",1
site_1560,Delhi,Delhi,"Bawana, Delhi - DPCC",2025-06-21 01:30:00+00:00,2025-06-21 01:30:00+00:00,30.8,79.0,2.4,117.0,0.0,0.0,5.0,991.0,,nh3,22.4,"Bawana, Delhi - DPCC",1
site_5024,Delhi,Delhi,"Alipur, Delhi - DPCC",2025-06-21 01:30:00+00:00,2025-06-21 01:30:00+00:00,30.4,74.0,,279.0,0.0,0.0,4.0,980.0,,co,1.71,"Alipur, Delhi - DPCC",1
site_1560,Delhi,Delhi,"Bawana, Delhi - DPCC",2025-06-21 01:30:00+00:00,2025-06-21 01:30:00+00:00,30.8,79.0,2.4,117.0,0.0,0.0,5.0,991.0,,pm25,46.0,"Bawana, Delhi - DPCC",1
site_108,Delhi,Delhi,"Aya Nagar, Delhi - IMD",2025-06-21 01:30:00+00:00,2025-06-21 01:30:00+00:00,,,,,,0.0,,,,pm10,66.3,"Aya Nagar, Delhi - IMD",1
site_301,Delhi,Delhi,"Anand Vihar, Delhi - DPCC",2025-06-21 01:30:00+00:00,2025-06-21 01:30:00+00:00,30.0,78.0,0.6,176.0,,0.0,5.0,744.0,,benzene,1.1,"Anand Vihar, Delhi - DPCC",1
site_301,Delhi,Delhi,"Anand Vihar, Delhi - DPCC",2025-06-21 01:30:00+00:00,2025-06-21 01:30:00+00:00,30.0,78.0,0.6,176.0,,0.0,5.0,744.0,,nh3,14.4,"Anand Vihar, Delhi - DPCC",1
site_301,Delhi,Delhi,"Anand Vihar, Delhi - DPCC",2025-06-21 01:30:00+00:00,2025-06-21 01:30:00+00:00,30.0,78.0,0.6,176.0,,0.0,5.0,744.0,,no,10.3,"Anand Vihar, Delhi - DPCC",1
site_301,Delhi,Delhi,"Anand Vihar, Delhi - DPCC",2025-06-21 01:30:00+00:00,2025-06-21 01:30:00+00:00,30.0,78.0,0.6,176.0,,0.0,5.0,744.0,,no2,20.3,"Anand Vihar, Delhi - DPCC",1
site_301,Delhi,Delhi,"Anand Vihar, Delhi - DPCC",2025-06-21 01:30:00+00:00,2025-06-21 01:30:00+00:00,30.0,78.0,0.6,176.0,,0.0,5.0,744.0,,pm10,46.0,"Anand Vihar, Delhi - DPCC",1
site_301,Delhi,Delhi,"Anand Vihar, Delhi - DPCC",2025-06-21 01:30:00+00:00,2025-06-21 01:30:00+00:00,30.0,78.0,0.6,176.0,,0.0,5.0,744.0,,pm25,21.0,"Anand Vihar, Delhi - DPCC",1
site_301,Delhi,Delhi,"Anand Vihar, Delhi - DPCC",2025-06-21 01:30:00+00:00,2025-06-21 01:30:00+00:00,30.0,78.0,0.6,176.0,,0.0,5.0,744.0,,so2,36.3,"Anand Vihar, Delhi - DPCC",1
site_301,Delhi,Delhi,"Anand Vihar, Delhi - DPCC",2025-06-21 01:30:00+00:00,2025-06-21 01:30:00+00:00,30.0,78.0,0.6,176.0,,0.0,5.0,744.0,,toluene,27.0,"Anand Vihar, Delhi - DPCC",1
site_5024,Delhi,Delhi,"Alipur, Delhi - DPCC",2025-06-21 01:30:00+00:00,2025-06-21 01:30:00+00:00,30.4,74.0,,279.0,0.0,0.0,4.0,980.0,,toluene,0.2,"Alipur, Delhi - DPCC",1
site_301,Delhi,Delhi,"Anand Vihar, Delhi - DPCC",2025-06-21 01:30:00+00:00,2025-06-21 01:30:00+00:00,30.0,78.0,0.6,176.0,,0.0,5.0,744.0,,co,0.97,"Anand Vihar, Delhi - DPCC",1
site_5024,Delhi,Delhi,"Alipur, Delhi - DPCC",2025-06-21 01:30:00+00:00,2025-06-21 01:30:00+00:00,30.4,74.0,,279.0,0.0,0.0,4.0,980.0,,so2,11.0,"Alipur, Delhi - DPCC",1
site_5024,Delhi,Delhi,"Alipur, Delhi - DPCC",2025-06-21 01:30:00+00:00,2025-06-21 01:30:00+00:00,30.4,74.0,,279.0,0.0,0.0,4.0,980.0,,pm25,33.0,"Alipur, Delhi - DPCC",1
site_1560,Delhi,Delhi,"Bawana, Delhi - DPCC",2025-06-21 01:45:00+00:00,2025-06-21 01:45:00+00:00,30.8,79.0,1.7,114.0,0.0,0.0,5.0,991.0,,nh3,20.4,"Bawana, Delhi - DPCC",1
site_1560,Delhi,Delhi,"Bawana, Delhi - DPCC",2025-06-21 01:45:00+00:00,2025-06-21 01:45:00+00:00,30.8,79.0,1.7,114.0,0.0,0.0,5.0,991.0,,no,4.2,"Bawana, Delhi - DPCC",1
site_1560,Delhi,Delhi,"Bawana, Delhi - DPCC",2025-06-21 01:45:00+00:00,2025-06-21 01:45:00+00:00,30.8,79.0,1.7,114.0,0.0,0.0,5.0,991.0,,no2,9.4,"Bawana, Delhi - DPCC",1
site_1560,Delhi,Delhi,"Bawana, Delhi - DPCC",2025-06-21 01:45:00+00:00,2025-06-21 01:45:00+00:00,30.8,79.0,1.7,114.0,0.0,0.0,5.0,991.0,,pm10,75.0,"Bawana, Delhi - DPCC",1
site_1560,Delhi,Delhi,"Bawana, Delhi - DPCC",2025-06-21 01:45:00+00:00,2025-06-21 01:45:00+00:00,30.8,79.0,1.7,114.0,0.0,0.0,5.0,991.0,,so2,3.8,"Bawana, Delhi - DPCC",1
site_1560,Delhi,Delhi,"Bawana, Delhi - DPCC",2025-06-21 01:45:00+00:00,2025-06-21 01:45:00+00:00,30.8,79.0,1.7,114.0,0.0,0.0,5.0,991.0,,co,0.71,"Bawana, Delhi - DPCC",1
site_1560,Delhi,Delhi,"Bawana, Delhi - DPCC",2025-06-21 01:45:00+00:00,2025-06-21 01:45:00+00:00,30.8,79.0,1.7,114.0,0.0,0.0,5.0,991.0,,toluene,2.6,"Bawana, Delhi - DPCC",1
site_5024,Delhi,Delhi,"Alipur, Delhi - DPCC",2025-06-21 01:45:00+00:00,2025-06-21 01:45:00+00:00,30.3,74.0,,253.0,0.0,0.0,4.0,980.0,,toluene,0.2,"Alipur, Delhi - DPCC",1
site_1560,Delhi,Delhi,"Bawana, Delhi - DPCC",2025-06-21 01:45:00+00:00,2025-06-21 01:45:00+00:00,30.8,79.0,1.7,114.0,0.0,0.0,5.0,991.0,,pm25,46.0,"Bawana, Delhi - DPCC",1
site_1560,Delhi,Delhi,"Bawana, Delhi - DPCC",2025-06-21 01:45:00+00:00,2025-06-21 01:45:00+00:00,30.8,79.0,1.7,114.0,0.0,0.0,5.0,991.0,,benzene,1.3,"Bawana, Delhi - DPCC",1
site_1420,Delhi,Delhi,"Ashok Vihar, Delhi - DPCC",2025-06-21 01:45:00+00:00,2025-06-21 01:45:00+00:00,29.9,80.0,2.3,94.0,0.0,0.0,10.0,982.0,,no2,23.3,"Ashok Vihar, Delhi - DPCC",1
site_1420,Delhi,Delhi,"Ashok Vihar, Delhi - DPCC",2025-06-21 01:45:00+00:00,2025-06-21 01:45:00+00:00,29.9,80.0,2.3,94.0,0.0,0.0,10.0,982.0,,co,0.89,"Ashok Vihar, Delhi - DPCC",1
site_1420,Delhi,Delhi,"Ashok Vihar, Delhi - DPCC",2025-06-21 01:45:00+00:00,2025-06-21 01:45:00+00:00,29.9,80.0,2.3,94.0,0.0,0.0,10.0,982.0,,nh3,40.2,"Ashok Vihar, Delhi - DPCC",1
site_1420,Delhi,Delhi,"Ashok Vihar, Delhi - DPCC",2025-06-21 01:45:00+00:00,2025-06-21 01:45:00+00:00,29.9,80.0,2.3,94.0,0.0,0.0,10.0,982.0,,no,3.0,"Ashok Vihar, Delhi - DPCC",1
site_104,Delhi,Delhi,"Burari Crossing, Delhi - IMD",2025-06-21 01:45:00+00:00,2025-06-21 01:45:00+00:00,,,,,,0.0,,,,pm25,34.58,"Burari Crossing, Delhi - IMD",1
site_1420,Delhi,Delhi,"Ashok Vihar, Delhi - DPCC",2025-06-21 01:45:00+00:00,2025-06-21 01:45:00+00:00,29.9,80.0,2.3,94.0,0.0,0.0,10.0,982.0,,pm10,83.0,"Ashok Vihar, Delhi - DPCC",1
site_1420,Delhi,Delhi,"Ashok Vihar, Delhi - DPCC",2025-06-21 01:45:00+00:00,2025-06-21 01:45:00+00:00,29.9,80.0,2.3,94.0,0.0,0.0,10.0,982.0,,pm25,59.0,"Ashok Vihar, Delhi - DPCC",1
site_1420,Delhi,Delhi,"Ashok Vihar, Delhi - DPCC",2025-06-21 01:45:00+00:00,2025-06-21 01:45:00+00:00,29.9,80.0,2.3,94.0,0.0,0.0,10.0,982.0,,so2,13.5,"Ashok Vihar, Delhi - DPCC",1
site_1420,Delhi,Delhi,"Ashok Vihar, Delhi - DPCC",2025-06-21 01:45:00+00:00,2025-06-21 01:45:00+00:00,29.9,80.0,2.3,94.0,0.0,0.0,10.0,982.0,,toluene,1.7,"Ashok Vihar, Delhi - DPCC",1
site_104,Delhi,Delhi,"Burari Crossing, Delhi - IMD",2025-06-21 01:45:00+00:00,2025-06-21 01:45:00+00:00,,,,,,0.0,,,,co,0.77,"Burari Crossing, Delhi - IMD",1
site_104,Delhi,Delhi,"Burari Crossing, Delhi - IMD",2025-06-21 01:45:00+00:00,2025-06-21 01:45:00+00:00,,,,,,0.0,,,,no,12.34,"Burari Crossing, Delhi - IMD",1
site_104,Delhi,Delhi,"Burari Crossing, Delhi - IMD",2025-06-21 01:45:00+00:00,2025-06-21 01:45:00+00:00,,,,,,0.0,,,,no2,43.01,"Burari Crossing, Delhi - IMD",1
site_104,Delhi,Delhi,"Burari Crossing, Delhi - IMD",2025-06-21 01:45:00+00:00,2025-06-21 01:45:00+00:00,,,,,,0.0,,,,ozone,19.31,"Burari Crossing, Delhi - IMD",1
site_104,Delhi,Delhi,"Burari Crossing, Delhi - IMD",2025-06-21 01:45:00+00:00,2025-06-21 01:45:00+00:00,,,,,,0.0,,,,pm10,77.99,"Burari Crossing, Delhi - IMD",1
site_1420,Delhi,Delhi,"Ashok Vihar, Delhi - DPCC",2025-06-21 01:45:00+00:00,2025-06-21 01:45:00+00:00,29.9,80.0,2.3,94.0,0.0,0.0,10.0,982.0,,benzene,0.1,"Ashok Vihar, Delhi - DPCC",1
site_5024,Delhi,Delhi,"Alipur, Delhi - DPCC",2025-06-21 01:45:00+00:00,2025-06-21 01:45:00+00:00,30.3,74.0,,253.0,0.0,0.0,4.0,980.0,,pm25,33.0,"Alipur, Delhi - DPCC",1
site_5024,Delhi,Delhi,"Alipur, Delhi - DPCC",2025-06-21 01:45:00+00:00,2025-06-21 01:45:00+00:00,30.3,74.0,,253.0,0.0,0.0,4.0,980.0,,so2,13.4,"Alipur, Delhi - DPCC",1
site_5024,Delhi,Delhi,"Alipur, Delhi - DPCC",2025-06-21 01:45:00+00:00,2025-06-21 01:45:00+00:00,30.3,74.0,,253.0,0.0,0.0,4.0,980.0,,no2,15.9,"Alipur, Delhi - DPCC",1
site_301,Delhi,Delhi,"Anand Vihar, Delhi - DPCC",2025-06-21 01:45:00+00:00,2025-06-21 01:45:00+00:00,30.0,79.0,1.0,150.0,,0.0,5.0,744.0,,benzene,1.1,"Anand Vihar, Delhi - DPCC",1
site_301,Delhi,Delhi,"Anand Vihar, Delhi - DPCC",2025-06-21 01:45:00+00:00,2025-06-21 01:45:00+00:00,30.0,79.0,1.0,150.0,,0.0,5.0,744.0,,co,0.98,"Anand Vihar, Delhi - DPCC",1
site_301,Delhi,Delhi,"Anand Vihar, Delhi - DPCC",2025-06-21 01:45:00+00:00,2025-06-21 01:45:00+00:00,30.0,79.0,1.0,150.0,,0.0,5.0,744.0,,nh3,16.0,"Anand Vihar, Delhi - DPCC",1
site_301,Delhi,Delhi,"Anand Vihar, Delhi - DPCC",2025-06-21 01:45:00+00:00,2025-06-21 01:45:00+00:00,30.0,79.0,1.0,150.0,,0.0,5.0,744.0,,no,7.5,"Anand Vihar, Delhi - DPCC",1
site_301,Delhi,Delhi,"Anand Vihar, Delhi - DPCC",2025-06-21 01:45:00+00:00,2025-06-21 01:45:00+00:00,30.0,79.0,1.0,150.0,,0.0,5.0,744.0,,no2,18.3,"Anand Vihar, Delhi - DPCC",1
site_301,Delhi,Delhi,"Anand Vihar, Delhi - DPCC",2025-06-21 01:45:00+00:00,2025-06-21 01:45:00+00:00,30.0,79.0,1.0,150.0,,0.0,5.0,744.0,,pm10,46.0,"Anand Vihar, Delhi - DPCC",1
site_5024,Delhi,Delhi,"Alipur, Delhi - DPCC",2025-06-21 01:45:00+00:00,2025-06-21 01:45:00+00:00,30.3,74.0,,253.0,0.0,0.0,4.0,980.0,,pm10,61.0,"Alipur, Delhi - DPCC",1
site_301,Delhi,Delhi,"Anand Vihar, Delhi - DPCC",2025-06-21 01:45:00+00:00,2025-06-21 01:45:00+00:00,30.0,79.0,1.0,150.0,,0.0,5.0,744.0,,so2,29.4,"Anand Vihar, Delhi - DPCC",1
site_301,Delhi,Delhi,"Anand Vihar, Delhi - DPCC",2025-06-21 01:45:00+00:00,2025-06-21 01:45:00+00:00,30.0,79.0,1.0,150.0,,0.0,5.0,744.0,,toluene,19.4,"Anand Vihar, Delhi - DPCC",1
site_108,Delhi,Delhi,"Aya Nagar, Delhi - IMD",2025-06-21 01:45:00+00:00,2025-06-21 01:45:00+00:00,,,,,,0.0,,,,pm25,31.25,"Aya Nagar, Delhi - IMD",1
site_301,Delhi,Delhi,"Anand Vihar, Delhi - DPCC",2025-06-21 01:45:00+00:00,2025-06-21 01:45:00+00:00,30.0,79.0,1.0,150.0,,0.0,5.0,744.0,,pm25,21.0,"Anand Vihar, Delhi - DPCC",1
site_5024,Delhi,Delhi,"Alipur, Delhi - DPCC",2025-06-21 01:45:00+00:00,2025-06-21 01:45:00+00:00,30.3,74.0,,253.0,0.0,0.0,4.0,980.0,,no,3.0,"Alipur, Delhi - DPCC",1
site_5024,Delhi,Delhi,"Alipur, Delhi - DPCC",2025-06-21 01:45:00+00:00,2025-06-21 01:45:00+00:00,30.3,74.0,,253.0,0.0,0.0,4.0,980.0,,nh3,52.4,"Alipur, Delhi - DPCC",1
site_5024,Delhi,Delhi,"Alipur, Delhi - DPCC",2025-06-21 01:45:00+00:00,2025-06-21 01:45:00+00:00,30.3,74.0,,253.0,0.0,0.0,4.0,980.0,,co,1.68,"Alipur, Delhi - DPCC",1
site_5024,Delhi,Delhi,"Alipur, Delhi - DPCC",2025-06-21 01:45:00+00:00,2025-06-21 01:45:00+00:00,30.3,74.0,,253.0,0.0,0.0,4.0,980.0,,benzene,0.1,"Alipur, Delhi - DPCC",1
site_108,Delhi,Delhi,"Aya Nagar, Delhi - IMD",2025-06-21 01:45:00+00:00,2025-06-21 01:45:00+00:00,,,,,,0.0,,,,ozone,18.87,"Aya Nagar, Delhi - IMD",1
site_108,Delhi,Delhi,"Aya Nagar, Delhi - IMD",2025-06-21 01:45:00+00:00,2025-06-21 01:45:00+00:00,,,,,,0.0,,,,no2,11.5,"Aya Nagar, Delhi - IMD",1
site_108,Delhi,Delhi,"Aya Nagar, Delhi - IMD",2025-06-21 01:45:00+00:00,2025-06-21 01:45:00+00:00,,,,,,0.0,,,,no,9.44,"Aya Nagar, Delhi - IMD",1
site_108,Delhi,Delhi,"Aya Nagar, Delhi - IMD",2025-06-21 01:45:00+00:00,2025-06-21 01:45:00+00:00,,,,,,0.0,,,,co,1.03,"Aya Nagar, Delhi - IMD",1
site_108,Delhi,Delhi,"Aya Nagar, Delhi - IMD",2025-06-21 01:45:00+00:00,2025-06-21 01:45:00+00:00,,,,,,0.0,,,,pm10,74.23,"Aya Nagar, Delhi - IMD",1
site_108,Delhi,Delhi,"Aya Nagar, Delhi - IMD",2025-06-21 02:00:00+00:00,2025-06-21 02:00:00+00:00,,,,,,0.0,,,,co,1.05,"Aya Nagar, Delhi - IMD",2
site_5024,Delhi,Delhi,"Alipur, Delhi - DPCC",2025-06-21 02:00:00+00:00,2025-06-21 02:00:00+00:00,30.3,75.0,,243.0,0.0,0.0,4.0,980.0,,benzene,0.1,"Alipur, Delhi - DPCC",2
site_104,Delhi,Delhi,"Burari Crossing, Delhi - IMD",2025-06-21 02:00:00+00:00,2025-06-21 02:00:00+00:00,,,,,,0.0,,,,no2,37.44,"Burari Crossing, Delhi - IMD",2
site_104,Delhi,Delhi,"Burari Crossing, Delhi - IMD",2025-06-21 02:00:00+00:00,2025-06-21 02:00:00+00:00,,,,,,0.0,,,,ozone,23.28,"Burari Crossing, Delhi - IMD",2
site_104,Delhi,Delhi,"Burari Crossing, Delhi - IMD",2025-06-21 02:00:00+00:00,2025-06-21 02:00:00+00:00,,,,,,0.0,,,,pm10,76.16,"Burari Crossing, Delhi - IMD",2
site_104,Delhi,Delhi,"Burari Crossing, Delhi - IMD",2025-06-21 02:00:00+00:00,2025-06-21 02:00:00+00:00,,,,,,0.0,,,,pm25,28.74,"Burari Crossing, Delhi - IMD",2
site_5024,Delhi,Delhi,"Alipur, Delhi - DPCC",2025-06-21 02:00:00+00:00,2025-06-21 02:00:00+00:00,30.3,75.0,,243.0,0.0,0.0,4.0,980.0,,toluene,0.1,"Alipur, Delhi - DPCC",2
site_5024,Delhi,Delhi,"Alipur, Delhi - DPCC",2025-06-21 02:00:00+00:00,2025-06-21 02:00:00+00:00,30.3,75.0,,243.0,0.0,0.0,4.0,980.0,,pm25,41.0,"Alipur, Delhi - DPCC",2
site_5024,Delhi,Delhi,"Alipur, Delhi - DPCC",2025-06-21 02:00:00+00:00,2025-06-21 02:00:00+00:00,30.3,75.0,,243.0,0.0,0.0,4.0,980.0,,pm10,81.0,"Alipur, Delhi - DPCC",2
site_5024,Delhi,Delhi,"Alipur, Delhi - DPCC",2025-06-21 02:00:00+00:00,2025-06-21 02:00:00+00:00,30.3,75.0,,243.0,0.0,0.0,4.0,980.0,,ozone,16.8,"Alipur, Delhi - DPCC",2
site_5024,Delhi,Delhi,"Alipur, Delhi - DPCC",2025-06-21 02:00:00+00:00,2025-06-21 02:00:00+00:00,30.3,75.0,,243.0,0.0,0.0,4.0,980.0,,no2,16.7,"Alipur, Delhi - DPCC",2
site_5024,Delhi,Delhi,"Alipur, Delhi - DPCC",2025-06-21 02:00:00+00:00,2025-06-21 02:00:00+00:00,30.3,75.0,,243.0,0.0,0.0,4.0,980.0,,no,2.8,"Alipur, Delhi - DPCC",2
site_5024,Delhi,Delhi,"Alipur, Delhi - DPCC",2025-06-21 02:00:00+00:00,2025-06-21 02:00:00+00:00,30.3,75.0,,243.0,0.0,0.0,4.0,980.0,,nh3,54.0,"Alipur, Delhi - DPCC",2
site_108,Delhi,Delhi,"Aya Nagar, Delhi - IMD",2025-06-21 02:00:00+00:00,2025-06-21 02:00:00+00:00,,,,,,0.0,,,,pm25,30.45,"Aya Nagar, Delhi - IMD",2
site_108,Delhi,Delhi,"Aya Nagar, Delhi - IMD",2025-06-21 02:00:00+00:00,2025-06-21 02:00:00+00:00,,,,,,0.0,,,,pm10,77.98,"Aya Nagar, Delhi - IMD",2
site_108,Delhi,Delhi,"Aya Nagar, Delhi - IMD",2025-06-21 02:00:00+00:00,2025-06-21 02:00:00+00:00,,,,,,0.0,,,,ozone,16.31,"Aya Nagar, Delhi - IMD",2
site_108,Delhi,Delhi,"Aya Nagar, Delhi - IMD",2025-06-21 02:00:00+00:00,2025-06-21 02:00:00+00:00,,,,,,0.0,,,,no2,12.71,"Aya Nagar, Delhi - IMD",2
site_108,Delhi,Delhi,"Aya Nagar, Delhi - IMD",2025-06-21 02:00:00+00:00,2025-06-21 02:00:00+00:00,,,,,,0.0,,,,no,10.12,"Aya Nagar, Delhi - IMD",2
site_5024,Delhi,Delhi,"Alipur, Delhi - DPCC",2025-06-21 02:00:00+00:00,2025-06-21 02:00:00+00:00,30.3,75.0,,243.0,0.0,0.0,4.0,980.0,,so2,14.2,"Alipur, Delhi - DPCC",2
site_104,Delhi,Delhi,"Burari Crossing, Delhi - IMD",2025-06-21 02:00:00+00:00,2025-06-21 02:00:00+00:00,,,,,,0.0,,,,no,10.4,"Burari Crossing, Delhi - IMD",2
site_1420,Delhi,Delhi,"Ashok Vihar, Delhi - DPCC",2025-06-21 02:00:00+00:00,2025-06-21 02:00:00+00:00,29.9,80.0,2.8,87.0,0.0,0.0,10.0,982.0,,pm10,79.0,"Ashok Vihar, Delhi - DPCC",2
site_1560,Delhi,Delhi,"Bawana, Delhi - DPCC",2025-06-21 02:00:00+00:00,2025-06-21 02:00:00+00:00,30.7,80.0,1.2,111.0,0.0,0.0,5.0,991.0,,nh3,19.3,"Bawana, Delhi - DPCC",2
site_1560,Delhi,Delhi,"Bawana, Delhi - DPCC",2025-06-21 02:00:00+00:00,2025-06-21 02:00:00+00:00,30.7,80.0,1.2,111.0,0.0,0.0,5.0,991.0,,pm25,39.0,"Bawana, Delhi - DPCC",2
site_1560,Delhi,Delhi,"Bawana, Delhi - DPCC",2025-06-21 02:00:00+00:00,2025-06-21 02:00:00+00:00,30.7,80.0,1.2,111.0,0.0,0.0,5.0,991.0,,pm10,79.0,"Bawana, Delhi - DPCC",2
site_1560,Delhi,Delhi,"Bawana, Delhi - DPCC",2025-06-21 02:00:00+00:00,2025-06-21 02:00:00+00:00,30.7,80.0,1.2,111.0,0.0,0.0,5.0,991.0,,ozone,29.8,"Bawana, Delhi - DPCC",2
site_1560,Delhi,Delhi,"Bawana, Delhi - DPCC",2025-06-21 02:00:00+00:00,2025-06-21 02:00:00+00:00,30.7,80.0,1.2,111.0,0.0,0.0,5.0,991.0,,no2,8.9,"Bawana, Delhi - DPCC",2
site_1560,Delhi,Delhi,"Bawana, Delhi - DPCC",2025-06-21 02:00:00+00:00,2025-06-21 02:00:00+00:00,30.7,80.0,1.2,111.0,0.0,0.0,5.0,991.0,,no,4.5,"Bawana, Delhi - DPCC",2
site_104,Delhi,Delhi,"Burari Crossing, Delhi - IMD",2025-06-21 02:00:00+00:00,2025-06-21 02:00:00+00:00,,,,,,0.0,,,,co,0.73,"Burari Crossing, Delhi - IMD",2
site_1560,Delhi,Delhi,"Bawana, Delhi - DPCC",2025-06-21 02:00:00+00:00,2025-06-21 02:00:00+00:00,30.7,80.0,1.2,111.0,0.0,0.0,5.0,991.0,,co,0.73,"Bawana, Delhi - DPCC",2
site_1560,Delhi,Delhi,"Bawana, Delhi - DPCC",2025-06-21 02:00:00+00:00,2025-06-21 02:00:00+00:00,30.7,80.0,1.2,111.0,0.0,0.0,5.0,991.0,,benzene,1.1,"Bawana, Delhi - DPCC",2
site_1420,Delhi,Delhi,"Ashok Vihar, Delhi - DPCC",2025-06-21 02:00:00+00:00,2025-06-21 02:00:00+00:00,29.9,80.0,2.8,87.0,0.0,0.0,10.0,982.0,,benzene,0.1,"Ashok Vihar, Delhi - DPCC",2
site_1420,Delhi,Delhi,"Ashok Vihar, Delhi - DPCC",2025-06-21 02:00:00+00:00,2025-06-21 02:00:00+00:00,29.9,80.0,2.8,87.0,0.0,0.0,10.0,982.0,,nh3,37.3,"Ashok Vihar, Delhi - DPCC",2
site_1420,Delhi,Delhi,"Ashok Vihar, Delhi - DPCC",2025-06-21 02:00:00+00:00,2025-06-21 02:00:00+00:00,29.9,80.0,2.8,87.0,0.0,0.0,10.0,982.0,,no,3.5,"Ashok Vihar, Delhi - DPCC",2
site_1420,Delhi,Delhi,"Ashok Vihar, Delhi - DPCC",2025-06-21 02:00:00+00:00,2025-06-21 02:00:00+00:00,29.9,80.0,2.8,87.0,0.0,0.0,10.0,982.0,,no2,22.6,"Ashok Vihar, Delhi - DPCC",2
site_1420,Delhi,Delhi,"Ashok Vihar, Delhi - DPCC",2025-06-21 02:00:00+00:00,2025-06-21 02:00:00+00:00,29.9,80.0,2.8,87.0,0.0,0.0,10.0,982.0,,pm25,46.0,"Ashok Vihar, Delhi - DPCC",2
site_1560,Delhi,Delhi,"Bawana, Delhi - DPCC",2025-06-21 02:00:00+00:00,2025-06-21 02:00:00+00:00,30.7,80.0,1.2,111.0,0.0,0.0,5.0,991.0,,so2,4.1,"Bawana, Delhi - DPCC",2
site_1420,Delhi,Delhi,"Ashok Vihar, Delhi - DPCC",2025-06-21 02:00:00+00:00,2025-06-21 02:00:00+00:00,29.9,80.0,2.8,87.0,0.0,0.0,10.0,982.0,,toluene,2.0,"Ashok Vihar, Delhi - DPCC",2
site_301,Delhi,Delhi,"Anand Vihar, Delhi - DPCC",2025-06-21 02:00:00+00:00,2025-06-21 02:00:00+00:00,29.9,79.0,0.8,146.0,,0.0,5.0,744.0,,toluene,15.2,"Anand Vihar, Delhi - DPCC",2
site_301,Delhi,Delhi,"Anand Vihar, Delhi - DPCC",2025-06-21 02:00:00+00:00,2025-06-21 02:00:00+00:00,29.9,79.0,0.8,146.0,,0.0,5.0,744.0,,so2,25.3,"Anand Vihar, Delhi - DPCC",2
site_301,Delhi,Delhi,"Anand Vihar, Delhi - DPCC",2025-06-21 02:00:00+00:00,2025-06-21 02:00:00+00:00,29.9,79.0,0.8,146.0,,0.0,5.0,744.0,,pm25,23.0,"Anand Vihar, Delhi - DPCC",2
site_301,Delhi,Delhi,"Anand Vihar, Delhi - DPCC",2025-06-21 02:00:00+00:00,2025-06-21 02:00:00+00:00,29.9,79.0,0.8,146.0,,0.0,5.0,744.0,,pm10,66.0,"Anand Vihar, Delhi - DPCC",2
site_301,Delhi,Delhi,"Anand Vihar, Delhi - DPCC",2025-06-21 02:00:00+00:00,2025-06-21 02:00:00+00:00,29.9,79.0,0.8,146.0,,0.0,5.0,744.0,,ozone,17.9,"Anand Vihar, Delhi - DPCC",2
site_301,Delhi,Delhi,"Anand Vihar, Delhi - DPCC",2025-06-21 02:00:00+00:00,2025-06-21 02:00:00+00:00,29.9,79.0,0.8,146.0,,0.0,5.0,744.0,,no2,24.0,"Anand Vihar, Delhi - DPCC",2
site_301,Delhi,Delhi,"Anand Vihar, Delhi - DPCC",2025-06-21 02:00:00+00:00,2025-06-21 02:00:00+00:00,29.9,79.0,0.8,146.0,,0.0,5.0,744.0,,no,2.9,"Anand Vihar, Delhi - DPCC",2
site_301,Delhi,Delhi,"Anand Vihar, Delhi - DPCC",2025-06-21 02:00:00+00:00,2025-06-21 02:00:00+00:00,29.9,79.0,0.8,146.0,,0.0,5.0,744.0,,nh3,15.0,"Anand Vihar, Delhi - DPCC",2
site_301,Delhi,Delhi,"Anand Vihar, Delhi - DPCC",2025-06-21 02:00:00+00:00,2025-06-21 02:00:00+00:00,29.9,79.0,0.8,146.0,,0.0,5.0,744.0,,co,1.06,"Anand Vihar, Delhi - DPCC",2
site_301,Delhi,Delhi,"Anand Vihar, Delhi - DPCC",2025-06-21 02:00:00+00:00,2025-06-21 02:00:00+00:00,29.9,79.0,0.8,146.0,,0.0,5.0,744.0,,benzene,0.9,"Anand Vihar, Delhi - DPCC",2
site_1560,Delhi,Delhi,"Bawana, Delhi - DPCC",2025-06-21 02:00:00+00:00,2025-06-21 02:00:00+00:00,30.7,80.0,1.2,111.0,0.0,0.0,5.0,991.0,,toluene,2.9,"Bawana, Delhi - DPCC",2
site_1560,Delhi,Delhi,"Bawana, Delhi - DPCC",2025-06-21 02:15:00+00:00,2025-06-21 02:15:00+00:00,30.7,80.0,1.2,117.0,0.0,0.0,5.0,991.0,,pm10,79.0,"Bawana, Delhi - DPCC",2
site_1560,Delhi,Delhi,"Bawana, Delhi - DPCC",2025-06-21 02:15:00+00:00,2025-06-21 02:15:00+00:00,30.7,80.0,1.2,117.0,0.0,0.0,5.0,991.0,,benzene,1.2,"Bawana, Delhi - DPCC",2
site_1560,Delhi,Delhi,"Bawana, Delhi - DPCC",2025-06-21 02:15:00+00:00,2025-06-21 02:15:00+00:00,30.7,80.0,1.2,117.0,0.0,0.0,5.0,991.0,,pm25,39.0,"Bawana, Delhi - DPCC",2
site_1560,Delhi,Delhi,"Bawana, Delhi - DPCC",2025-06-21 02:15:00+00:00,2025-06-21 02:15:00+00:00,30.7,80.0,1.2,117.0,0.0,0.0,5.0,991.0,,toluene,2.8,"Bawana, Delhi - DPCC",2
site_1560,Delhi,Delhi,"Bawana, Delhi - DPCC",2025-06-21 02:15:00+00:00,2025-06-21 02:15:00+00:00,30.7,80.0,1.2,117.0,0.0,0.0,5.0,991.0,,ozone,26.9,"Bawana, Delhi - DPCC",2
site_1420,Delhi,Delhi,"Ashok Vihar, Delhi - DPCC",2025-06-21 02:15:00+00:00,2025-06-21 02:15:00+00:00,29.8,81.0,2.4,108.0,0.0,0.0,10.0,982.0,,toluene,1.9,"Ashok Vihar, Delhi - DPCC",2
site_1420,Delhi,Delhi,"Ashok Vihar, Delhi - DPCC",2025-06-21 02:15:00+00:00,2025-06-21 02:15:00+00:00,29.8,81.0,2.4,108.0,0.0,0.0,10.0,982.0,,benzene,0.1,"Ashok Vihar, Delhi - DPCC",2
site_5024,Delhi,Delhi,"Alipur, Delhi - DPCC",2025-06-21 02:15:00+00:00,2025-06-21 02:15:00+00:00,30.3,75.0,,253.0,0.0,0.0,4.0,980.0,,benzene,0.1,"Alipur, Delhi - DPCC",2
site_5024,Delhi,Delhi,"Alipur, Delhi - DPCC",2025-06-21 02:15:00+00:00,2025-06-21 02:15:00+00:00,30.3,75.0,,253.0,0.0,0.0,4.0,980.0,,ozone,13.8,"Alipur, Delhi - DPCC",2
site_5024,Delhi,Delhi,"Alipur, Delhi - DPCC",2025-06-21 02:15:00+00:00,2025-06-21 02:15:00+00:00,30.3,75.0,,253.0,0.0,0.0,4.0,980.0,,pm10,81.0,"Alipur, Delhi - DPCC",2
site_5024,Delhi,Delhi,"Alipur, Delhi - DPCC",2025-06-21 02:15:00+00:00,2025-06-21 02:15:00+00:00,30.3,75.0,,253.0,0.0,0.0,4.0,980.0,,pm25,41.0,"Alipur, Delhi - DPCC",2
site_5024,Delhi,Delhi,"Alipur, Delhi - DPCC",2025-06-21 02:15:00+00:00,2025-06-21 02:15:00+00:00,30.3,75.0,,253.0,0.0,0.0,4.0,980.0,,toluene,0.1,"Alipur, Delhi - DPCC",2
site_104,Delhi,Delhi,"Burari Crossing, Delhi - IMD",2025-06-21 02:15:00+00:00,2025-06-21 02:15:00+00:00,,,,,,0.0,,,,pm25,25.15,"Burari Crossing, Delhi - IMD",2
site_104,Delhi,Delhi,"Burari Crossing, Delhi - IMD",2025-06-21 02:15:00+00:00,2025-06-21 02:15:00+00:00,,,,,,0.0,,,,pm10,81.99,"Burari Crossing, Delhi - IMD",2
site_104,Delhi,Delhi,"Burari Crossing, Delhi - IMD",2025-06-21 02:15:00+00:00,2025-06-21 02:15:00+00:00,,,,,,0.0,,,,ozone,25.77,"Burari Crossing, Delhi - IMD",2
site_104,Delhi,Delhi,"Burari Crossing, Delhi - IMD",2025-06-21 02:15:00+00:00,2025-06-21 02:15:00+00:00,,,,,,0.0,,,,no2,31.67,"Burari Crossing, Delhi - IMD",2
site_104,Delhi,Delhi,"Burari Crossing, Delhi - IMD",2025-06-21 02:15:00+00:00,2025-06-21 02:15:00+00:00,,,,,,0.0,,,,no,9.65,"Burari Crossing, Delhi - IMD",2
site_1420,Delhi,Delhi,"Ashok Vihar, Delhi - DPCC",2025-06-21 02:15:00+00:00,2025-06-21 02:15:00+00:00,29.8,81.0,2.4,108.0,0.0,0.0,10.0,982.0,,ozone,34.8,"Ashok Vihar, Delhi - DPCC",2
site_1420,Delhi,Delhi,"Ashok Vihar, Delhi - DPCC",2025-06-21 02:15:00+00:00,2025-06-21 02:15:00+00:00,29.8,81.0,2.4,108.0,0.0,0.0,10.0,982.0,,pm10,79.0,"Ashok Vihar, Delhi - DPCC",2
site_1420,Delhi,Delhi,"Ashok Vihar, Delhi - DPCC",2025-06-21 02:15:00+00:00,2025-06-21 02:15:00+00:00,29.8,81.0,2.4,108.0,0.0,0.0,10.0,982.0,,pm25,46.0,"Ashok Vihar, Delhi - DPCC",2
site_108,Delhi,Delhi,"Aya Nagar, Delhi - IMD",2025-06-21 02:15:00+00:00,2025-06-21 02:15:00+00:00,,,,,,0.0,,,,co,1.05,"Aya Nagar, Delhi - IMD",2
site_108,Delhi,Delhi,"Aya Nagar, Delhi - IMD",2025-06-21 02:15:00+00:00,2025-06-21 02:15:00+00:00,,,,,,0.0,,,,no,12.45,"Aya Nagar, Delhi - IMD",2
site_104,Delhi,Delhi,"Burari Crossing, Delhi - IMD",2025-06-21 02:15:00+00:00,2025-06-21 02:15:00+00:00,,,,,,0.0,,,,co,0.7,"Burari Crossing, Delhi - IMD",2
site_108,Delhi,Delhi,"Aya Nagar, Delhi - IMD",2025-06-21 02:15:00+00:00,2025-06-21 02:15:00+00:00,,,,,,0.0,,,,ozone,18.93,"Aya Nagar, Delhi - IMD",2
site_301,Delhi,Delhi,"Anand Vihar, Delhi - DPCC",2025-06-21 02:15:00+00:00,2025-06-21 02:15:00+00:00,29.9,79.0,0.6,174.0,,0.0,5.0,744.0,,benzene,0.8,"Anand Vihar, Delhi - DPCC",2
site_301,Delhi,Delhi,"Anand Vihar, Delhi - DPCC",2025-06-21 02:15:00+00:00,2025-06-21 02:15:00+00:00,29.9,79.0,0.6,174.0,,0.0,5.0,744.0,,co,0.88,"Anand Vihar, Delhi - DPCC",2
site_301,Delhi,Delhi,"Anand Vihar, Delhi - DPCC",2025-06-21 02:15:00+00:00,2025-06-21 02:15:00+00:00,29.9,79.0,0.6,174.0,,0.0,5.0,744.0,,nh3,13.3,"Anand Vihar, Delhi - DPCC",2
site_301,Delhi,Delhi,"Anand Vihar, Delhi - DPCC",2025-06-21 02:15:00+00:00,2025-06-21 02:15:00+00:00,29.9,79.0,0.6,174.0,,0.0,5.0,744.0,,no,8.2,"Anand Vihar, Delhi - DPCC",2
site_301,Delhi,Delhi,"Anand Vihar, Delhi - DPCC",2025-06-21 02:15:00+00:00,2025-06-21 02:15:00+00:00,29.9,79.0,0.6,174.0,,0.0,5.0,744.0,,no2,18.3,"Anand Vihar, Delhi - DPCC",2
site_301,Delhi,Delhi,"Anand Vihar, Delhi - DPCC",2025-06-21 02:15:00+00:00,2025-06-21 02:15:00+00:00,29.9,79.0,0.6,174.0,,0.0,5.0,744.0,,ozone,20.1,"Anand Vihar, Delhi - DPCC",2
site_301,Delhi,Delhi,"Anand Vihar, Delhi - DPCC",2025-06-21 02:15:00+00:00,2025-06-21 02:15:00+00:00,29.9,79.0,0.6,174.0,,0.0,5.0,744.0,,pm10,66.0,"Anand Vihar, Delhi - DPCC",2
site_108,Delhi,Delhi,"Aya Nagar, Delhi - IMD",2025-06-21 02:15:00+00:00,2025-06-21 02:15:00+00:00,,,,,,0.0,,,,no2,11.94,"Aya Nagar, Delhi - IMD",2
site_301,Delhi,Delhi,"Anand Vihar, Delhi - DPCC",2025-06-21 02:15:00+00:00,2025-06-21 02:15:00+00:00,29.9,79.0,0.6,174.0,,0.0,5.0,744.0,,pm25,23.0,"Anand Vihar, Delhi - DPCC",2
site_301,Delhi,Delhi,"Anand Vihar, Delhi - DPCC",2025-06-21 02:15:00+00:00,2025-06-21 02:15:00+00:00,29.9,79.0,0.6,174.0,,0.0,5.0,744.0,,so2,21.9,"Anand Vihar, Delhi - DPCC",2
site_108,Delhi,Delhi,"Aya Nagar, Delhi - IMD",2025-06-21 02:15:00+00:00,2025-06-21 02:15:00+00:00,,,,,,0.0,,,,pm25,27.5,"Aya Nagar, Delhi - IMD",2
site_108,Delhi,Delhi,"Aya Nagar, Delhi - IMD",2025-06-21 02:15:00+00:00,2025-06-21 02:15:00+00:00,,,,,,0.0,,,,pm10,77.65,"Aya Nagar, Delhi - IMD",2
site_301,Delhi,Delhi,"Anand Vihar, Delhi - DPCC",2025-06-21 02:15:00+00:00,2025-06-21 02:15:00+00:00,29.9,79.0,0.6,174.0,,0.0,5.0,744.0,,toluene,12.9,"Anand Vihar, Delhi - DPCC",2
site_301,Delhi,Delhi,"Anand Vihar, Delhi - DPCC",2025-06-21 02:30:00+00:00,2025-06-21 02:30:00+00:00,29.8,79.0,0.8,239.0,,0.0,5.0,744.0,,pm25,23.0,"Anand Vihar, Delhi - DPCC",2
site_301,Delhi,Delhi,"Anand Vihar, Delhi - DPCC",2025-06-21 02:30:00+00:00,2025-06-21 02:30:00+00:00,29.8,79.0,0.8,239.0,,0.0,5.0,744.0,,so2,24.7,"Anand Vihar, Delhi - DPCC",2
site_301,Delhi,Delhi,"Anand Vihar, Delhi - DPCC",2025-06-21 02:30:00+00:00,2025-06-21 02:30:00+00:00,29.8,79.0,0.8,239.0,,0.0,5.0,744.0,,toluene,10.9,"Anand Vihar, Delhi - DPCC",2
site_104,Delhi,Delhi,"Burari Crossing, Delhi - IMD",2025-06-21 02:30:00+00:00,2025-06-21 02:30:00+00:00,,,,,,0.0,,,,co,0.68,"Burari Crossing, Delhi - IMD",2
site_1420,Delhi,Delhi,"Ashok Vihar, Delhi - DPCC",2025-06-21 02:30:00+00:00,2025-06-21 02:30:00+00:00,29.8,81.0,2.0,123.0,0.0,0.0,10.0,982.0,,pm10,79.0,"Ashok Vihar, Delhi - DPCC",2
site_104,Delhi,Delhi,"Burari Crossing, Delhi - IMD",2025-06-21 02:30:00+00:00,2025-06-21 02:30:00+00:00,,,,,,0.0,,,,no,10.22,"Burari Crossing, Delhi - IMD",2
site_5024,Delhi,Delhi,"Alipur, Delhi - DPCC",2025-06-21 02:30:00+00:00,2025-06-21 02:30:00+00:00,30.2,75.0,,240.0,0.0,0.0,4.0,980.0,,pm25,41.0,"Alipur, Delhi - DPCC",2
site_5024,Delhi,Delhi,"Alipur, Delhi - DPCC",2025-06-21 02:30:00+00:00,2025-06-21 02:30:00+00:00,30.2,75.0,,240.0,0.0,0.0,4.0,980.0,,pm10,81.0,"Alipur, Delhi - DPCC",2
site_5024,Delhi,Delhi,"Alipur, Delhi - DPCC",2025-06-21 02:30:00+00:00,2025-06-21 02:30:00+00:00,30.2,75.0,,240.0,0.0,0.0,4.0,980.0,,ozone,13.3,"Alipur, Delhi - DPCC",2
site_5024,Delhi,Delhi,"Alipur, Delhi - DPCC",2025-06-21 02:30:00+00:00,2025-06-21 02:30:00+00:00,30.2,75.0,,240.0,0.0,0.0,4.0,980.0,,benzene,0.2,"Alipur, Delhi - DPCC",2
site_104,Delhi,Delhi,"Burari Crossing, Delhi - IMD",2025-06-21 02:30:00+00:00,2025-06-21 02:30:00+00:00,,,,,,0.0,,,,no2,27.35,"Burari Crossing, Delhi - IMD",2
site_104,Delhi,Delhi,"Burari Crossing, Delhi - IMD",2025-06-21 02:30:00+00:00,2025-06-21 02:30:00+00:00,,,,,,0.0,,,,ozone,26.36,"Burari Crossing, Delhi - IMD",2
site_5024,Delhi,Delhi,"Alipur, Delhi - DPCC",2025-06-21 02:30:00+00:00,2025-06-21 02:30:00+00:00,30.2,75.0,,240.0,0.0,0.0,4.0,980.0,,toluene,0.2,"Alipur, Delhi - DPCC",2
site_301,Delhi,Delhi,"Anand Vihar, Delhi - DPCC",2025-06-21 02:30:00+00:00,2025-06-21 02:30:00+00:00,29.8,79.0,0.8,239.0,,0.0,5.0,744.0,,pm10,66.0,"Anand Vihar, Delhi - DPCC",2
site_301,Delhi,Delhi,"Anand Vihar, Delhi - DPCC",2025-06-21 02:30:00+00:00,2025-06-21 02:30:00+00:00,29.8,79.0,0.8,239.0,,0.0,5.0,744.0,,no2,21.7,"Anand Vihar, Delhi - DPCC",2
site_301,Delhi,Delhi,"Anand Vihar, Delhi - DPCC",2025-06-21 02:30:00+00:00,2025-06-21 02:30:00+00:00,29.8,79.0,0.8,239.0,,0.0,5.0,744.0,,no,11.1,"Anand Vihar, Delhi - DPCC",2
site_301,Delhi,Delhi,"Anand Vihar, Delhi - DPCC",2025-06-21 02:30:00+00:00,2025-06-21 02:30:00+00:00,29.8,79.0,0.8,239.0,,0.0,5.0,744.0,,nh3,11.6,"Anand Vihar, Delhi - DPCC",2
site_301,Delhi,Delhi,"Anand Vihar, Delhi - DPCC",2025-06-21 02:30:00+00:00,2025-06-21 02:30:00+00:00,29.8,79.0,0.8,239.0,,0.0,5.0,744.0,,co,0.87,"Anand Vihar, Delhi - DPCC",2
site_301,Delhi,Delhi,"Anand Vihar, Delhi - DPCC",2025-06-21 02:30:00+00:00,2025-06-21 02:30:00+00:00,29.8,79.0,0.8,239.0,,0.0,5.0,744.0,,benzene,0.8,"Anand Vihar, Delhi - DPCC",2
site_104,Delhi,Delhi,"Burari Crossing, Delhi - IMD",2025-06-21 02:30:00+00:00,2025-06-21 02:30:00+00:00,,,,,,0.0,,,,pm10,83.53,"Burari Crossing, Delhi - IMD",2
site_1560,Delhi,Delhi,"Bawana, Delhi - DPCC",2025-06-21 02:30:00+00:00,2025-06-21 02:30:00+00:00,30.6,80.0,1.3,124.0,0.0,0.0,5.0,991.0,,toluene,3.0,"Bawana, Delhi - DPCC",2
site_1560,Delhi,Delhi,"Bawana, Delhi - DPCC",2025-06-21 02:30:00+00:00,2025-06-21 02:30:00+00:00,30.6,80.0,1.3,124.0,0.0,0.0,5.0,991.0,,pm25,39.0,"Bawana, Delhi - DPCC",2
site_1560,Delhi,Delhi,"Bawana, Delhi - DPCC",2025-06-21 02:30:00+00:00,2025-06-21 02:30:00+00:00,30.6,80.0,1.3,124.0,0.0,0.0,5.0,991.0,,pm10,79.0,"Bawana, Delhi - DPCC",2
site_1560,Delhi,Delhi,"Bawana, Delhi - DPCC",2025-06-21 02:30:00+00:00,2025-06-21 02:30:00+00:00,30.6,80.0,1.3,124.0,0.0,0.0,5.0,991.0,,ozone,22.2,"Bawana, Delhi - DPCC",2
site_1560,Delhi,Delhi,"Bawana, Delhi - DPCC",2025-06-21 02:30:00+00:00,2025-06-21 02:30:00+00:00,30.6,80.0,1.3,124.0,0.0,0.0,5.0,991.0,,benzene,1.3,"Bawana, Delhi - DPCC",2
site_1420,Delhi,Delhi,"Ashok Vihar, Delhi - DPCC",2025-06-21 02:30:00+00:00,2025-06-21 02:30:00+00:00,29.8,81.0,2.0,123.0,0.0,0.0,10.0,982.0,,pm25,46.0,"Ashok Vihar, Delhi - DPCC",2
site_1420,Delhi,Delhi,"Ashok Vihar, Delhi - DPCC",2025-06-21 02:30:00+00:00,2025-06-21 02:30:00+00:00,29.8,81.0,2.0,123.0,0.0,0.0,10.0,982.0,,toluene,1.3,"Ashok Vihar, Delhi - DPCC",2
site_1420,Delhi,Delhi,"Ashok Vihar, Delhi - DPCC",2025-06-21 02:30:00+00:00,2025-06-21 02:30:00+00:00,29.8,81.0,2.0,123.0,0.0,0.0,10.0,982.0,,benzene,0.1,"Ashok Vihar, Delhi - DPCC",2
site_301,Delhi,Delhi,"Anand Vihar, Delhi - DPCC",2025-06-21 02:30:00+00:00,2025-06-21 02:30:00+00:00,29.8,79.0,0.8,239.0,,0.0,5.0,744.0,,ozone,13.0,"Anand Vihar, Delhi - DPCC",2
site_104,Delhi,Delhi,"Burari Crossing, Delhi - IMD",2025-06-21 02:30:00+00:00,2025-06-21 02:30:00+00:00,,,,,,0.0,,,,pm25,18.91,"Burari Crossing, Delhi - IMD",2
site_1420,Delhi,Delhi,"Ashok Vihar, Delhi - DPCC",2025-06-21 02:30:00+00:00,2025-06-21 02:30:00+00:00,29.8,81.0,2.0,123.0,0.0,0.0,10.0,982.0,,ozone,23.8,"Ashok Vihar, Delhi - DPCC",2
site_108,Delhi,Delhi,"Aya Nagar, Delhi - IMD",2025-06-21 02:30:00+00:00,2025-06-21 02:30:00+00:00,,,,,,0.0,,,,ozone,28.19,"Aya Nagar, Delhi - IMD",2
site_108,Delhi,Delhi,"Aya Nagar, Delhi - IMD",2025-06-21 02:30:00+00:00,2025-06-21 02:30:00+00:00,,,,,,0.0,,,,co,1.08,"Aya Nagar, Delhi - IMD",2
site_108,Delhi,Delhi,"Aya Nagar, Delhi - IMD",2025-06-21 02:30:00+00:00,2025-06-21 02:30:00+00:00,,,,,,0.0,,,,no,8.04,"Aya Nagar, Delhi - IMD",2
site_108,Delhi,Delhi,"Aya Nagar, Delhi - IMD",2025-06-21 02:30:00+00:00,2025-06-21 02:30:00+00:00,,,,,,0.0,,,,pm10,75.39,"Aya Nagar, Delhi - IMD",2
site_108,Delhi,Delhi,"Aya Nagar, Delhi - IMD",2025-06-21 02:30:00+00:00,2025-06-21 02:30:00+00:00,,,,,,0.0,,,,no2,11.67,"Aya Nagar, Delhi - IMD",2
site_108,Delhi,Delhi,"Aya Nagar, Delhi - IMD",2025-06-21 02:30:00+00:00,2025-06-21 02:30:00+00:00,,,,,,0.0,,,,pm25,29.11,"Aya Nagar, Delhi - IMD",2
site_5024,Delhi,Delhi,"Alipur, Delhi - DPCC",2025-06-21 02:45:00+00:00,2025-06-21 02:45:00+00:00,30.2,76.0,,269.0,0.0,0.0,4.0,980.0,,ozone,12.3,"Alipur, Delhi - DPCC",2
site_5024,Delhi,Delhi,"Alipur, Delhi - DPCC",2025-06-21 02:45:00+00:00,2025-06-21 02:45:00+00:00,30.2,76.0,,269.0,0.0,0.0,4.0,980.0,,benzene,0.1,"Alipur, Delhi - DPCC",2
site_301,Delhi,Delhi,"Anand Vihar, Delhi - DPCC",2025-06-21 02:45:00+00:00,2025-06-21 02:45:00+00:00,29.8,80.0,0.7,247.0,,0.0,5.0,744.0,,pm25,23.0,"Anand Vihar, Delhi - DPCC",2
site_301,Delhi,Delhi,"Anand Vihar, Delhi - DPCC",2025-06-21 02:45:00+00:00,2025-06-21 02:45:00+00:00,29.8,80.0,0.7,247.0,,0.0,5.0,744.0,,so2,49.4,"Anand Vihar, Delhi - DPCC",2
site_301,Delhi,Delhi,"Anand Vihar, Delhi - DPCC",2025-06-21 02:45:00+00:00,2025-06-21 02:45:00+00:00,29.8,80.0,0.7,247.0,,0.0,5.0,744.0,,toluene,8.9,"Anand Vihar, Delhi - DPCC",2
site_108,Delhi,Delhi,"Aya Nagar, Delhi - IMD",2025-06-21 02:45:00+00:00,2025-06-21 02:45:00+00:00,,,,,,0.0,,,,pm25,27.03,"Aya Nagar, Delhi - IMD",2
site_108,Delhi,Delhi,"Aya Nagar, Delhi - IMD",2025-06-21 02:45:00+00:00,2025-06-21 02:45:00+00:00,,,,,,0.0,,,,pm10,81.27,"Aya Nagar, Delhi - IMD",2
site_104,Delhi,Delhi,"Burari Crossing, Delhi - IMD",2025-06-21 02:45:00+00:00,2025-06-21 02:45:00+00:00,,,,,,0.0,,,,co,0.67,"Burari Crossing, Delhi - IMD",2
site_104,Delhi,Delhi,"Burari Crossing, Delhi - IMD",2025-06-21 02:45:00+00:00,2025-06-21 02:45:00+00:00,,,,,,0.0,,,,no,10.16,"Burari Crossing, Delhi - IMD",2
site_104,Delhi,Delhi,"Burari Crossing, Delhi - IMD",2025-06-21 02:45:00+00:00,2025-06-21 02:45:00+00:00,,,,,,0.0,,,,no2,25.96,"Burari Crossing, Delhi - IMD",2
site_104,Delhi,Delhi,"Burari Crossing, Delhi - IMD",2025-06-21 02:45:00+00:00,2025-06-21 02:45:00+00:00,,,,,,0.0,,,,ozone,29.76,"Burari Crossing, Delhi - IMD",2
site_5024,Delhi,Delhi,"Alipur, Delhi - DPCC",2025-06-21 02:45:00+00:00,2025-06-21 02:45:00+00:00,30.2,76.0,,269.0,0.0,0.0,4.0,980.0,,pm25,41.0,"Alipur, Delhi - DPCC",2
site_5024,Delhi,Delhi,"Alipur, Delhi - DPCC",2025-06-21 02:45:00+00:00,2025-06-21 02:45:00+00:00,30.2,76.0,,269.0,0.0,0.0,4.0,980.0,,toluene,0.2,"Alipur, Delhi - DPCC",2
site_1560,Delhi,Delhi,"Bawana, Delhi - DPCC",2025-06-21 02:45:00+00:00,2025-06-21 02:45:00+00:00,30.6,80.0,1.6,129.0,0.0,0.0,6.0,992.0,,ozone,25.4,"Bawana, Delhi - DPCC",2
site_1560,Delhi,Delhi,"Bawana, Delhi - DPCC",2025-06-21 02:45:00+00:00,2025-06-21 02:45:00+00:00,30.6,80.0,1.6,129.0,0.0,0.0,6.0,992.0,,toluene,3.5,"Bawana, Delhi - DPCC",2
site_104,Delhi,Delhi,"Burari Crossing, Delhi - IMD",2025-06-21 02:45:00+00:00,2025-06-21 02:45:00+00:00,,,,,,0.0,,,,pm10,75.92,"Burari Crossing, Delhi - IMD",2
site_108,Delhi,Delhi,"Aya Nagar, Delhi - IMD",2025-06-21 02:45:00+00:00,2025-06-21 02:45:00+00:00,,,,,,0.0,,,,ozone,29.86,"Aya Nagar, Delhi - IMD",2
site_301,Delhi,Delhi,"Anand Vihar, Delhi - DPCC",2025-06-21 02:45:00+00:00,2025-06-21 02:45:00+00:00,29.8,80.0,0.7,247.0,,0.0,5.0,744.0,,pm10,66.0,"Anand Vihar, Delhi - DPCC",2
site_301,Delhi,Delhi,"Anand Vihar, Delhi - DPCC",2025-06-21 02:45:00+00:00,2025-06-21 02:45:00+00:00,29.8,80.0,0.7,247.0,,0.0,5.0,744.0,,ozone,9.4,"Anand Vihar, Delhi - DPCC",2
site_301,Delhi,Delhi,"Anand Vihar, Delhi - DPCC",2025-06-21 02:45:00+00:00,2025-06-21 02:45:00+00:00,29.8,80.0,0.7,247.0,,0.0,5.0,744.0,,no2,24.1,"Anand Vihar, Delhi - DPCC",2
site_301,Delhi,Delhi,"Anand Vihar, Delhi - DPCC",2025-06-21 02:45:00+00:00,2025-06-21 02:45:00+00:00,29.8,80.0,0.7,247.0,,0.0,5.0,744.0,,no,11.5,"Anand Vihar, Delhi - DPCC",2
site_301,Delhi,Delhi,"Anand Vihar, Delhi - DPCC",2025-06-21 02:45:00+00:00,2025-06-21 02:45:00+00:00,29.8,80.0,0.7,247.0,,0.0,5.0,744.0,,nh3,11.9,"Anand Vihar, Delhi - DPCC",2
site_301,Delhi,Delhi,"Anand Vihar, Delhi - DPCC",2025-06-21 02:45:00+00:00,2025-06-21 02:45:00+00:00,29.8,80.0,0.7,247.0,,0.0,5.0,744.0,,co,1.01,"Anand Vihar, Delhi - DPCC",2
site_301,Delhi,Delhi,"Anand Vihar, Delhi - DPCC",2025-06-21 02:45:00+00:00,2025-06-21 02:45:00+00:00,29.8,80.0,0.7,247.0,,0.0,5.0,744.0,,benzene,0.7,"Anand Vihar, Delhi - DPCC",2
site_108,Delhi,Delhi,"Aya Nagar, Delhi - IMD",2025-06-21 02:45:00+00:00,2025-06-21 02:45:00+00:00,,,,,,0.0,,,,co,1.11,"Aya Nagar, Delhi - IMD",2
site_108,Delhi,Delhi,"Aya Nagar, Delhi - IMD",2025-06-21 02:45:00+00:00,2025-06-21 02:45:00+00:00,,,,,,0.0,,,,no,12.5,"Aya Nagar, Delhi - IMD",2
site_108,Delhi,Delhi,"Aya Nagar, Delhi - IMD",2025-06-21 02:45:00+00:00,2025-06-21 02:45:00+00:00,,,,,,0.0,,,,no2,11.78,"Aya Nagar, Delhi - IMD",2
site_1560,Delhi,Delhi,"Bawana, Delhi - DPCC",2025-06-21 02:45:00+00:00,2025-06-21 02:45:00+00:00,30.6,80.0,1.6,129.0,0.0,0.0,6.0,992.0,,pm10,79.0,"Bawana, Delhi - DPCC",2
site_104,Delhi,Delhi,"Burari Crossing, Delhi - IMD",2025-06-21 02:45:00+00:00,2025-06-21 02:45:00+00:00,,,,,,0.0,,,,pm25,7.94,"Burari Crossing, Delhi - IMD",2
site_5024,Delhi,Delhi,"Alipur, Delhi - DPCC",2025-06-21 02:45:00+00:00,2025-06-21 02:45:00+00:00,30.2,76.0,,269.0,0.0,0.0,4.0,980.0,,pm10,81.0,"Alipur, Delhi - DPCC",2
site_1560,Delhi,Delhi,"Bawana, Delhi - DPCC",2025-06-21 02:45:00+00:00,2025-06-21 02:45:00+00:00,30.6,80.0,1.6,129.0,0.0,0.0,6.0,992.0,,pm25,39.0,"Bawana, Delhi - DPCC",2
site_1420,Delhi,Delhi,"Ashok Vihar, Delhi - DPCC",2025-06-21 02:45:00+00:00,2025-06-21 02:45:00+00:00,29.8,81.0,2.7,103.0,0.0,0.0,10.0,982.0,,pm25,46.0,"Ashok Vihar, Delhi - DPCC",2
site_1420,Delhi,Delhi,"Ashok Vihar, Delhi - DPCC",2025-06-21 02:45:00+00:00,2025-06-21 02:45:00+00:00,29.8,81.0,2.7,103.0,0.0,0.0,10.0,982.0,,pm10,79.0,"Ashok Vihar, Delhi - DPCC",2
site_1420,Delhi,Delhi,"Ashok Vihar, Delhi - DPCC",2025-06-21 02:45:00+00:00,2025-06-21 02:45:00+00:00,29.8,81.0,2.7,103.0,0.0,0.0,10.0,982.0,,ozone,16.8,"Ashok Vihar, Delhi - DPCC",2
site_1420,Delhi,Delhi,"Ashok Vihar, Delhi - DPCC",2025-06-21 02:45:00+00:00,2025-06-21 02:45:00+00:00,29.8,81.0,2.7,103.0,0.0,0.0,10.0,982.0,,benzene,0.1,"Ashok Vihar, Delhi - DPCC",2
site_1560,Delhi,Delhi,"Bawana, Delhi - DPCC",2025-06-21 02:45:00+00:00,2025-06-21 02:45:00+00:00,30.6,80.0,1.6,129.0,0.0,0.0,6.0,992.0,,benzene,0.6,"Bawana, Delhi - DPCC",2
site_1420,Delhi,Delhi,"Ashok Vihar, Delhi - DPCC",2025-06-21 02:45:00+00:00,2025-06-21 02:45:00+00:00,29.8,81.0,2.7,103.0,0.0,0.0,10.0,982.0,,toluene,0.9,"Ashok Vihar, Delhi - DPCC",2
site_104,Delhi,Delhi,"Burari Crossing, Delhi - IMD",2025-06-21 03:00:00+00:00,2025-06-21 03:00:00+00:00,,,,,,0.0,,,,no,10.7,"Burari Crossing, Delhi - IMD",3
site_1420,Delhi,Delhi,"Ashok Vihar, Delhi - DPCC",2025-06-21 03:00:00+00:00,2025-06-21 03:00:00+00:00,29.8,81.0,2.4,140.0,0.0,0.0,10.0,982.0,,benzene,0.1,"Ashok Vihar, Delhi - DPCC",3
site_1420,Delhi,Delhi,"Ashok Vihar, Delhi - DPCC",2025-06-21 03:00:00+00:00,2025-06-21 03:00:00+00:00,29.8,81.0,2.4,140.0,0.0,0.0,10.0,982.0,,co,0.78,"Ashok Vihar, Delhi - DPCC",3
site_1420,Delhi,Delhi,"Ashok Vihar, Delhi - DPCC",2025-06-21 03:00:00+00:00,2025-06-21 03:00:00+00:00,29.8,81.0,2.4,140.0,0.0,0.0,10.0,982.0,,so2,12.4,"Ashok Vihar, Delhi - DPCC",3
site_1420,Delhi,Delhi,"Ashok Vihar, Delhi - DPCC",2025-06-21 03:00:00+00:00,2025-06-21 03:00:00+00:00,29.8,81.0,2.4,140.0,0.0,0.0,10.0,982.0,,toluene,0.8,"Ashok Vihar, Delhi - DPCC",3
site_1560,Delhi,Delhi,"Bawana, Delhi - DPCC",2025-06-21 03:00:00+00:00,2025-06-21 03:00:00+00:00,30.6,81.0,1.3,126.0,0.0,0.0,6.0,991.0,,pm25,52.0,"Bawana, Delhi - DPCC",3
site_301,Delhi,Delhi,"Anand Vihar, Delhi - DPCC",2025-06-21 03:00:00+00:00,2025-06-21 03:00:00+00:00,29.8,80.0,0.6,271.0,,0.0,5.0,744.0,,toluene,7.4,"Anand Vihar, Delhi - DPCC",3
site_5024,Delhi,Delhi,"Alipur, Delhi - DPCC",2025-06-21 03:00:00+00:00,2025-06-21 03:00:00+00:00,30.2,76.0,,278.0,0.0,0.0,4.0,980.0,,benzene,0.2,"Alipur, Delhi - DPCC",3
site_5024,Delhi,Delhi,"Alipur, Delhi - DPCC",2025-06-21 03:00:00+00:00,2025-06-21 03:00:00+00:00,30.2,76.0,,278.0,0.0,0.0,4.0,980.0,,co,0.84,"Alipur, Delhi - DPCC",3
site_5024,Delhi,Delhi,"Alipur, Delhi - DPCC",2025-06-21 03:00:00+00:00,2025-06-21 03:00:00+00:00,30.2,76.0,,278.0,0.0,0.0,4.0,980.0,,no,3.5,"Alipur, Delhi - DPCC",3
site_5024,Delhi,Delhi,"Alipur, Delhi - DPCC",2025-06-21 03:00:00+00:00,2025-06-21 03:00:00+00:00,30.2,76.0,,278.0,0.0,0.0,4.0,980.0,,no2,20.6,"Alipur, Delhi - DPCC",3
site_5024,Delhi,Delhi,"Alipur, Delhi - DPCC",2025-06-21 03:00:00+00:00,2025-06-21 03:00:00+00:00,30.2,76.0,,278.0,0.0,0.0,4.0,980.0,,ozone,11.5,"Alipur, Delhi - DPCC",3
site_5024,Delhi,Delhi,"Alipur, Delhi - DPCC",2025-06-21 03:00:00+00:00,2025-06-21 03:00:00+00:00,30.2,76.0,,278.0,0.0,0.0,4.0,980.0,,pm10,108.0,"Alipur, Delhi - DPCC",3
site_5024,Delhi,Delhi,"Alipur, Delhi - DPCC",2025-06-21 03:00:00+00:00,2025-06-21 03:00:00+00:00,30.2,76.0,,278.0,0.0,0.0,4.0,980.0,,pm25,63.0,"Alipur, Delhi - DPCC",3
site_5024,Delhi,Delhi,"Alipur, Delhi - DPCC",2025-06-21 03:00:00+00:00,2025-06-21 03:00:00+00:00,30.2,76.0,,278.0,0.0,0.0,4.0,980.0,,so2,14.1,"Alipur, Delhi - DPCC",3
site_5024,Delhi,Delhi,"Alipur, Delhi - DPCC",2025-06-21 03:00:00+00:00,2025-06-21 03:00:00+00:00,30.2,76.0,,278.0,0.0,0.0,4.0,980.0,,toluene,0.2,"Alipur, Delhi - DPCC",3
site_301,Delhi,Delhi,"Anand Vihar, Delhi - DPCC",2025-06-21 03:00:00+00:00,2025-06-21 03:00:00+00:00,29.8,80.0,0.6,271.0,,0.0,5.0,744.0,,so2,33.4,"Anand Vihar, Delhi - DPCC",3
site_104,Delhi,Delhi,"Burari Crossing, Delhi - IMD",2025-06-21 03:00:00+00:00,2025-06-21 03:00:00+00:00,,,,,,0.0,,,,co,0.66,"Burari Crossing, Delhi - IMD",3
site_1560,Delhi,Delhi,"Bawana, Delhi - DPCC",2025-06-21 03:00:00+00:00,2025-06-21 03:00:00+00:00,30.6,81.0,1.3,126.0,0.0,0.0,6.0,991.0,,toluene,4.4,"Bawana, Delhi - DPCC",3
site_1560,Delhi,Delhi,"Bawana, Delhi - DPCC",2025-06-21 03:00:00+00:00,2025-06-21 03:00:00+00:00,30.6,81.0,1.3,126.0,0.0,0.0,6.0,991.0,,benzene,0.6,"Bawana, Delhi - DPCC",3
site_1560,Delhi,Delhi,"Bawana, Delhi - DPCC",2025-06-21 03:00:00+00:00,2025-06-21 03:00:00+00:00,30.6,81.0,1.3,126.0,0.0,0.0,6.0,991.0,,ozone,21.4,"Bawana, Delhi - DPCC",3
site_1560,Delhi,Delhi,"Bawana, Delhi - DPCC",2025-06-21 03:00:00+00:00,2025-06-21 03:00:00+00:00,30.6,81.0,1.3,126.0,0.0,0.0,6.0,991.0,,pm10,85.0,"Bawana, Delhi - DPCC",3
site_5024,Delhi,Delhi,"Alipur, Delhi - DPCC",2025-06-21 03:00:00+00:00,2025-06-21 03:00:00+00:00,30.2,76.0,,278.0,0.0,0.0,4.0,980.0,,nh3,62.4,"Alipur, Delhi - DPCC",3
site_301,Delhi,Delhi,"Anand Vihar, Delhi - DPCC",2025-06-21 03:00:00+00:00,2025-06-21 03:00:00+00:00,29.8,80.0,0.6,271.0,,0.0,5.0,744.0,,benzene,0.5,"Anand Vihar, Delhi - DPCC",3
site_1420,Delhi,Delhi,"Ashok Vihar, Delhi - DPCC",2025-06-21 03:00:00+00:00,2025-06-21 03:00:00+00:00,29.8,81.0,2.4,140.0,0.0,0.0,10.0,982.0,,nh3,35.8,"Ashok Vihar, Delhi - DPCC",3
site_301,Delhi,Delhi,"Anand Vihar, Delhi - DPCC",2025-06-21 03:00:00+00:00,2025-06-21 03:00:00+00:00,29.8,80.0,0.6,271.0,,0.0,5.0,744.0,,nh3,12.9,"Anand Vihar, Delhi - DPCC",3
site_104,Delhi,Delhi,"Burari Crossing, Delhi - IMD",2025-06-21 03:00:00+00:00,2025-06-21 03:00:00+00:00,,,,,,0.0,,,,no2,27.38,"Burari Crossing, Delhi - IMD",3
site_104,Delhi,Delhi,"Burari Crossing, Delhi - IMD",2025-06-21 03:00:00+00:00,2025-06-21 03:00:00+00:00,,,,,,0.0,,,,ozone,23.82,"Burari Crossing, Delhi - IMD",3
site_104,Delhi,Delhi,"Burari Crossing, Delhi - IMD",2025-06-21 03:00:00+00:00,2025-06-21 03:00:00+00:00,,,,,,0.0,,,,pm10,64.83,"Burari Crossing, Delhi - IMD",3
site_104,Delhi,Delhi,"Burari Crossing, Delhi - IMD",2025-06-21 03:00:00+00:00,2025-06-21 03:00:00+00:00,,,,,,0.0,,,,pm25,7.18,"Burari Crossing, Delhi - IMD",3
site_1420,Delhi,Delhi,"Ashok Vihar, Delhi - DPCC",2025-06-21 03:00:00+00:00,2025-06-21 03:00:00+00:00,29.8,81.0,2.4,140.0,0.0,0.0,10.0,982.0,,no,4.0,"Ashok Vihar, Delhi - DPCC",3
site_1420,Delhi,Delhi,"Ashok Vihar, Delhi - DPCC",2025-06-21 03:00:00+00:00,2025-06-21 03:00:00+00:00,29.8,81.0,2.4,140.0,0.0,0.0,10.0,982.0,,no2,16.1,"Ashok Vihar, Delhi - DPCC",3
site_1420,Delhi,Delhi,"Ashok Vihar, Delhi - DPCC",2025-06-21 03:00:00+00:00,2025-06-21 03:00:00+00:00,29.8,81.0,2.4,140.0,0.0,0.0,10.0,982.0,,ozone,12.8,"Ashok Vihar, Delhi - DPCC",3
site_301,Delhi,Delhi,"Anand Vihar, Delhi - DPCC",2025-06-21 03:00:00+00:00,2025-06-21 03:00:00+00:00,29.8,80.0,0.6,271.0,,0.0,5.0,744.0,,co,1.12,"Anand Vihar, Delhi - DPCC",3
site_108,Delhi,Delhi,"Aya Nagar, Delhi - IMD",2025-06-21 03:00:00+00:00,2025-06-21 03:00:00+00:00,,,,,,0.0,,,,co,1.12,"Aya Nagar, Delhi - IMD",3
site_108,Delhi,Delhi,"Aya Nagar, Delhi - IMD",2025-06-21 03:00:00+00:00,2025-06-21 03:00:00+00:00,,,,,,0.0,,,,no,11.32,"Aya Nagar, Delhi - IMD",3
site_108,Delhi,Delhi,"Aya Nagar, Delhi - IMD",2025-06-21 03:00:00+00:00,2025-06-21 03:00:00+00:00,,,,,,0.0,,,,no2,11.68,"Aya Nagar, Delhi - IMD",3
site_108,Delhi,Delhi,"Aya Nagar, Delhi - IMD",2025-06-21 03:00:00+00:00,2025-06-21 03:00:00+00:00,,,,,,0.0,,,,ozone,30.3,"Aya Nagar, Delhi - IMD",3
site_108,Delhi,Delhi,"Aya Nagar, Delhi - IMD",2025-06-21 03:00:00+00:00,2025-06-21 03:00:00+00:00,,,,,,0.0,,,,pm10,82.55,"Aya Nagar, Delhi - IMD",3
site_1420,Delhi,Delhi,"Ashok Vihar, Delhi - DPCC",2025-06-21 03:00:00+00:00,2025-06-21 03:00:00+00:00,29.8,81.0,2.4,140.0,0.0,0.0,10.0,982.0,,pm10,69.0,"Ashok Vihar, Delhi - DPCC",3
site_301,Delhi,Delhi,"Anand Vihar, Delhi - DPCC",2025-06-21 03:00:00+00:00,2025-06-21 03:00:00+00:00,29.8,80.0,0.6,271.0,,0.0,5.0,744.0,,no,7.3,"Anand Vihar, Delhi - DPCC",3
site_301,Delhi,Delhi,"Anand Vihar, Delhi - DPCC",2025-06-21 03:00:00+00:00,2025-06-21 03:00:00+00:00,29.8,80.0,0.6,271.0,,0.0,5.0,744.0,,no2,26.6,"Anand Vihar, Delhi - DPCC",3
site_301,Delhi,Delhi,"Anand Vihar, Delhi - DPCC",2025-06-21 03:00:00+00:00,2025-06-21 03:00:00+00:00,29.8,80.0,0.6,271.0,,0.0,5.0,744.0,,ozone,9.8,"Anand Vihar, Delhi - DPCC",3
site_1420,Delhi,Delhi,"Ashok Vihar, Delhi - DPCC",2025-06-21 03:00:00+00:00,2025-06-21 03:00:00+00:00,29.8,81.0,2.4,140.0,0.0,0.0,10.0,982.0,,pm25,42.0,"Ashok Vihar, Delhi - DPCC",3
site_301,Delhi,Delhi,"Anand Vihar, Delhi - DPCC",2025-06-21 03:00:00+00:00,2025-06-21 03:00:00+00:00,29.8,80.0,0.6,271.0,,0.0,5.0,744.0,,pm25,39.0,"Anand Vihar, Delhi - DPCC",3
site_301,Delhi,Delhi,"Anand Vihar, Delhi - DPCC",2025-06-21 03:00:00+00:00,2025-06-21 03:00:00+00:00,29.8,80.0,0.6,271.0,,0.0,5.0,744.0,,pm10,61.0,"Anand Vihar, Delhi - DPCC",3
site_108,Delhi,Delhi,"Aya Nagar, Delhi - IMD",2025-06-21 03:00:00+00:00,2025-06-21 03:00:00+00:00,,,,,,0.0,,,,pm25,32.94,"Aya Nagar, Delhi - IMD",3
site_1420,Delhi,Delhi,"Ashok Vihar, Delhi - DPCC",2025-06-21 03:15:00+00:00,2025-06-21 03:15:00+00:00,29.8,81.0,2.3,144.0,0.0,0.0,10.0,982.0,,pm25,42.0,"Ashok Vihar, Delhi - DPCC",3
site_1560,Delhi,Delhi,"Bawana, Delhi - DPCC",2025-06-21 03:15:00+00:00,2025-06-21 03:15:00+00:00,30.7,80.0,1.8,127.0,0.0,0.0,5.0,991.0,,benzene,0.9,"Bawana, Delhi - DPCC",3
site_1560,Delhi,Delhi,"Bawana, Delhi - DPCC",2025-06-21 03:15:00+00:00,2025-06-21 03:15:00+00:00,30.7,80.0,1.8,127.0,0.0,0.0,5.0,991.0,,co,0.64,"Bawana, Delhi - DPCC",3
site_1560,Delhi,Delhi,"Bawana, Delhi - DPCC",2025-06-21 03:15:00+00:00,2025-06-21 03:15:00+00:00,30.7,80.0,1.8,127.0,0.0,0.0,5.0,991.0,,nh3,27.8,"Bawana, Delhi - DPCC",3
site_1420,Delhi,Delhi,"Ashok Vihar, Delhi - DPCC",2025-06-21 03:15:00+00:00,2025-06-21 03:15:00+00:00,29.8,81.0,2.3,144.0,0.0,0.0,10.0,982.0,,no,4.1,"Ashok Vihar, Delhi - DPCC",3
site_1560,Delhi,Delhi,"Bawana, Delhi - DPCC",2025-06-21 03:15:00+00:00,2025-06-21 03:15:00+00:00,30.7,80.0,1.8,127.0,0.0,0.0,5.0,991.0,,no,4.8,"Bawana, Delhi - DPCC",3
site_1560,Delhi,Delhi,"Bawana, Delhi - DPCC",2025-06-21 03:15:00+00:00,2025-06-21 03:15:00+00:00,30.7,80.0,1.8,127.0,0.0,0.0,5.0,991.0,,no2,10.2,"Bawana, Delhi - DPCC",3
site_1560,Delhi,Delhi,"Bawana, Delhi - DPCC",2025-06-21 03:15:00+00:00,2025-06-21 03:15:00+00:00,30.7,80.0,1.8,127.0,0.0,0.0,5.0,991.0,,ozone,14.7,"Bawana, Delhi - DPCC",3
site_1560,Delhi,Delhi,"Bawana, Delhi - DPCC",2025-06-21 03:15:00+00:00,2025-06-21 03:15:00+00:00,30.7,80.0,1.8,127.0,0.0,0.0,5.0,991.0,,pm25,52.0,"Bawana, Delhi - DPCC",3
site_1560,Delhi,Delhi,"Bawana, Delhi - DPCC",2025-06-21 03:15:00+00:00,2025-06-21 03:15:00+00:00,30.7,80.0,1.8,127.0,0.0,0.0,5.0,991.0,,so2,4.4,"Bawana, Delhi - DPCC",3
site_301,Delhi,Delhi,"Anand Vihar, Delhi - DPCC",2025-06-21 03:15:00+00:00,2025-06-21 03:15:00+00:00,29.9,79.0,0.3,261.0,,0.0,5.0,744.0,,pm25,39.0,"Anand Vihar, Delhi - DPCC",3
site_301,Delhi,Delhi,"Anand Vihar, Delhi - DPCC",2025-06-21 03:15:00+00:00,2025-06-21 03:15:00+00:00,29.9,79.0,0.3,261.0,,0.0,5.0,744.0,,so2,44.2,"Anand Vihar, Delhi - DPCC",3
site_301,Delhi,Delhi,"Anand Vihar, Delhi - DPCC",2025-06-21 03:15:00+00:00,2025-06-21 03:15:00+00:00,29.9,79.0,0.3,261.0,,0.0,5.0,744.0,,toluene,6.8,"Anand Vihar, Delhi - DPCC",3
site_301,Delhi,Delhi,"Anand Vihar, Delhi - DPCC",2025-06-21 03:15:00+00:00,2025-06-21 03:15:00+00:00,29.9,79.0,0.3,261.0,,0.0,5.0,744.0,,pm10,61.0,"Anand Vihar, Delhi - DPCC",3
site_1420,Delhi,Delhi,"Ashok Vihar, Delhi - DPCC",2025-06-21 03:15:00+00:00,2025-06-21 03:15:00+00:00,29.8,81.0,2.3,144.0,0.0,0.0,10.0,982.0,,ozone,12.2,"Ashok Vihar, Delhi - DPCC",3
site_1420,Delhi,Delhi,"Ashok Vihar, Delhi - DPCC",2025-06-21 03:15:00+00:00,2025-06-21 03:15:00+00:00,29.8,81.0,2.3,144.0,0.0,0.0,10.0,982.0,,toluene,0.5,"Ashok Vihar, Delhi - DPCC",3
site_1420,Delhi,Delhi,"Ashok Vihar, Delhi - DPCC",2025-06-21 03:15:00+00:00,2025-06-21 03:15:00+00:00,29.8,81.0,2.3,144.0,0.0,0.0,10.0,982.0,,so2,7.4,"Ashok Vihar, Delhi - DPCC",3
site_1420,Delhi,Delhi,"Ashok Vihar, Delhi - DPCC",2025-06-21 03:15:00+00:00,2025-06-21 03:15:00+00:00,29.8,81.0,2.3,144.0,0.0,0.0,10.0,982.0,,pm10,69.0,"Ashok Vihar, Delhi - DPCC",3
site_1560,Delhi,Delhi,"Bawana, Delhi - DPCC",2025-06-21 03:15:00+00:00,2025-06-21 03:15:00+00:00,30.7,80.0,1.8,127.0,0.0,0.0,5.0,991.0,,toluene,6.3,"Bawana, Delhi - DPCC",3
site_1420,Delhi,Delhi,"Ashok Vihar, Delhi - DPCC",2025-06-21 03:15:00+00:00,2025-06-21 03:15:00+00:00,29.8,81.0,2.3,144.0,0.0,0.0,10.0,982.0,,no2,14.0,"Ashok Vihar, Delhi - DPCC",3
site_1560,Delhi,Delhi,"Bawana, Delhi - DPCC",2025-06-21 03:15:00+00:00,2025-06-21 03:15:00+00:00,30.7,80.0,1.8,127.0,0.0,0.0,5.0,991.0,,pm10,85.0,"Bawana, Delhi - DPCC",3
site_301,Delhi,Delhi,"Anand Vihar, Delhi - DPCC",2025-06-21 03:15:00+00:00,2025-06-21 03:15:00+00:00,29.9,79.0,0.3,261.0,,0.0,5.0,744.0,,ozone,12.7,"Anand Vihar, Delhi - DPCC",3
site_5024,Delhi,Delhi,"Alipur, Delhi - DPCC",2025-06-21 03:15:00+00:00,2025-06-21 03:15:00+00:00,30.2,76.0,,267.0,0.0,0.0,4.0,980.0,,ozone,11.4,"Alipur, Delhi - DPCC",3
site_301,Delhi,Delhi,"Anand Vihar, Delhi - DPCC",2025-06-21 03:15:00+00:00,2025-06-21 03:15:00+00:00,29.9,79.0,0.3,261.0,,0.0,5.0,744.0,,no,7.0,"Anand Vihar, Delhi - DPCC",3
site_301,Delhi,Delhi,"Anand Vihar, Delhi - DPCC",2025-06-21 03:15:00+00:00,2025-06-21 03:15:00+00:00,29.9,79.0,0.3,261.0,,0.0,5.0,744.0,,no2,21.9,"Anand Vihar, Delhi - DPCC",3
site_1420,Delhi,Delhi,"Ashok Vihar, Delhi - DPCC",2025-06-21 03:15:00+00:00,2025-06-21 03:15:00+00:00,29.8,81.0,2.3,144.0,0.0,0.0,10.0,982.0,,nh3,31.2,"Ashok Vihar, Delhi - DPCC",3
site_1420,Delhi,Delhi,"Ashok Vihar, Delhi - DPCC",2025-06-21 03:15:00+00:00,2025-06-21 03:15:00+00:00,29.8,81.0,2.3,144.0,0.0,0.0,10.0,982.0,,co,0.77,"Ashok Vihar, Delhi - DPCC",3
site_1420,Delhi,Delhi,"Ashok Vihar, Delhi - DPCC",2025-06-21 03:15:00+00:00,2025-06-21 03:15:00+00:00,29.8,81.0,2.3,144.0,0.0,0.0,10.0,982.0,,benzene,0.1,"Ashok Vihar, Delhi - DPCC",3
site_104,Delhi,Delhi,"Burari Crossing, Delhi - IMD",2025-06-21 03:15:00+00:00,2025-06-21 03:15:00+00:00,,,,,,0.0,,,,pm10,64.51,"Burari Crossing, Delhi - IMD",3
site_104,Delhi,Delhi,"Burari Crossing, Delhi - IMD",2025-06-21 03:15:00+00:00,2025-06-21 03:15:00+00:00,,,,,,0.0,,,,ozone,24.58,"Burari Crossing, Delhi - IMD",3
site_104,Delhi,Delhi,"Burari Crossing, Delhi - IMD",2025-06-21 03:15:00+00:00,2025-06-21 03:15:00+00:00,,,,,,0.0,,,,no2,27.34,"Burari Crossing, Delhi - IMD",3
site_108,Delhi,Delhi,"Aya Nagar, Delhi - IMD",2025-06-21 03:15:00+00:00,2025-06-21 03:15:00+00:00,,,,,,0.0,,,,pm25,40.59,"Aya Nagar, Delhi - IMD",3
site_108,Delhi,Delhi,"Aya Nagar, Delhi - IMD",2025-06-21 03:15:00+00:00,2025-06-21 03:15:00+00:00,,,,,,0.0,,,,pm10,88.93,"Aya Nagar, Delhi - IMD",3
site_108,Delhi,Delhi,"Aya Nagar, Delhi - IMD",2025-06-21 03:15:00+00:00,2025-06-21 03:15:00+00:00,,,,,,0.0,,,,ozone,20.73,"Aya Nagar, Delhi - IMD",3
site_108,Delhi,Delhi,"Aya Nagar, Delhi - IMD",2025-06-21 03:15:00+00:00,2025-06-21 03:15:00+00:00,,,,,,0.0,,,,no2,10.14,"Aya Nagar, Delhi - IMD",3
site_108,Delhi,Delhi,"Aya Nagar, Delhi - IMD",2025-06-21 03:15:00+00:00,2025-06-21 03:15:00+00:00,,,,,,0.0,,,,no,8.54,"Aya Nagar, Delhi - IMD",3
site_108,Delhi,Delhi,"Aya Nagar, Delhi - IMD",2025-06-21 03:15:00+00:00,2025-06-21 03:15:00+00:00,,,,,,0.0,,,,co,1.03,"Aya Nagar, Delhi - IMD",3
site_104,Delhi,Delhi,"Burari Crossing, Delhi - IMD",2025-06-21 03:15:00+00:00,2025-06-21 03:15:00+00:00,,,,,,0.0,,,,no,11.03,"Burari Crossing, Delhi - IMD",3
site_104,Delhi,Delhi,"Burari Crossing, Delhi - IMD",2025-06-21 03:15:00+00:00,2025-06-21 03:15:00+00:00,,,,,,0.0,,,,co,0.65,"Burari Crossing, Delhi - IMD",3
site_301,Delhi,Delhi,"Anand Vihar, Delhi - DPCC",2025-06-21 03:15:00+00:00,2025-06-21 03:15:00+00:00,29.9,79.0,0.3,261.0,,0.0,5.0,744.0,,benzene,0.4,"Anand Vihar, Delhi - DPCC",3
site_301,Delhi,Delhi,"Anand Vihar, Delhi - DPCC",2025-06-21 03:15:00+00:00,2025-06-21 03:15:00+00:00,29.9,79.0,0.3,261.0,,0.0,5.0,744.0,,co,1.0,"Anand Vihar, Delhi - DPCC",3
site_104,Delhi,Delhi,"Burari Crossing, Delhi - IMD",2025-06-21 03:15:00+00:00,2025-06-21 03:15:00+00:00,,,,,,0.0,,,,pm25,13.92,"Burari Crossing, Delhi - IMD",3
site_5024,Delhi,Delhi,"Alipur, Delhi - DPCC",2025-06-21 03:15:00+00:00,2025-06-21 03:15:00+00:00,30.2,76.0,,267.0,0.0,0.0,4.0,980.0,,benzene,0.2,"Alipur, Delhi - DPCC",3
site_5024,Delhi,Delhi,"Alipur, Delhi - DPCC",2025-06-21 03:15:00+00:00,2025-06-21 03:15:00+00:00,30.2,76.0,,267.0,0.0,0.0,4.0,980.0,,co,0.76,"Alipur, Delhi - DPCC",3
site_5024,Delhi,Delhi,"Alipur, Delhi - DPCC",2025-06-21 03:15:00+00:00,2025-06-21 03:15:00+00:00,30.2,76.0,,267.0,0.0,0.0,4.0,980.0,,nh3,63.5,"Alipur, Delhi - DPCC",3
site_5024,Delhi,Delhi,"Alipur, Delhi - DPCC",2025-06-21 03:15:00+00:00,2025-06-21 03:15:00+00:00,30.2,76.0,,267.0,0.0,0.0,4.0,980.0,,no,2.5,"Alipur, Delhi - DPCC",3
site_5024,Delhi,Delhi,"Alipur, Delhi - DPCC",2025-06-21 03:15:00+00:00,2025-06-21 03:15:00+00:00,30.2,76.0,,267.0,0.0,0.0,4.0,980.0,,no2,21.1,"Alipur, Delhi - DPCC",3
site_301,Delhi,Delhi,"Anand Vihar, Delhi - DPCC",2025-06-21 03:15:00+00:00,2025-06-21 03:15:00+00:00,29.9,79.0,0.3,261.0,,0.0,5.0,744.0,,nh3,13.2,"Anand Vihar, Delhi - DPCC",3
site_5024,Delhi,Delhi,"Alipur, Delhi - DPCC",2025-06-21 03:15:00+00:00,2025-06-21 03:15:00+00:00,30.2,76.0,,267.0,0.0,0.0,4.0,980.0,,pm10,108.0,"Alipur, Delhi - DPCC",3
site_5024,Delhi,Delhi,"Alipur, Delhi - DPCC",2025-06-21 03:15:00+00:00,2025-06-21 03:15:00+00:00,30.2,76.0,,267.0,0.0,0.0,4.0,980.0,,pm25,63.0,"Alipur, Delhi - DPCC",3
site_5024,Delhi,Delhi,"Alipur, Delhi - DPCC",2025-06-21 03:15:00+00:00,2025-06-21 03:15:00+00:00,30.2,76.0,,267.0,0.0,0.0,4.0,980.0,,toluene,0.2,"Alipur, Delhi - DPCC",3
site_5024,Delhi,Delhi,"Alipur, Delhi - DPCC",2025-06-21 03:15:00+00:00,2025-06-21 03:15:00+00:00,30.2,76.0,,267.0,0.0,0.0,4.0,980.0,,so2,15.9,"Alipur, Delhi - DPCC",3
site_301,Delhi,Delhi,"Anand Vihar, Delhi - DPCC",2025-06-21 03:30:00+00:00,2025-06-21 03:30:00+00:00,29.9,80.0,0.3,209.0,,0.0,5.0,744.0,,toluene,6.1,"Anand Vihar, Delhi - DPCC",3
site_1420,Delhi,Delhi,"Ashok Vihar, Delhi - DPCC",2025-06-21 03:30:00+00:00,2025-06-21 03:30:00+00:00,29.8,81.0,1.9,173.0,0.0,0.0,10.0,982.0,,ozone,11.4,"Ashok Vihar, Delhi - DPCC",3
site_1420,Delhi,Delhi,"Ashok Vihar, Delhi - DPCC",2025-06-21 03:30:00+00:00,2025-06-21 03:30:00+00:00,29.8,81.0,1.9,173.0,0.0,0.0,10.0,982.0,,pm10,69.0,"Ashok Vihar, Delhi - DPCC",3
site_1420,Delhi,Delhi,"Ashok Vihar, Delhi - DPCC",2025-06-21 03:30:00+00:00,2025-06-21 03:30:00+00:00,29.8,81.0,1.9,173.0,0.0,0.0,10.0,982.0,,pm25,42.0,"Ashok Vihar, Delhi - DPCC",3
site_1420,Delhi,Delhi,"Ashok Vihar, Delhi - DPCC",2025-06-21 03:30:00+00:00,2025-06-21 03:30:00+00:00,29.8,81.0,1.9,173.0,0.0,0.0,10.0,982.0,,so2,5.7,"Ashok Vihar, Delhi - DPCC",3
site_1420,Delhi,Delhi,"Ashok Vihar, Delhi - DPCC",2025-06-21 03:30:00+00:00,2025-06-21 03:30:00+00:00,29.8,81.0,1.9,173.0,0.0,0.0,10.0,982.0,,toluene,0.5,"Ashok Vihar, Delhi - DPCC",3
site_1560,Delhi,Delhi,"Bawana, Delhi - DPCC",2025-06-21 03:30:00+00:00,2025-06-21 03:30:00+00:00,30.8,80.0,1.8,135.0,0.0,0.0,5.0,991.0,,co,0.62,"Bawana, Delhi - DPCC",3
site_1560,Delhi,Delhi,"Bawana, Delhi - DPCC",2025-06-21 03:30:00+00:00,2025-06-21 03:30:00+00:00,30.8,80.0,1.8,135.0,0.0,0.0,5.0,991.0,,no,4.9,"Bawana, Delhi - DPCC",3
site_1560,Delhi,Delhi,"Bawana, Delhi - DPCC",2025-06-21 03:30:00+00:00,2025-06-21 03:30:00+00:00,30.8,80.0,1.8,135.0,0.0,0.0,5.0,991.0,,nh3,27.2,"Bawana, Delhi - DPCC",3
site_301,Delhi,Delhi,"Anand Vihar, Delhi - DPCC",2025-06-21 03:30:00+00:00,2025-06-21 03:30:00+00:00,29.9,80.0,0.3,209.0,,0.0,5.0,744.0,,nh3,11.1,"Anand Vihar, Delhi - DPCC",3
site_1560,Delhi,Delhi,"Bawana, Delhi - DPCC",2025-06-21 03:30:00+00:00,2025-06-21 03:30:00+00:00,30.8,80.0,1.8,135.0,0.0,0.0,5.0,991.0,,benzene,0.9,"Bawana, Delhi - DPCC",3
site_301,Delhi,Delhi,"Anand Vihar, Delhi - DPCC",2025-06-21 03:30:00+00:00,2025-06-21 03:30:00+00:00,29.9,80.0,0.3,209.0,,0.0,5.0,744.0,,benzene,0.5,"Anand Vihar, Delhi - DPCC",3
site_1420,Delhi,Delhi,"Ashok Vihar, Delhi - DPCC",2025-06-21 03:30:00+00:00,2025-06-21 03:30:00+00:00,29.8,81.0,1.9,173.0,0.0,0.0,10.0,982.0,,no2,14.0,"Ashok Vihar, Delhi - DPCC",3
site_301,Delhi,Delhi,"Anand Vihar, Delhi - DPCC",2025-06-21 03:30:00+00:00,2025-06-21 03:30:00+00:00,29.9,80.0,0.3,209.0,,0.0,5.0,744.0,,co,0.94,"Anand Vihar, Delhi - DPCC",3
site_1560,Delhi,Delhi,"Bawana, Delhi - DPCC",2025-06-21 03:30:00+00:00,2025-06-21 03:30:00+00:00,30.8,80.0,1.8,135.0,0.0,0.0,5.0,991.0,,no2,8.6,"Bawana, Delhi - DPCC",3
site_1420,Delhi,Delhi,"Ashok Vihar, Delhi - DPCC",2025-06-21 03:30:00+00:00,2025-06-21 03:30:00+00:00,29.8,81.0,1.9,173.0,0.0,0.0,10.0,982.0,,no,4.0,"Ashok Vihar, Delhi - DPCC",3
site_1560,Delhi,Delhi,"Bawana, Delhi - DPCC",2025-06-21 03:30:00+00:00,2025-06-21 03:30:00+00:00,30.8,80.0,1.8,135.0,0.0,0.0,5.0,991.0,,pm25,52.0,"Bawana, Delhi - DPCC",3
site_1420,Delhi,Delhi,"Ashok Vihar, Delhi - DPCC",2025-06-21 03:30:00+00:00,2025-06-21 03:30:00+00:00,29.8,81.0,1.9,173.0,0.0,0.0,10.0,982.0,,co,0.77,"Ashok Vihar, Delhi - DPCC",3
site_1420,Delhi,Delhi,"Ashok Vihar, Delhi - DPCC",2025-06-21 03:30:00+00:00,2025-06-21 03:30:00+00:00,29.8,81.0,1.9,173.0,0.0,0.0,10.0,982.0,,nh3,28.6,"Ashok Vihar, Delhi - DPCC",3
site_5024,Delhi,Delhi,"Alipur, Delhi - DPCC",2025-06-21 03:30:00+00:00,2025-06-21 03:30:00+00:00,30.2,76.0,,276.0,0.0,0.0,4.0,980.0,,toluene,0.2,"Alipur, Delhi - DPCC",3
site_5024,Delhi,Delhi,"Alipur, Delhi - DPCC",2025-06-21 03:30:00+00:00,2025-06-21 03:30:00+00:00,30.2,76.0,,276.0,0.0,0.0,4.0,980.0,,so2,15.5,"Alipur, Delhi - DPCC",3
site_5024,Delhi,Delhi,"Alipur, Delhi - DPCC",2025-06-21 03:30:00+00:00,2025-06-21 03:30:00+00:00,30.2,76.0,,276.0,0.0,0.0,4.0,980.0,,pm25,63.0,"Alipur, Delhi - DPCC",3
site_5024,Delhi,Delhi,"Alipur, Delhi - DPCC",2025-06-21 03:30:00+00:00,2025-06-21 03:30:00+00:00,30.2,76.0,,276.0,0.0,0.0,4.0,980.0,,pm10,108.0,"Alipur, Delhi - DPCC",3
site_5024,Delhi,Delhi,"Alipur, Delhi - DPCC",2025-06-21 03:30:00+00:00,2025-06-21 03:30:00+00:00,30.2,76.0,,276.0,0.0,0.0,4.0,980.0,,ozone,11.2,"Alipur, Delhi - DPCC",3
site_5024,Delhi,Delhi,"Alipur, Delhi - DPCC",2025-06-21 03:30:00+00:00,2025-06-21 03:30:00+00:00,30.2,76.0,,276.0,0.0,0.0,4.0,980.0,,no2,21.0,"Alipur, Delhi - DPCC",3
site_301,Delhi,Delhi,"Anand Vihar, Delhi - DPCC",2025-06-21 03:30:00+00:00,2025-06-21 03:30:00+00:00,29.9,80.0,0.3,209.0,,0.0,5.0,744.0,,pm25,39.0,"Anand Vihar, Delhi - DPCC",3
site_5024,Delhi,Delhi,"Alipur, Delhi - DPCC",2025-06-21 03:30:00+00:00,2025-06-21 03:30:00+00:00,30.2,76.0,,276.0,0.0,0.0,4.0,980.0,,no,2.8,"Alipur, Delhi - DPCC",3
site_5024,Delhi,Delhi,"Alipur, Delhi - DPCC",2025-06-21 03:30:00+00:00,2025-06-21 03:30:00+00:00,30.2,76.0,,276.0,0.0,0.0,4.0,980.0,,benzene,0.2,"Alipur, Delhi - DPCC",3
site_104,Delhi,Delhi,"Burari Crossing, Delhi - IMD",2025-06-21 03:30:00+00:00,2025-06-21 03:30:00+00:00,,,,,,0.0,,,,co,0.65,"Burari Crossing, Delhi - IMD",3
site_104,Delhi,Delhi,"Burari Crossing, Delhi - IMD",2025-06-21 03:30:00+00:00,2025-06-21 03:30:00+00:00,,,,,,0.0,,,,no,10.42,"Burari Crossing, Delhi - IMD",3
site_104,Delhi,Delhi,"Burari Crossing, Delhi - IMD",2025-06-21 03:30:00+00:00,2025-06-21 03:30:00+00:00,,,,,,0.0,,,,no2,25.71,"Burari Crossing, Delhi - IMD",3
site_104,Delhi,Delhi,"Burari Crossing, Delhi - IMD",2025-06-21 03:30:00+00:00,2025-06-21 03:30:00+00:00,,,,,,0.0,,,,ozone,29.47,"Burari Crossing, Delhi - IMD",3
site_104,Delhi,Delhi,"Burari Crossing, Delhi - IMD",2025-06-21 03:30:00+00:00,2025-06-21 03:30:00+00:00,,,,,,0.0,,,,pm10,69.75,"Burari Crossing, Delhi - IMD",3
site_104,Delhi,Delhi,"Burari Crossing, Delhi - IMD",2025-06-21 03:30:00+00:00,2025-06-21 03:30:00+00:00,,,,,,0.0,,,,pm25,14.98,"Burari Crossing, Delhi - IMD",3
site_5024,Delhi,Delhi,"Alipur, Delhi - DPCC",2025-06-21 03:30:00+00:00,2025-06-21 03:30:00+00:00,30.2,76.0,,276.0,0.0,0.0,4.0,980.0,,co,0.57,"Alipur, Delhi - DPCC",3
site_301,Delhi,Delhi,"Anand Vihar, Delhi - DPCC",2025-06-21 03:30:00+00:00,2025-06-21 03:30:00+00:00,29.9,80.0,0.3,209.0,,0.0,5.0,744.0,,so2,39.6,"Anand Vihar, Delhi - DPCC",3
site_5024,Delhi,Delhi,"Alipur, Delhi - DPCC",2025-06-21 03:30:00+00:00,2025-06-21 03:30:00+00:00,30.2,76.0,,276.0,0.0,0.0,4.0,980.0,,nh3,61.9,"Alipur, Delhi - DPCC",3
site_1560,Delhi,Delhi,"Bawana, Delhi - DPCC",2025-06-21 03:30:00+00:00,2025-06-21 03:30:00+00:00,30.8,80.0,1.8,135.0,0.0,0.0,5.0,991.0,,toluene,7.6,"Bawana, Delhi - DPCC",3
site_1560,Delhi,Delhi,"Bawana, Delhi - DPCC",2025-06-21 03:30:00+00:00,2025-06-21 03:30:00+00:00,30.8,80.0,1.8,135.0,0.0,0.0,5.0,991.0,,ozone,5.8,"Bawana, Delhi - DPCC",3
site_1560,Delhi,Delhi,"Bawana, Delhi - DPCC",2025-06-21 03:30:00+00:00,2025-06-21 03:30:00+00:00,30.8,80.0,1.8,135.0,0.0,0.0,5.0,991.0,,pm10,85.0,"Bawana, Delhi - DPCC",3
site_1560,Delhi,Delhi,"Bawana, Delhi - DPCC",2025-06-21 03:30:00+00:00,2025-06-21 03:30:00+00:00,30.8,80.0,1.8,135.0,0.0,0.0,5.0,991.0,,so2,4.7,"Bawana, Delhi - DPCC",3
site_301,Delhi,Delhi,"Anand Vihar, Delhi - DPCC",2025-06-21 03:30:00+00:00,2025-06-21 03:30:00+00:00,29.9,80.0,0.3,209.0,,0.0,5.0,744.0,,no2,21.6,"Anand Vihar, Delhi - DPCC",3
site_108,Delhi,Delhi,"Aya Nagar, Delhi - IMD",2025-06-21 03:30:00+00:00,2025-06-21 03:30:00+00:00,,,,,,0.0,,,,co,0.99,"Aya Nagar, Delhi - IMD",3
site_108,Delhi,Delhi,"Aya Nagar, Delhi - IMD",2025-06-21 03:30:00+00:00,2025-06-21 03:30:00+00:00,,,,,,0.0,,,,no,9.65,"Aya Nagar, Delhi - IMD",3
site_108,Delhi,Delhi,"Aya Nagar, Delhi - IMD",2025-06-21 03:30:00+00:00,2025-06-21 03:30:00+00:00,,,,,,0.0,,,,no2,8.23,"Aya Nagar, Delhi - IMD",3
site_301,Delhi,Delhi,"Anand Vihar, Delhi - DPCC",2025-06-21 03:30:00+00:00,2025-06-21 03:30:00+00:00,29.9,80.0,0.3,209.0,,0.0,5.0,744.0,,pm10,61.0,"Anand Vihar, Delhi - DPCC",3
site_108,Delhi,Delhi,"Aya Nagar, Delhi - IMD",2025-06-21 03:30:00+00:00,2025-06-21 03:30:00+00:00,,,,,,0.0,,,,ozone,32.98,"Aya Nagar, Delhi - IMD",3
site_108,Delhi,Delhi,"Aya Nagar, Delhi - IMD",2025-06-21 03:30:00+00:00,2025-06-21 03:30:00+00:00,,,,,,0.0,,,,pm25,31.37,"Aya Nagar, Delhi - IMD",3
site_301,Delhi,Delhi,"Anand Vihar, Delhi - DPCC",2025-06-21 03:30:00+00:00,2025-06-21 03:30:00+00:00,29.9,80.0,0.3,209.0,,0.0,5.0,744.0,,no,11.8,"Anand Vihar, Delhi - DPCC",3
site_1420,Delhi,Delhi,"Ashok Vihar, Delhi - DPCC",2025-06-21 03:30:00+00:00,2025-06-21 03:30:00+00:00,29.8,81.0,1.9,173.0,0.0,0.0,10.0,982.0,,benzene,0.1,"Ashok Vihar, Delhi - DPCC",3
site_108,Delhi,Delhi,"Aya Nagar, Delhi - IMD",2025-06-21 03:30:00+00:00,2025-06-21 03:30:00+00:00,,,,,,0.0,,,,pm10,83.43,"Aya Nagar, Delhi - IMD",3
site_301,Delhi,Delhi,"Anand Vihar, Delhi - DPCC",2025-06-21 03:30:00+00:00,2025-06-21 03:30:00+00:00,29.9,80.0,0.3,209.0,,0.0,5.0,744.0,,ozone,10.3,"Anand Vihar, Delhi - DPCC",3
site_108,Delhi,Delhi,"Aya Nagar, Delhi - IMD",2025-06-21 03:45:00+00:00,2025-06-21 03:45:00+00:00,,,,,,0.0,,,,co,1.05,"Aya Nagar, Delhi - IMD",3
site_108,Delhi,Delhi,"Aya Nagar, Delhi - IMD",2025-06-21 03:45:00+00:00,2025-06-21 03:45:00+00:00,,,,,,0.0,,,,no,11.15,"Aya Nagar, Delhi - IMD",3
site_108,Delhi,Delhi,"Aya Nagar, Delhi - IMD",2025-06-21 03:45:00+00:00,2025-06-21 03:45:00+00:00,,,,,,0.0,,,,no2,8.6,"Aya Nagar, Delhi - IMD",3
site_108,Delhi,Delhi,"Aya Nagar, Delhi - IMD",2025-06-21 03:45:00+00:00,2025-06-21 03:45:00+00:00,,,,,,0.0,,,,ozone,36.68,"Aya Nagar, Delhi - IMD",3
site_301,Delhi,Delhi,"Anand Vihar, Delhi - DPCC",2025-06-21 03:45:00+00:00,2025-06-21 03:45:00+00:00,29.9,80.0,0.3,268.0,,0.0,5.0,744.0,,pm10,61.0,"Anand Vihar, Delhi - DPCC",3
site_1420,Delhi,Delhi,"Ashok Vihar, Delhi - DPCC",2025-06-21 03:45:00+00:00,2025-06-21 03:45:00+00:00,29.8,81.0,2.0,157.0,0.0,0.0,10.0,982.0,,pm10,69.0,"Ashok Vihar, Delhi - DPCC",3
site_301,Delhi,Delhi,"Anand Vihar, Delhi - DPCC",2025-06-21 03:45:00+00:00,2025-06-21 03:45:00+00:00,29.9,80.0,0.3,268.0,,0.0,5.0,744.0,,toluene,5.5,"Anand Vihar, Delhi - DPCC",3
site_301,Delhi,Delhi,"Anand Vihar, Delhi - DPCC",2025-06-21 03:45:00+00:00,2025-06-21 03:45:00+00:00,29.9,80.0,0.3,268.0,,0.0,5.0,744.0,,so2,47.0,"Anand Vihar, Delhi - DPCC",3
site_301,Delhi,Delhi,"Anand Vihar, Delhi - DPCC",2025-06-21 03:45:00+00:00,2025-06-21 03:45:00+00:00,29.9,80.0,0.3,268.0,,0.0,5.0,744.0,,nh3,12.0,"Anand Vihar, Delhi - DPCC",3
site_301,Delhi,Delhi,"Anand Vihar, Delhi - DPCC",2025-06-21 03:45:00+00:00,2025-06-21 03:45:00+00:00,29.9,80.0,0.3,268.0,,0.0,5.0,744.0,,no,8.9,"Anand Vihar, Delhi - DPCC",3
site_301,Delhi,Delhi,"Anand Vihar, Delhi - DPCC",2025-06-21 03:45:00+00:00,2025-06-21 03:45:00+00:00,29.9,80.0,0.3,268.0,,0.0,5.0,744.0,,no2,24.6,"Anand Vihar, Delhi - DPCC",3
site_301,Delhi,Delhi,"Anand Vihar, Delhi - DPCC",2025-06-21 03:45:00+00:00,2025-06-21 03:45:00+00:00,29.9,80.0,0.3,268.0,,0.0,5.0,744.0,,ozone,11.1,"Anand Vihar, Delhi - DPCC",3
site_301,Delhi,Delhi,"Anand Vihar, Delhi - DPCC",2025-06-21 03:45:00+00:00,2025-06-21 03:45:00+00:00,29.9,80.0,0.3,268.0,,0.0,5.0,744.0,,pm25,39.0,"Anand Vihar, Delhi - DPCC",3
site_1560,Delhi,Delhi,"Bawana, Delhi - DPCC",2025-06-21 03:45:00+00:00,2025-06-21 03:45:00+00:00,30.9,80.0,1.8,148.0,0.0,0.0,5.0,991.0,,ozone,7.4,"Bawana, Delhi - DPCC",3
site_1420,Delhi,Delhi,"Ashok Vihar, Delhi - DPCC",2025-06-21 03:45:00+00:00,2025-06-21 03:45:00+00:00,29.8,81.0,2.0,157.0,0.0,0.0,10.0,982.0,,so2,8.0,"Ashok Vihar, Delhi - DPCC",3
site_1420,Delhi,Delhi,"Ashok Vihar, Delhi - DPCC",2025-06-21 03:45:00+00:00,2025-06-21 03:45:00+00:00,29.8,81.0,2.0,157.0,0.0,0.0,10.0,982.0,,pm25,42.0,"Ashok Vihar, Delhi - DPCC",3
site_1560,Delhi,Delhi,"Bawana, Delhi - DPCC",2025-06-21 03:45:00+00:00,2025-06-21 03:45:00+00:00,30.9,80.0,1.8,148.0,0.0,0.0,5.0,991.0,,toluene,5.9,"Bawana, Delhi - DPCC",3
site_5024,Delhi,Delhi,"Alipur, Delhi - DPCC",2025-06-21 03:45:00+00:00,2025-06-21 03:45:00+00:00,30.3,76.0,,273.0,0.0,0.0,4.0,980.0,,pm10,108.0,"Alipur, Delhi - DPCC",3
site_5024,Delhi,Delhi,"Alipur, Delhi - DPCC",2025-06-21 03:45:00+00:00,2025-06-21 03:45:00+00:00,30.3,76.0,,273.0,0.0,0.0,4.0,980.0,,ozone,10.9,"Alipur, Delhi - DPCC",3
site_5024,Delhi,Delhi,"Alipur, Delhi - DPCC",2025-06-21 03:45:00+00:00,2025-06-21 03:45:00+00:00,30.3,76.0,,273.0,0.0,0.0,4.0,980.0,,no2,21.4,"Alipur, Delhi - DPCC",3
site_5024,Delhi,Delhi,"Alipur, Delhi - DPCC",2025-06-21 03:45:00+00:00,2025-06-21 03:45:00+00:00,30.3,76.0,,273.0,0.0,0.0,4.0,980.0,,no,3.0,"Alipur, Delhi - DPCC",3
site_5024,Delhi,Delhi,"Alipur, Delhi - DPCC",2025-06-21 03:45:00+00:00,2025-06-21 03:45:00+00:00,30.3,76.0,,273.0,0.0,0.0,4.0,980.0,,nh3,60.3,"Alipur, Delhi - DPCC",3
site_5024,Delhi,Delhi,"Alipur, Delhi - DPCC",2025-06-21 03:45:00+00:00,2025-06-21 03:45:00+00:00,30.3,76.0,,273.0,0.0,0.0,4.0,980.0,,co,0.63,"Alipur, Delhi - DPCC",3
site_5024,Delhi,Delhi,"Alipur, Delhi - DPCC",2025-06-21 03:45:00+00:00,2025-06-21 03:45:00+00:00,30.3,76.0,,273.0,0.0,0.0,4.0,980.0,,benzene,0.2,"Alipur, Delhi - DPCC",3
site_104,Delhi,Delhi,"Burari Crossing, Delhi - IMD",2025-06-21 03:45:00+00:00,2025-06-21 03:45:00+00:00,,,,,,0.0,,,,co,0.68,"Burari Crossing, Delhi - IMD",3
site_104,Delhi,Delhi,"Burari Crossing, Delhi - IMD",2025-06-21 03:45:00+00:00,2025-06-21 03:45:00+00:00,,,,,,0.0,,,,no,10.7,"Burari Crossing, Delhi - IMD",3
site_104,Delhi,Delhi,"Burari Crossing, Delhi - IMD",2025-06-21 03:45:00+00:00,2025-06-21 03:45:00+00:00,,,,,,0.0,,,,no2,26.9,"Burari Crossing, Delhi - IMD",3
site_104,Delhi,Delhi,"Burari Crossing, Delhi - IMD",2025-06-21 03:45:00+00:00,2025-06-21 03:45:00+00:00,,,,,,0.0,,,,ozone,26.0,"Burari Crossing, Delhi - IMD",3
site_104,Delhi,Delhi,"Burari Crossing, Delhi - IMD",2025-06-21 03:45:00+00:00,2025-06-21 03:45:00+00:00,,,,,,0.0,,,,pm10,76.45,"Burari Crossing, Delhi - IMD",3
site_104,Delhi,Delhi,"Burari Crossing, Delhi - IMD",2025-06-21 03:45:00+00:00,2025-06-21 03:45:00+00:00,,,,,,0.0,,,,pm25,25.99,"Burari Crossing, Delhi - IMD",3
site_1560,Delhi,Delhi,"Bawana, Delhi - DPCC",2025-06-21 03:45:00+00:00,2025-06-21 03:45:00+00:00,30.9,80.0,1.8,148.0,0.0,0.0,5.0,991.0,,pm25,52.0,"Bawana, Delhi - DPCC",3
site_1560,Delhi,Delhi,"Bawana, Delhi - DPCC",2025-06-21 03:45:00+00:00,2025-06-21 03:45:00+00:00,30.9,80.0,1.8,148.0,0.0,0.0,5.0,991.0,,pm10,85.0,"Bawana, Delhi - DPCC",3
site_1560,Delhi,Delhi,"Bawana, Delhi - DPCC",2025-06-21 03:45:00+00:00,2025-06-21 03:45:00+00:00,30.9,80.0,1.8,148.0,0.0,0.0,5.0,991.0,,so2,4.7,"Bawana, Delhi - DPCC",3
site_1560,Delhi,Delhi,"Bawana, Delhi - DPCC",2025-06-21 03:45:00+00:00,2025-06-21 03:45:00+00:00,30.9,80.0,1.8,148.0,0.0,0.0,5.0,991.0,,no2,8.2,"Bawana, Delhi - DPCC",3
site_1420,Delhi,Delhi,"Ashok Vihar, Delhi - DPCC",2025-06-21 03:45:00+00:00,2025-06-21 03:45:00+00:00,29.8,81.0,2.0,157.0,0.0,0.0,10.0,982.0,,toluene,0.5,"Ashok Vihar, Delhi - DPCC",3
site_1420,Delhi,Delhi,"Ashok Vihar, Delhi - DPCC",2025-06-21 03:45:00+00:00,2025-06-21 03:45:00+00:00,29.8,81.0,2.0,157.0,0.0,0.0,10.0,982.0,,ozone,15.0,"Ashok Vihar, Delhi - DPCC",3
site_1420,Delhi,Delhi,"Ashok Vihar, Delhi - DPCC",2025-06-21 03:45:00+00:00,2025-06-21 03:45:00+00:00,29.8,81.0,2.0,157.0,0.0,0.0,10.0,982.0,,no2,15.8,"Ashok Vihar, Delhi - DPCC",3
site_1420,Delhi,Delhi,"Ashok Vihar, Delhi - DPCC",2025-06-21 03:45:00+00:00,2025-06-21 03:45:00+00:00,29.8,81.0,2.0,157.0,0.0,0.0,10.0,982.0,,no,2.8,"Ashok Vihar, Delhi - DPCC",3
site_1420,Delhi,Delhi,"Ashok Vihar, Delhi - DPCC",2025-06-21 03:45:00+00:00,2025-06-21 03:45:00+00:00,29.8,81.0,2.0,157.0,0.0,0.0,10.0,982.0,,nh3,27.0,"Ashok Vihar, Delhi - DPCC",3
site_108,Delhi,Delhi,"Aya Nagar, Delhi - IMD",2025-06-21 03:45:00+00:00,2025-06-21 03:45:00+00:00,,,,,,0.0,,,,pm10,59.11,"Aya Nagar, Delhi - IMD",3
site_1420,Delhi,Delhi,"Ashok Vihar, Delhi - DPCC",2025-06-21 03:45:00+00:00,2025-06-21 03:45:00+00:00,29.8,81.0,2.0,157.0,0.0,0.0,10.0,982.0,,co,0.77,"Ashok Vihar, Delhi - DPCC",3
site_1420,Delhi,Delhi,"Ashok Vihar, Delhi - DPCC",2025-06-21 03:45:00+00:00,2025-06-21 03:45:00+00:00,29.8,81.0,2.0,157.0,0.0,0.0,10.0,982.0,,benzene,0.1,"Ashok Vihar, Delhi - DPCC",3
site_108,Delhi,Delhi,"Aya Nagar, Delhi - IMD",2025-06-21 03:45:00+00:00,2025-06-21 03:45:00+00:00,,,,,,0.0,,,,pm25,15.22,"Aya Nagar, Delhi - IMD",3
site_301,Delhi,Delhi,"Anand Vihar, Delhi - DPCC",2025-06-21 03:45:00+00:00,2025-06-21 03:45:00+00:00,29.9,80.0,0.3,268.0,,0.0,5.0,744.0,,benzene,0.6,"Anand Vihar, Delhi - DPCC",3
site_5024,Delhi,Delhi,"Alipur, Delhi - DPCC",2025-06-21 03:45:00+00:00,2025-06-21 03:45:00+00:00,30.3,76.0,,273.0,0.0,0.0,4.0,980.0,,toluene,0.3,"Alipur, Delhi - DPCC",3
site_5024,Delhi,Delhi,"Alipur, Delhi - DPCC",2025-06-21 03:45:00+00:00,2025-06-21 03:45:00+00:00,30.3,76.0,,273.0,0.0,0.0,4.0,980.0,,so2,14.6,"Alipur, Delhi - DPCC",3
site_5024,Delhi,Delhi,"Alipur, Delhi - DPCC",2025-06-21 03:45:00+00:00,2025-06-21 03:45:00+00:00,30.3,76.0,,273.0,0.0,0.0,4.0,980.0,,pm25,63.0,"Alipur, Delhi - DPCC",3
site_1560,Delhi,Delhi,"Bawana, Delhi - DPCC",2025-06-21 03:45:00+00:00,2025-06-21 03:45:00+00:00,30.9,80.0,1.8,148.0,0.0,0.0,5.0,991.0,,benzene,0.5,"Bawana, Delhi - DPCC",3
site_1560,Delhi,Delhi,"Bawana, Delhi - DPCC",2025-06-21 03:45:00+00:00,2025-06-21 03:45:00+00:00,30.9,80.0,1.8,148.0,0.0,0.0,5.0,991.0,,co,0.62,"Bawana, Delhi - DPCC",3
site_1560,Delhi,Delhi,"Bawana, Delhi - DPCC",2025-06-21 03:45:00+00:00,2025-06-21 03:45:00+00:00,30.9,80.0,1.8,148.0,0.0,0.0,5.0,991.0,,nh3,25.1,"Bawana, Delhi - DPCC",3
site_1560,Delhi,Delhi,"Bawana, Delhi - DPCC",2025-06-21 03:45:00+00:00,2025-06-21 03:45:00+00:00,30.9,80.0,1.8,148.0,0.0,0.0,5.0,991.0,,no,4.4,"Bawana, Delhi - DPCC",3
site_301,Delhi,Delhi,"Anand Vihar, Delhi - DPCC",2025-06-21 03:45:00+00:00,2025-06-21 03:45:00+00:00,29.9,80.0,0.3,268.0,,0.0,5.0,744.0,,co,1.0,"Anand Vihar, Delhi - DPCC",3
site_108,Delhi,Delhi,"Aya Nagar, Delhi - IMD",2025-06-21 04:00:00+00:00,2025-06-21 04:00:00+00:00,,,,,,0.0,,,,pm10,42.34,"Aya Nagar, Delhi - IMD",4
site_108,Delhi,Delhi,"Aya Nagar, Delhi - IMD",2025-06-21 04:00:00+00:00,2025-06-21 04:00:00+00:00,,,,,,0.0,,,,ozone,39.62,"Aya Nagar, Delhi - IMD",4
site_108,Delhi,Delhi,"Aya Nagar, Delhi - IMD",2025-06-21 04:00:00+00:00,2025-06-21 04:00:00+00:00,,,,,,0.0,,,,no2,8.12,"Aya Nagar, Delhi - IMD",4
site_108,Delhi,Delhi,"Aya Nagar, Delhi - IMD",2025-06-21 04:00:00+00:00,2025-06-21 04:00:00+00:00,,,,,,0.0,,,,no,8.38,"Aya Nagar, Delhi - IMD",4
site_108,Delhi,Delhi,"Aya Nagar, Delhi - IMD",2025-06-21 04:00:00+00:00,2025-06-21 04:00:00+00:00,,,,,,0.0,,,,co,1.01,"Aya Nagar, Delhi - IMD",4
site_108,Delhi,Delhi,"Aya Nagar, Delhi - IMD",2025-06-21 04:00:00+00:00,2025-06-21 04:00:00+00:00,,,,,,0.0,,,,pm25,5.62,"Aya Nagar, Delhi - IMD",4
site_1560,Delhi,Delhi,"Bawana, Delhi - DPCC",2025-06-21 04:00:00+00:00,2025-06-21 04:00:00+00:00,30.9,79.0,2.6,165.0,0.0,0.0,5.0,991.0,,pm10,58.0,"Bawana, Delhi - DPCC",4
site_301,Delhi,Delhi,"Anand Vihar, Delhi - DPCC",2025-06-21 04:00:00+00:00,2025-06-21 04:00:00+00:00,29.8,80.0,0.3,253.0,,0.0,5.0,744.0,,so2,52.7,"Anand Vihar, Delhi - DPCC",4
site_5024,Delhi,Delhi,"Alipur, Delhi - DPCC",2025-06-21 04:00:00+00:00,2025-06-21 04:00:00+00:00,30.2,76.0,,242.0,0.0,0.0,4.0,980.0,,pm25,56.0,"Alipur, Delhi - DPCC",4
site_5024,Delhi,Delhi,"Alipur, Delhi - DPCC",2025-06-21 04:00:00+00:00,2025-06-21 04:00:00+00:00,30.2,76.0,,242.0,0.0,0.0,4.0,980.0,,pm10,95.0,"Alipur, Delhi - DPCC",4
site_301,Delhi,Delhi,"Anand Vihar, Delhi - DPCC",2025-06-21 04:00:00+00:00,2025-06-21 04:00:00+00:00,29.8,80.0,0.3,253.0,,0.0,5.0,744.0,,toluene,6.0,"Anand Vihar, Delhi - DPCC",4
site_5024,Delhi,Delhi,"Alipur, Delhi - DPCC",2025-06-21 04:00:00+00:00,2025-06-21 04:00:00+00:00,30.2,76.0,,242.0,0.0,0.0,4.0,980.0,,no2,22.3,"Alipur, Delhi - DPCC",4
site_5024,Delhi,Delhi,"Alipur, Delhi - DPCC",2025-06-21 04:00:00+00:00,2025-06-21 04:00:00+00:00,30.2,76.0,,242.0,0.0,0.0,4.0,980.0,,no,3.3,"Alipur, Delhi - DPCC",4
site_5024,Delhi,Delhi,"Alipur, Delhi - DPCC",2025-06-21 04:00:00+00:00,2025-06-21 04:00:00+00:00,30.2,76.0,,242.0,0.0,0.0,4.0,980.0,,nh3,58.8,"Alipur, Delhi - DPCC",4
site_5024,Delhi,Delhi,"Alipur, Delhi - DPCC",2025-06-21 04:00:00+00:00,2025-06-21 04:00:00+00:00,30.2,76.0,,242.0,0.0,0.0,4.0,980.0,,co,0.66,"Alipur, Delhi - DPCC",4
site_5024,Delhi,Delhi,"Alipur, Delhi - DPCC",2025-06-21 04:00:00+00:00,2025-06-21 04:00:00+00:00,30.2,76.0,,242.0,0.0,0.0,4.0,980.0,,benzene,0.2,"Alipur, Delhi - DPCC",4
site_1560,Delhi,Delhi,"Bawana, Delhi - DPCC",2025-06-21 04:00:00+00:00,2025-06-21 04:00:00+00:00,30.9,79.0,2.6,165.0,0.0,0.0,5.0,991.0,,benzene,0.2,"Bawana, Delhi - DPCC",4
site_1560,Delhi,Delhi,"Bawana, Delhi - DPCC",2025-06-21 04:00:00+00:00,2025-06-21 04:00:00+00:00,30.9,79.0,2.6,165.0,0.0,0.0,5.0,991.0,,toluene,4.1,"Bawana, Delhi - DPCC",4
site_1560,Delhi,Delhi,"Bawana, Delhi - DPCC",2025-06-21 04:00:00+00:00,2025-06-21 04:00:00+00:00,30.9,79.0,2.6,165.0,0.0,0.0,5.0,991.0,,so2,5.0,"Bawana, Delhi - DPCC",4
site_104,Delhi,Delhi,"Burari Crossing, Delhi - IMD",2025-06-21 04:00:00+00:00,2025-06-21 04:00:00+00:00,,,,,,0.0,,,,co,0.7,"Burari Crossing, Delhi - IMD",4
site_104,Delhi,Delhi,"Burari Crossing, Delhi - IMD",2025-06-21 04:00:00+00:00,2025-06-21 04:00:00+00:00,,,,,,0.0,,,,no,10.3,"Burari Crossing, Delhi - IMD",4
site_104,Delhi,Delhi,"Burari Crossing, Delhi - IMD",2025-06-21 04:00:00+00:00,2025-06-21 04:00:00+00:00,,,,,,0.0,,,,no2,27.47,"Burari Crossing, Delhi - IMD",4
site_104,Delhi,Delhi,"Burari Crossing, Delhi - IMD",2025-06-21 04:00:00+00:00,2025-06-21 04:00:00+00:00,,,,,,0.0,,,,ozone,24.89,"Burari Crossing, Delhi - IMD",4
site_104,Delhi,Delhi,"Burari Crossing, Delhi - IMD",2025-06-21 04:00:00+00:00,2025-06-21 04:00:00+00:00,,,,,,0.0,,,,pm10,77.06,"Burari Crossing, Delhi - IMD",4
site_104,Delhi,Delhi,"Burari Crossing, Delhi - IMD",2025-06-21 04:00:00+00:00,2025-06-21 04:00:00+00:00,,,,,,0.0,,,,pm25,41.16,"Burari Crossing, Delhi - IMD",4
site_1560,Delhi,Delhi,"Bawana, Delhi - DPCC",2025-06-21 04:00:00+00:00,2025-06-21 04:00:00+00:00,30.9,79.0,2.6,165.0,0.0,0.0,5.0,991.0,,nh3,23.6,"Bawana, Delhi - DPCC",4
site_1560,Delhi,Delhi,"Bawana, Delhi - DPCC",2025-06-21 04:00:00+00:00,2025-06-21 04:00:00+00:00,30.9,79.0,2.6,165.0,0.0,0.0,5.0,991.0,,no,4.5,"Bawana, Delhi - DPCC",4
site_1560,Delhi,Delhi,"Bawana, Delhi - DPCC",2025-06-21 04:00:00+00:00,2025-06-21 04:00:00+00:00,30.9,79.0,2.6,165.0,0.0,0.0,5.0,991.0,,no2,8.5,"Bawana, Delhi - DPCC",4
site_1560,Delhi,Delhi,"Bawana, Delhi - DPCC",2025-06-21 04:00:00+00:00,2025-06-21 04:00:00+00:00,30.9,79.0,2.6,165.0,0.0,0.0,5.0,991.0,,ozone,10.0,"Bawana, Delhi - DPCC",4
site_5024,Delhi,Delhi,"Alipur, Delhi - DPCC",2025-06-21 04:00:00+00:00,2025-06-21 04:00:00+00:00,30.2,76.0,,242.0,0.0,0.0,4.0,980.0,,so2,14.8,"Alipur, Delhi - DPCC",4
site_5024,Delhi,Delhi,"Alipur, Delhi - DPCC",2025-06-21 04:00:00+00:00,2025-06-21 04:00:00+00:00,30.2,76.0,,242.0,0.0,0.0,4.0,980.0,,toluene,0.3,"Alipur, Delhi - DPCC",4
site_1560,Delhi,Delhi,"Bawana, Delhi - DPCC",2025-06-21 04:00:00+00:00,2025-06-21 04:00:00+00:00,30.9,79.0,2.6,165.0,0.0,0.0,5.0,991.0,,pm25,47.0,"Bawana, Delhi - DPCC",4
site_1420,Delhi,Delhi,"Ashok Vihar, Delhi - DPCC",2025-06-21 04:00:00+00:00,2025-06-21 04:00:00+00:00,29.8,81.0,1.9,119.0,0.0,0.0,10.0,982.0,,so2,6.6,"Ashok Vihar, Delhi - DPCC",4
site_301,Delhi,Delhi,"Anand Vihar, Delhi - DPCC",2025-06-21 04:00:00+00:00,2025-06-21 04:00:00+00:00,29.8,80.0,0.3,253.0,,0.0,5.0,744.0,,pm25,60.0,"Anand Vihar, Delhi - DPCC",4
site_301,Delhi,Delhi,"Anand Vihar, Delhi - DPCC",2025-06-21 04:00:00+00:00,2025-06-21 04:00:00+00:00,29.8,80.0,0.3,253.0,,0.0,5.0,744.0,,pm10,96.0,"Anand Vihar, Delhi - DPCC",4
site_301,Delhi,Delhi,"Anand Vihar, Delhi - DPCC",2025-06-21 04:00:00+00:00,2025-06-21 04:00:00+00:00,29.8,80.0,0.3,253.0,,0.0,5.0,744.0,,ozone,6.6,"Anand Vihar, Delhi - DPCC",4
site_301,Delhi,Delhi,"Anand Vihar, Delhi - DPCC",2025-06-21 04:00:00+00:00,2025-06-21 04:00:00+00:00,29.8,80.0,0.3,253.0,,0.0,5.0,744.0,,no2,31.5,"Anand Vihar, Delhi - DPCC",4
site_301,Delhi,Delhi,"Anand Vihar, Delhi - DPCC",2025-06-21 04:00:00+00:00,2025-06-21 04:00:00+00:00,29.8,80.0,0.3,253.0,,0.0,5.0,744.0,,no,15.6,"Anand Vihar, Delhi - DPCC",4
site_301,Delhi,Delhi,"Anand Vihar, Delhi - DPCC",2025-06-21 04:00:00+00:00,2025-06-21 04:00:00+00:00,29.8,80.0,0.3,253.0,,0.0,5.0,744.0,,nh3,10.6,"Anand Vihar, Delhi - DPCC",4
site_301,Delhi,Delhi,"Anand Vihar, Delhi - DPCC",2025-06-21 04:00:00+00:00,2025-06-21 04:00:00+00:00,29.8,80.0,0.3,253.0,,0.0,5.0,744.0,,co,0.89,"Anand Vihar, Delhi - DPCC",4
site_1420,Delhi,Delhi,"Ashok Vihar, Delhi - DPCC",2025-06-21 04:00:00+00:00,2025-06-21 04:00:00+00:00,29.8,81.0,1.9,119.0,0.0,0.0,10.0,982.0,,toluene,0.5,"Ashok Vihar, Delhi - DPCC",4
site_5024,Delhi,Delhi,"Alipur, Delhi - DPCC",2025-06-21 04:00:00+00:00,2025-06-21 04:00:00+00:00,30.2,76.0,,242.0,0.0,0.0,4.0,980.0,,ozone,10.3,"Alipur, Delhi - DPCC",4
site_1420,Delhi,Delhi,"Ashok Vihar, Delhi - DPCC",2025-06-21 04:00:00+00:00,2025-06-21 04:00:00+00:00,29.8,81.0,1.9,119.0,0.0,0.0,10.0,982.0,,no,3.8,"Ashok Vihar, Delhi - DPCC",4
site_1420,Delhi,Delhi,"Ashok Vihar, Delhi - DPCC",2025-06-21 04:00:00+00:00,2025-06-21 04:00:00+00:00,29.8,81.0,1.9,119.0,0.0,0.0,10.0,982.0,,pm25,51.0,"Ashok Vihar, Delhi - DPCC",4
site_1420,Delhi,Delhi,"Ashok Vihar, Delhi - DPCC",2025-06-21 04:00:00+00:00,2025-06-21 04:00:00+00:00,29.8,81.0,1.9,119.0,0.0,0.0,10.0,982.0,,pm10,83.0,"Ashok Vihar, Delhi - DPCC",4
site_1420,Delhi,Delhi,"Ashok Vihar, Delhi - DPCC",2025-06-21 04:00:00+00:00,2025-06-21 04:00:00+00:00,29.8,81.0,1.9,119.0,0.0,0.0,10.0,982.0,,ozone,46.4,"Ashok Vihar, Delhi - DPCC",4
site_1420,Delhi,Delhi,"Ashok Vihar, Delhi - DPCC",2025-06-21 04:00:00+00:00,2025-06-21 04:00:00+00:00,29.8,81.0,1.9,119.0,0.0,0.0,10.0,982.0,,no2,13.6,"Ashok Vihar, Delhi - DPCC",4
site_1420,Delhi,Delhi,"Ashok Vihar, Delhi - DPCC",2025-06-21 04:00:00+00:00,2025-06-21 04:00:00+00:00,29.8,81.0,1.9,119.0,0.0,0.0,10.0,982.0,,benzene,0.1,"Ashok Vihar, Delhi - DPCC",4
site_1420,Delhi,Delhi,"Ashok Vihar, Delhi - DPCC",2025-06-21 04:00:00+00:00,2025-06-21 04:00:00+00:00,29.8,81.0,1.9,119.0,0.0,0.0,10.0,982.0,,co,0.76,"Ashok Vihar, Delhi - DPCC",4
site_1420,Delhi,Delhi,"Ashok Vihar, Delhi - DPCC",2025-06-21 04:00:00+00:00,2025-06-21 04:00:00+00:00,29.8,81.0,1.9,119.0,0.0,0.0,10.0,982.0,,nh3,26.9,"Ashok Vihar, Delhi - DPCC",4
site_301,Delhi,Delhi,"Anand Vihar, Delhi - DPCC",2025-06-21 04:00:00+00:00,2025-06-21 04:00:00+00:00,29.8,80.0,0.3,253.0,,0.0,5.0,744.0,,benzene,0.4,"Anand Vihar, Delhi - DPCC",4
site_108,Delhi,Delhi,"Aya Nagar, Delhi - IMD",2025-06-21 04:15:00+00:00,2025-06-21 04:15:00+00:00,,,,,,0.0,,,,co,1.01,"Aya Nagar, Delhi - IMD",4
site_108,Delhi,Delhi,"Aya Nagar, Delhi - IMD",2025-06-21 04:15:00+00:00,2025-06-21 04:15:00+00:00,,,,,,0.0,,,,no,10.13,"Aya Nagar, Delhi - IMD",4
site_108,Delhi,Delhi,"Aya Nagar, Delhi - IMD",2025-06-21 04:15:00+00:00,2025-06-21 04:15:00+00:00,,,,,,0.0,,,,no2,7.81,"Aya Nagar, Delhi - IMD",4
site_108,Delhi,Delhi,"Aya Nagar, Delhi - IMD",2025-06-21 04:15:00+00:00,2025-06-21 04:15:00+00:00,,,,,,0.0,,,,ozone,29.09,"Aya Nagar, Delhi - IMD",4
site_108,Delhi,Delhi,"Aya Nagar, Delhi - IMD",2025-06-21 04:15:00+00:00,2025-06-21 04:15:00+00:00,,,,,,0.0,,,,pm10,42.51,"Aya Nagar, Delhi - IMD",4
site_1560,Delhi,Delhi,"Bawana, Delhi - DPCC",2025-06-21 04:15:00+00:00,2025-06-21 04:15:00+00:00,30.9,79.0,2.4,167.0,0.0,0.0,5.0,991.0,,toluene,2.9,"Bawana, Delhi - DPCC",4
site_1560,Delhi,Delhi,"Bawana, Delhi - DPCC",2025-06-21 04:15:00+00:00,2025-06-21 04:15:00+00:00,30.9,79.0,2.4,167.0,0.0,0.0,5.0,991.0,,benzene,0.1,"Bawana, Delhi - DPCC",4
site_1560,Delhi,Delhi,"Bawana, Delhi - DPCC",2025-06-21 04:15:00+00:00,2025-06-21 04:15:00+00:00,30.9,79.0,2.4,167.0,0.0,0.0,5.0,991.0,,co,0.64,"Bawana, Delhi - DPCC",4
site_1560,Delhi,Delhi,"Bawana, Delhi - DPCC",2025-06-21 04:15:00+00:00,2025-06-21 04:15:00+00:00,30.9,79.0,2.4,167.0,0.0,0.0,5.0,991.0,,no,5.1,"Bawana, Delhi - DPCC",4
site_1560,Delhi,Delhi,"Bawana, Delhi - DPCC",2025-06-21 04:15:00+00:00,2025-06-21 04:15:00+00:00,30.9,79.0,2.4,167.0,0.0,0.0,5.0,991.0,,no2,8.6,"Bawana, Delhi - DPCC",4
site_1560,Delhi,Delhi,"Bawana, Delhi - DPCC",2025-06-21 04:15:00+00:00,2025-06-21 04:15:00+00:00,30.9,79.0,2.4,167.0,0.0,0.0,5.0,991.0,,ozone,9.2,"Bawana, Delhi - DPCC",4
site_1560,Delhi,Delhi,"Bawana, Delhi - DPCC",2025-06-21 04:15:00+00:00,2025-06-21 04:15:00+00:00,30.9,79.0,2.4,167.0,0.0,0.0,5.0,991.0,,pm10,58.0,"Bawana, Delhi - DPCC",4
site_1560,Delhi,Delhi,"Bawana, Delhi - DPCC",2025-06-21 04:15:00+00:00,2025-06-21 04:15:00+00:00,30.9,79.0,2.4,167.0,0.0,0.0,5.0,991.0,,pm25,47.0,"Bawana, Delhi - DPCC",4
site_1560,Delhi,Delhi,"Bawana, Delhi - DPCC",2025-06-21 04:15:00+00:00,2025-06-21 04:15:00+00:00,30.9,79.0,2.4,167.0,0.0,0.0,5.0,991.0,,so2,4.3,"Bawana, Delhi - DPCC",4
site_108,Delhi,Delhi,"Aya Nagar, Delhi - IMD",2025-06-21 04:15:00+00:00,2025-06-21 04:15:00+00:00,,,,,,0.0,,,,pm25,17.56,"Aya Nagar, Delhi - IMD",4
site_1560,Delhi,Delhi,"Bawana, Delhi - DPCC",2025-06-21 04:15:00+00:00,2025-06-21 04:15:00+00:00,30.9,79.0,2.4,167.0,0.0,0.0,5.0,991.0,,nh3,22.5,"Bawana, Delhi - DPCC",4
site_5024,Delhi,Delhi,"Alipur, Delhi - DPCC",2025-06-21 04:15:00+00:00,2025-06-21 04:15:00+00:00,30.2,76.0,,242.0,0.0,0.0,4.0,980.0,,toluene,0.3,"Alipur, Delhi - DPCC",4
site_104,Delhi,Delhi,"Burari Crossing, Delhi - IMD",2025-06-21 04:15:00+00:00,2025-06-21 04:15:00+00:00,,,,,,0.0,,,,ozone,22.86,"Burari Crossing, Delhi - IMD",4
site_301,Delhi,Delhi,"Anand Vihar, Delhi - DPCC",2025-06-21 04:15:00+00:00,2025-06-21 04:15:00+00:00,29.9,80.0,0.4,232.0,,0.0,5.0,743.0,,toluene,8.1,"Anand Vihar, Delhi - DPCC",4
site_301,Delhi,Delhi,"Anand Vihar, Delhi - DPCC",2025-06-21 04:15:00+00:00,2025-06-21 04:15:00+00:00,29.9,80.0,0.4,232.0,,0.0,5.0,743.0,,so2,58.5,"Anand Vihar, Delhi - DPCC",4
site_301,Delhi,Delhi,"Anand Vihar, Delhi - DPCC",2025-06-21 04:15:00+00:00,2025-06-21 04:15:00+00:00,29.9,80.0,0.4,232.0,,0.0,5.0,743.0,,pm25,60.0,"Anand Vihar, Delhi - DPCC",4
site_301,Delhi,Delhi,"Anand Vihar, Delhi - DPCC",2025-06-21 04:15:00+00:00,2025-06-21 04:15:00+00:00,29.9,80.0,0.4,232.0,,0.0,5.0,743.0,,pm10,96.0,"Anand Vihar, Delhi - DPCC",4
site_301,Delhi,Delhi,"Anand Vihar, Delhi - DPCC",2025-06-21 04:15:00+00:00,2025-06-21 04:15:00+00:00,29.9,80.0,0.4,232.0,,0.0,5.0,743.0,,ozone,0.3,"Anand Vihar, Delhi - DPCC",4
site_301,Delhi,Delhi,"Anand Vihar, Delhi - DPCC",2025-06-21 04:15:00+00:00,2025-06-21 04:15:00+00:00,29.9,80.0,0.4,232.0,,0.0,5.0,743.0,,no2,41.4,"Anand Vihar, Delhi - DPCC",4
site_301,Delhi,Delhi,"Anand Vihar, Delhi - DPCC",2025-06-21 04:15:00+00:00,2025-06-21 04:15:00+00:00,29.9,80.0,0.4,232.0,,0.0,5.0,743.0,,no,19.4,"Anand Vihar, Delhi - DPCC",4
site_301,Delhi,Delhi,"Anand Vihar, Delhi - DPCC",2025-06-21 04:15:00+00:00,2025-06-21 04:15:00+00:00,29.9,80.0,0.4,232.0,,0.0,5.0,743.0,,nh3,20.1,"Anand Vihar, Delhi - DPCC",4
site_301,Delhi,Delhi,"Anand Vihar, Delhi - DPCC",2025-06-21 04:15:00+00:00,2025-06-21 04:15:00+00:00,29.9,80.0,0.4,232.0,,0.0,5.0,743.0,,co,0.94,"Anand Vihar, Delhi - DPCC",4
site_301,Delhi,Delhi,"Anand Vihar, Delhi - DPCC",2025-06-21 04:15:00+00:00,2025-06-21 04:15:00+00:00,29.9,80.0,0.4,232.0,,0.0,5.0,743.0,,benzene,0.6,"Anand Vihar, Delhi - DPCC",4
site_1420,Delhi,Delhi,"Ashok Vihar, Delhi - DPCC",2025-06-21 04:15:00+00:00,2025-06-21 04:15:00+00:00,29.8,81.0,1.6,154.0,0.0,0.0,10.0,982.0,,pm10,83.0,"Ashok Vihar, Delhi - DPCC",4
site_1420,Delhi,Delhi,"Ashok Vihar, Delhi - DPCC",2025-06-21 04:15:00+00:00,2025-06-21 04:15:00+00:00,29.8,81.0,1.6,154.0,0.0,0.0,10.0,982.0,,ozone,41.4,"Ashok Vihar, Delhi - DPCC",4
site_1420,Delhi,Delhi,"Ashok Vihar, Delhi - DPCC",2025-06-21 04:15:00+00:00,2025-06-21 04:15:00+00:00,29.8,81.0,1.6,154.0,0.0,0.0,10.0,982.0,,no2,14.5,"Ashok Vihar, Delhi - DPCC",4
site_1420,Delhi,Delhi,"Ashok Vihar, Delhi - DPCC",2025-06-21 04:15:00+00:00,2025-06-21 04:15:00+00:00,29.8,81.0,1.6,154.0,0.0,0.0,10.0,982.0,,no,3.0,"Ashok Vihar, Delhi - DPCC",4
site_1420,Delhi,Delhi,"Ashok Vihar, Delhi - DPCC",2025-06-21 04:15:00+00:00,2025-06-21 04:15:00+00:00,29.8,81.0,1.6,154.0,0.0,0.0,10.0,982.0,,nh3,27.4,"Ashok Vihar, Delhi - DPCC",4
site_1420,Delhi,Delhi,"Ashok Vihar, Delhi - DPCC",2025-06-21 04:15:00+00:00,2025-06-21 04:15:00+00:00,29.8,81.0,1.6,154.0,0.0,0.0,10.0,982.0,,co,0.73,"Ashok Vihar, Delhi - DPCC",4
site_1420,Delhi,Delhi,"Ashok Vihar, Delhi - DPCC",2025-06-21 04:15:00+00:00,2025-06-21 04:15:00+00:00,29.8,81.0,1.6,154.0,0.0,0.0,10.0,982.0,,benzene,0.1,"Ashok Vihar, Delhi - DPCC",4
site_5024,Delhi,Delhi,"Alipur, Delhi - DPCC",2025-06-21 04:15:00+00:00,2025-06-21 04:15:00+00:00,30.2,76.0,,242.0,0.0,0.0,4.0,980.0,,pm10,95.0,"Alipur, Delhi - DPCC",4
site_5024,Delhi,Delhi,"Alipur, Delhi - DPCC",2025-06-21 04:15:00+00:00,2025-06-21 04:15:00+00:00,30.2,76.0,,242.0,0.0,0.0,4.0,980.0,,pm25,56.0,"Alipur, Delhi - DPCC",4
site_5024,Delhi,Delhi,"Alipur, Delhi - DPCC",2025-06-21 04:15:00+00:00,2025-06-21 04:15:00+00:00,30.2,76.0,,242.0,0.0,0.0,4.0,980.0,,so2,14.0,"Alipur, Delhi - DPCC",4
site_104,Delhi,Delhi,"Burari Crossing, Delhi - IMD",2025-06-21 04:15:00+00:00,2025-06-21 04:15:00+00:00,,,,,,0.0,,,,no2,28.57,"Burari Crossing, Delhi - IMD",4
site_1420,Delhi,Delhi,"Ashok Vihar, Delhi - DPCC",2025-06-21 04:15:00+00:00,2025-06-21 04:15:00+00:00,29.8,81.0,1.6,154.0,0.0,0.0,10.0,982.0,,pm25,51.0,"Ashok Vihar, Delhi - DPCC",4
site_1420,Delhi,Delhi,"Ashok Vihar, Delhi - DPCC",2025-06-21 04:15:00+00:00,2025-06-21 04:15:00+00:00,29.8,81.0,1.6,154.0,0.0,0.0,10.0,982.0,,so2,5.5,"Ashok Vihar, Delhi - DPCC",4
site_1420,Delhi,Delhi,"Ashok Vihar, Delhi - DPCC",2025-06-21 04:15:00+00:00,2025-06-21 04:15:00+00:00,29.8,81.0,1.6,154.0,0.0,0.0,10.0,982.0,,toluene,0.6,"Ashok Vihar, Delhi - DPCC",4
site_5024,Delhi,Delhi,"Alipur, Delhi - DPCC",2025-06-21 04:15:00+00:00,2025-06-21 04:15:00+00:00,30.2,76.0,,242.0,0.0,0.0,4.0,980.0,,co,0.62,"Alipur, Delhi - DPCC",4
site_104,Delhi,Delhi,"Burari Crossing, Delhi - IMD",2025-06-21 04:15:00+00:00,2025-06-21 04:15:00+00:00,,,,,,0.0,,,,no,10.0,"Burari Crossing, Delhi - IMD",4
site_5024,Delhi,Delhi,"Alipur, Delhi - DPCC",2025-06-21 04:15:00+00:00,2025-06-21 04:15:00+00:00,30.2,76.0,,242.0,0.0,0.0,4.0,980.0,,ozone,8.7,"Alipur, Delhi - DPCC",4
site_5024,Delhi,Delhi,"Alipur, Delhi - DPCC",2025-06-21 04:15:00+00:00,2025-06-21 04:15:00+00:00,30.2,76.0,,242.0,0.0,0.0,4.0,980.0,,no2,22.8,"Alipur, Delhi - DPCC",4
site_5024,Delhi,Delhi,"Alipur, Delhi - DPCC",2025-06-21 04:15:00+00:00,2025-06-21 04:15:00+00:00,30.2,76.0,,242.0,0.0,0.0,4.0,980.0,,no,3.0,"Alipur, Delhi - DPCC",4
site_5024,Delhi,Delhi,"Alipur, Delhi - DPCC",2025-06-21 04:15:00+00:00,2025-06-21 04:15:00+00:00,30.2,76.0,,242.0,0.0,0.0,4.0,980.0,,nh3,58.9,"Alipur, Delhi - DPCC",4
site_104,Delhi,Delhi,"Burari Crossing, Delhi - IMD",2025-06-21 04:15:00+00:00,2025-06-21 04:15:00+00:00,,,,,,0.0,,,,pm25,63.28,"Burari Crossing, Delhi - IMD",4
site_5024,Delhi,Delhi,"Alipur, Delhi - DPCC",2025-06-21 04:15:00+00:00,2025-06-21 04:15:00+00:00,30.2,76.0,,242.0,0.0,0.0,4.0,980.0,,benzene,0.2,"Alipur, Delhi - DPCC",4
site_104,Delhi,Delhi,"Burari Crossing, Delhi - IMD",2025-06-21 04:15:00+00:00,2025-06-21 04:15:00+00:00,,,,,,0.0,,,,co,0.7,"Burari Crossing, Delhi - IMD",4
site_104,Delhi,Delhi,"Burari Crossing, Delhi - IMD",2025-06-21 04:15:00+00:00,2025-06-21 04:15:00+00:00,,,,,,0.0,,,,pm10,74.97,"Burari Crossing, Delhi - IMD",4
site_104,Delhi,Delhi,"Burari Crossing, Delhi - IMD",2025-06-21 04:30:00+00:00,2025-06-21 04:30:00+00:00,,,,,,0.0,,,,no,9.85,"Burari Crossing, Delhi - IMD",4
site_104,Delhi,Delhi,"Burari Crossing, Delhi - IMD",2025-06-21 04:30:00+00:00,2025-06-21 04:30:00+00:00,,,,,,0.0,,,,co,0.7,"Burari Crossing, Delhi - IMD",4
site_1420,Delhi,Delhi,"Ashok Vihar, Delhi - DPCC",2025-06-21 04:30:00+00:00,2025-06-21 04:30:00+00:00,29.7,81.0,1.5,140.0,0.0,0.0,10.0,982.0,,benzene,0.1,"Ashok Vihar, Delhi - DPCC",4
site_5024,Delhi,Delhi,"Alipur, Delhi - DPCC",2025-06-21 04:30:00+00:00,2025-06-21 04:30:00+00:00,30.2,77.0,,245.0,0.0,0.0,4.0,980.0,,benzene,0.2,"Alipur, Delhi - DPCC",4
site_5024,Delhi,Delhi,"Alipur, Delhi - DPCC",2025-06-21 04:30:00+00:00,2025-06-21 04:30:00+00:00,30.2,77.0,,245.0,0.0,0.0,4.0,980.0,,co,0.58,"Alipur, Delhi - DPCC",4
site_104,Delhi,Delhi,"Burari Crossing, Delhi - IMD",2025-06-21 04:30:00+00:00,2025-06-21 04:30:00+00:00,,,,,,0.0,,,,no2,29.87,"Burari Crossing, Delhi - IMD",4
site_104,Delhi,Delhi,"Burari Crossing, Delhi - IMD",2025-06-21 04:30:00+00:00,2025-06-21 04:30:00+00:00,,,,,,0.0,,,,ozone,21.77,"Burari Crossing, Delhi - IMD",4
site_1420,Delhi,Delhi,"Ashok Vihar, Delhi - DPCC",2025-06-21 04:30:00+00:00,2025-06-21 04:30:00+00:00,29.7,81.0,1.5,140.0,0.0,0.0,10.0,982.0,,toluene,0.6,"Ashok Vihar, Delhi - DPCC",4
site_104,Delhi,Delhi,"Burari Crossing, Delhi - IMD",2025-06-21 04:30:00+00:00,2025-06-21 04:30:00+00:00,,,,,,0.0,,,,pm25,72.92,"Burari Crossing, Delhi - IMD",4
site_1420,Delhi,Delhi,"Ashok Vihar, Delhi - DPCC",2025-06-21 04:30:00+00:00,2025-06-21 04:30:00+00:00,29.7,81.0,1.5,140.0,0.0,0.0,10.0,982.0,,nh3,28.2,"Ashok Vihar, Delhi - DPCC",4
site_1420,Delhi,Delhi,"Ashok Vihar, Delhi - DPCC",2025-06-21 04:30:00+00:00,2025-06-21 04:30:00+00:00,29.7,81.0,1.5,140.0,0.0,0.0,10.0,982.0,,so2,5.3,"Ashok Vihar, Delhi - DPCC",4
site_1420,Delhi,Delhi,"Ashok Vihar, Delhi - DPCC",2025-06-21 04:30:00+00:00,2025-06-21 04:30:00+00:00,29.7,81.0,1.5,140.0,0.0,0.0,10.0,982.0,,pm25,51.0,"Ashok Vihar, Delhi - DPCC",4
site_1420,Delhi,Delhi,"Ashok Vihar, Delhi - DPCC",2025-06-21 04:30:00+00:00,2025-06-21 04:30:00+00:00,29.7,81.0,1.5,140.0,0.0,0.0,10.0,982.0,,pm10,83.0,"Ashok Vihar, Delhi - DPCC",4
site_1420,Delhi,Delhi,"Ashok Vihar, Delhi - DPCC",2025-06-21 04:30:00+00:00,2025-06-21 04:30:00+00:00,29.7,81.0,1.5,140.0,0.0,0.0,10.0,982.0,,ozone,18.6,"Ashok Vihar, Delhi - DPCC",4
site_1420,Delhi,Delhi,"Ashok Vihar, Delhi - DPCC",2025-06-21 04:30:00+00:00,2025-06-21 04:30:00+00:00,29.7,81.0,1.5,140.0,0.0,0.0,10.0,982.0,,no2,14.3,"Ashok Vihar, Delhi - DPCC",4
site_1420,Delhi,Delhi,"Ashok Vihar, Delhi - DPCC",2025-06-21 04:30:00+00:00,2025-06-21 04:30:00+00:00,29.7,81.0,1.5,140.0,0.0,0.0,10.0,982.0,,no,3.1,"Ashok Vihar, Delhi - DPCC",4
site_5024,Delhi,Delhi,"Alipur, Delhi - DPCC",2025-06-21 04:30:00+00:00,2025-06-21 04:30:00+00:00,30.2,77.0,,245.0,0.0,0.0,4.0,980.0,,nh3,58.9,"Alipur, Delhi - DPCC",4
site_104,Delhi,Delhi,"Burari Crossing, Delhi - IMD",2025-06-21 04:30:00+00:00,2025-06-21 04:30:00+00:00,,,,,,0.0,,,,pm10,64.39,"Burari Crossing, Delhi - IMD",4
site_5024,Delhi,Delhi,"Alipur, Delhi - DPCC",2025-06-21 04:30:00+00:00,2025-06-21 04:30:00+00:00,30.2,77.0,,245.0,0.0,0.0,4.0,980.0,,no,3.3,"Alipur, Delhi - DPCC",4
site_1420,Delhi,Delhi,"Ashok Vihar, Delhi - DPCC",2025-06-21 04:30:00+00:00,2025-06-21 04:30:00+00:00,29.7,81.0,1.5,140.0,0.0,0.0,10.0,982.0,,co,0.71,"Ashok Vihar, Delhi - DPCC",4
site_5024,Delhi,Delhi,"Alipur, Delhi - DPCC",2025-06-21 04:30:00+00:00,2025-06-21 04:30:00+00:00,30.2,77.0,,245.0,0.0,0.0,4.0,980.0,,ozone,7.5,"Alipur, Delhi - DPCC",4
site_301,Delhi,Delhi,"Anand Vihar, Delhi - DPCC",2025-06-21 04:30:00+00:00,2025-06-21 04:30:00+00:00,29.9,80.0,0.3,215.0,,0.0,5.0,743.0,,toluene,8.7,"Anand Vihar, Delhi - DPCC",4
site_108,Delhi,Delhi,"Aya Nagar, Delhi - IMD",2025-06-21 04:30:00+00:00,2025-06-21 04:30:00+00:00,,,,,,0.0,,,,pm25,25.14,"Aya Nagar, Delhi - IMD",4
site_108,Delhi,Delhi,"Aya Nagar, Delhi - IMD",2025-06-21 04:30:00+00:00,2025-06-21 04:30:00+00:00,,,,,,0.0,,,,pm10,49.39,"Aya Nagar, Delhi - IMD",4
site_108,Delhi,Delhi,"Aya Nagar, Delhi - IMD",2025-06-21 04:30:00+00:00,2025-06-21 04:30:00+00:00,,,,,,0.0,,,,ozone,10.27,"Aya Nagar, Delhi - IMD",4
site_108,Delhi,Delhi,"Aya Nagar, Delhi - IMD",2025-06-21 04:30:00+00:00,2025-06-21 04:30:00+00:00,,,,,,0.0,,,,no2,10.8,"Aya Nagar, Delhi - IMD",4
site_108,Delhi,Delhi,"Aya Nagar, Delhi - IMD",2025-06-21 04:30:00+00:00,2025-06-21 04:30:00+00:00,,,,,,0.0,,,,no,11.65,"Aya Nagar, Delhi - IMD",4
site_108,Delhi,Delhi,"Aya Nagar, Delhi - IMD",2025-06-21 04:30:00+00:00,2025-06-21 04:30:00+00:00,,,,,,0.0,,,,co,1.01,"Aya Nagar, Delhi - IMD",4
site_301,Delhi,Delhi,"Anand Vihar, Delhi - DPCC",2025-06-21 04:30:00+00:00,2025-06-21 04:30:00+00:00,29.9,80.0,0.3,215.0,,0.0,5.0,743.0,,so2,56.5,"Anand Vihar, Delhi - DPCC",4
site_301,Delhi,Delhi,"Anand Vihar, Delhi - DPCC",2025-06-21 04:30:00+00:00,2025-06-21 04:30:00+00:00,29.9,80.0,0.3,215.0,,0.0,5.0,743.0,,pm25,60.0,"Anand Vihar, Delhi - DPCC",4
site_301,Delhi,Delhi,"Anand Vihar, Delhi - DPCC",2025-06-21 04:30:00+00:00,2025-06-21 04:30:00+00:00,29.9,80.0,0.3,215.0,,0.0,5.0,743.0,,pm10,96.0,"Anand Vihar, Delhi - DPCC",4
site_301,Delhi,Delhi,"Anand Vihar, Delhi - DPCC",2025-06-21 04:30:00+00:00,2025-06-21 04:30:00+00:00,29.9,80.0,0.3,215.0,,0.0,5.0,743.0,,no2,51.4,"Anand Vihar, Delhi - DPCC",4
site_301,Delhi,Delhi,"Anand Vihar, Delhi - DPCC",2025-06-21 04:30:00+00:00,2025-06-21 04:30:00+00:00,29.9,80.0,0.3,215.0,,0.0,5.0,743.0,,no,16.5,"Anand Vihar, Delhi - DPCC",4
site_5024,Delhi,Delhi,"Alipur, Delhi - DPCC",2025-06-21 04:30:00+00:00,2025-06-21 04:30:00+00:00,30.2,77.0,,245.0,0.0,0.0,4.0,980.0,,no2,22.8,"Alipur, Delhi - DPCC",4
site_301,Delhi,Delhi,"Anand Vihar, Delhi - DPCC",2025-06-21 04:30:00+00:00,2025-06-21 04:30:00+00:00,29.9,80.0,0.3,215.0,,0.0,5.0,743.0,,co,1.0,"Anand Vihar, Delhi - DPCC",4
site_1560,Delhi,Delhi,"Bawana, Delhi - DPCC",2025-06-21 04:30:00+00:00,2025-06-21 04:30:00+00:00,30.9,80.0,2.1,175.0,0.0,0.0,5.0,991.0,,toluene,2.9,"Bawana, Delhi - DPCC",4
site_301,Delhi,Delhi,"Anand Vihar, Delhi - DPCC",2025-06-21 04:30:00+00:00,2025-06-21 04:30:00+00:00,29.9,80.0,0.3,215.0,,0.0,5.0,743.0,,nh3,21.0,"Anand Vihar, Delhi - DPCC",4
site_1560,Delhi,Delhi,"Bawana, Delhi - DPCC",2025-06-21 04:30:00+00:00,2025-06-21 04:30:00+00:00,30.9,80.0,2.1,175.0,0.0,0.0,5.0,991.0,,benzene,0.3,"Bawana, Delhi - DPCC",4
site_5024,Delhi,Delhi,"Alipur, Delhi - DPCC",2025-06-21 04:30:00+00:00,2025-06-21 04:30:00+00:00,30.2,77.0,,245.0,0.0,0.0,4.0,980.0,,pm10,95.0,"Alipur, Delhi - DPCC",4
site_5024,Delhi,Delhi,"Alipur, Delhi - DPCC",2025-06-21 04:30:00+00:00,2025-06-21 04:30:00+00:00,30.2,77.0,,245.0,0.0,0.0,4.0,980.0,,so2,14.0,"Alipur, Delhi - DPCC",4
site_5024,Delhi,Delhi,"Alipur, Delhi - DPCC",2025-06-21 04:30:00+00:00,2025-06-21 04:30:00+00:00,30.2,77.0,,245.0,0.0,0.0,4.0,980.0,,toluene,0.3,"Alipur, Delhi - DPCC",4
site_1560,Delhi,Delhi,"Bawana, Delhi - DPCC",2025-06-21 04:30:00+00:00,2025-06-21 04:30:00+00:00,30.9,80.0,2.1,175.0,0.0,0.0,5.0,991.0,,so2,4.1,"Bawana, Delhi - DPCC",4
site_1560,Delhi,Delhi,"Bawana, Delhi - DPCC",2025-06-21 04:30:00+00:00,2025-06-21 04:30:00+00:00,30.9,80.0,2.1,175.0,0.0,0.0,5.0,991.0,,co,0.65,"Bawana, Delhi - DPCC",4
site_1560,Delhi,Delhi,"Bawana, Delhi - DPCC",2025-06-21 04:30:00+00:00,2025-06-21 04:30:00+00:00,30.9,80.0,2.1,175.0,0.0,0.0,5.0,991.0,,nh3,22.6,"Bawana, Delhi - DPCC",4
site_1560,Delhi,Delhi,"Bawana, Delhi - DPCC",2025-06-21 04:30:00+00:00,2025-06-21 04:30:00+00:00,30.9,80.0,2.1,175.0,0.0,0.0,5.0,991.0,,no,3.9,"Bawana, Delhi - DPCC",4
site_1560,Delhi,Delhi,"Bawana, Delhi - DPCC",2025-06-21 04:30:00+00:00,2025-06-21 04:30:00+00:00,30.9,80.0,2.1,175.0,0.0,0.0,5.0,991.0,,no2,8.3,"Bawana, Delhi - DPCC",4
site_5024,Delhi,Delhi,"Alipur, Delhi - DPCC",2025-06-21 04:30:00+00:00,2025-06-21 04:30:00+00:00,30.2,77.0,,245.0,0.0,0.0,4.0,980.0,,pm25,56.0,"Alipur, Delhi - DPCC",4
site_1560,Delhi,Delhi,"Bawana, Delhi - DPCC",2025-06-21 04:30:00+00:00,2025-06-21 04:30:00+00:00,30.9,80.0,2.1,175.0,0.0,0.0,5.0,991.0,,pm10,58.0,"Bawana, Delhi - DPCC",4
site_301,Delhi,Delhi,"Anand Vihar, Delhi - DPCC",2025-06-21 04:30:00+00:00,2025-06-21 04:30:00+00:00,29.9,80.0,0.3,215.0,,0.0,5.0,743.0,,benzene,0.5,"Anand Vihar, Delhi - DPCC",4
site_1560,Delhi,Delhi,"Bawana, Delhi - DPCC",2025-06-21 04:30:00+00:00,2025-06-21 04:30:00+00:00,30.9,80.0,2.1,175.0,0.0,0.0,5.0,991.0,,pm25,47.0,"Bawana, Delhi - DPCC",4
site_1560,Delhi,Delhi,"Bawana, Delhi - DPCC",2025-06-21 04:30:00+00:00,2025-06-21 04:30:00+00:00,30.9,80.0,2.1,175.0,0.0,0.0,5.0,991.0,,ozone,7.3,"Bawana, Delhi - DPCC",4
site_104,Delhi,Delhi,"Burari Crossing, Delhi - IMD",2025-06-21 04:45:00+00:00,2025-06-21 04:45:00+00:00,,,,,,0.0,,,,no2,30.14,"Burari Crossing, Delhi - IMD",4
site_1560,Delhi,Delhi,"Bawana, Delhi - DPCC",2025-06-21 04:45:00+00:00,2025-06-21 04:45:00+00:00,30.9,80.0,1.8,167.0,0.0,0.0,5.0,991.0,,benzene,0.1,"Bawana, Delhi - DPCC",4
site_1560,Delhi,Delhi,"Bawana, Delhi - DPCC",2025-06-21 04:45:00+00:00,2025-06-21 04:45:00+00:00,30.9,80.0,1.8,167.0,0.0,0.0,5.0,991.0,,toluene,3.0,"Bawana, Delhi - DPCC",4
site_1560,Delhi,Delhi,"Bawana, Delhi - DPCC",2025-06-21 04:45:00+00:00,2025-06-21 04:45:00+00:00,30.9,80.0,1.8,167.0,0.0,0.0,5.0,991.0,,so2,4.5,"Bawana, Delhi - DPCC",4
site_1560,Delhi,Delhi,"Bawana, Delhi - DPCC",2025-06-21 04:45:00+00:00,2025-06-21 04:45:00+00:00,30.9,80.0,1.8,167.0,0.0,0.0,5.0,991.0,,pm25,47.0,"Bawana, Delhi - DPCC",4
site_1560,Delhi,Delhi,"Bawana, Delhi - DPCC",2025-06-21 04:45:00+00:00,2025-06-21 04:45:00+00:00,30.9,80.0,1.8,167.0,0.0,0.0,5.0,991.0,,pm10,58.0,"Bawana, Delhi - DPCC",4
site_1560,Delhi,Delhi,"Bawana, Delhi - DPCC",2025-06-21 04:45:00+00:00,2025-06-21 04:45:00+00:00,30.9,80.0,1.8,167.0,0.0,0.0,5.0,991.0,,ozone,7.4,"Bawana, Delhi - DPCC",4
site_1560,Delhi,Delhi,"Bawana, Delhi - DPCC",2025-06-21 04:45:00+00:00,2025-06-21 04:45:00+00:00,30.9,80.0,1.8,167.0,0.0,0.0,5.0,991.0,,nh3,23.4,"Bawana, Delhi - DPCC",4
site_1560,Delhi,Delhi,"Bawana, Delhi - DPCC",2025-06-21 04:45:00+00:00,2025-06-21 04:45:00+00:00,30.9,80.0,1.8,167.0,0.0,0.0,5.0,991.0,,co,0.65,"Bawana, Delhi - DPCC",4
site_104,Delhi,Delhi,"Burari Crossing, Delhi - IMD",2025-06-21 04:45:00+00:00,2025-06-21 04:45:00+00:00,,,,,,0.0,,,,pm10,46.39,"Burari Crossing, Delhi - IMD",4
site_104,Delhi,Delhi,"Burari Crossing, Delhi - IMD",2025-06-21 04:45:00+00:00,2025-06-21 04:45:00+00:00,,,,,,0.0,,,,co,0.69,"Burari Crossing, Delhi - IMD",4
site_104,Delhi,Delhi,"Burari Crossing, Delhi - IMD",2025-06-21 04:45:00+00:00,2025-06-21 04:45:00+00:00,,,,,,0.0,,,,no,9.2,"Burari Crossing, Delhi - IMD",4
site_104,Delhi,Delhi,"Burari Crossing, Delhi - IMD",2025-06-21 04:45:00+00:00,2025-06-21 04:45:00+00:00,,,,,,0.0,,,,pm25,70.27,"Burari Crossing, Delhi - IMD",4
site_1560,Delhi,Delhi,"Bawana, Delhi - DPCC",2025-06-21 04:45:00+00:00,2025-06-21 04:45:00+00:00,30.9,80.0,1.8,167.0,0.0,0.0,5.0,991.0,,no,4.5,"Bawana, Delhi - DPCC",4
site_1560,Delhi,Delhi,"Bawana, Delhi - DPCC",2025-06-21 04:45:00+00:00,2025-06-21 04:45:00+00:00,30.9,80.0,1.8,167.0,0.0,0.0,5.0,991.0,,no2,8.5,"Bawana, Delhi - DPCC",4
site_104,Delhi,Delhi,"Burari Crossing, Delhi - IMD",2025-06-21 04:45:00+00:00,2025-06-21 04:45:00+00:00,,,,,,0.0,,,,ozone,25.1,"Burari Crossing, Delhi - IMD",4
site_301,Delhi,Delhi,"Anand Vihar, Delhi - DPCC",2025-06-21 04:45:00+00:00,2025-06-21 04:45:00+00:00,29.9,80.0,0.4,273.0,,0.0,5.0,743.0,,benzene,0.2,"Anand Vihar, Delhi - DPCC",4
site_1420,Delhi,Delhi,"Ashok Vihar, Delhi - DPCC",2025-06-21 04:45:00+00:00,2025-06-21 04:45:00+00:00,29.7,81.0,1.2,162.0,0.0,0.0,10.0,982.0,,toluene,0.4,"Ashok Vihar, Delhi - DPCC",4
site_108,Delhi,Delhi,"Aya Nagar, Delhi - IMD",2025-06-21 04:45:00+00:00,2025-06-21 04:45:00+00:00,,,,,,0.0,,,,pm25,21.2,"Aya Nagar, Delhi - IMD",4
site_108,Delhi,Delhi,"Aya Nagar, Delhi - IMD",2025-06-21 04:45:00+00:00,2025-06-21 04:45:00+00:00,,,,,,0.0,,,,pm10,44.02,"Aya Nagar, Delhi - IMD",4
site_108,Delhi,Delhi,"Aya Nagar, Delhi - IMD",2025-06-21 04:45:00+00:00,2025-06-21 04:45:00+00:00,,,,,,0.0,,,,ozone,34.07,"Aya Nagar, Delhi - IMD",4
site_108,Delhi,Delhi,"Aya Nagar, Delhi - IMD",2025-06-21 04:45:00+00:00,2025-06-21 04:45:00+00:00,,,,,,0.0,,,,no2,9.71,"Aya Nagar, Delhi - IMD",4
site_108,Delhi,Delhi,"Aya Nagar, Delhi - IMD",2025-06-21 04:45:00+00:00,2025-06-21 04:45:00+00:00,,,,,,0.0,,,,no,6.58,"Aya Nagar, Delhi - IMD",4
site_108,Delhi,Delhi,"Aya Nagar, Delhi - IMD",2025-06-21 04:45:00+00:00,2025-06-21 04:45:00+00:00,,,,,,0.0,,,,co,1.04,"Aya Nagar, Delhi - IMD",4
site_301,Delhi,Delhi,"Anand Vihar, Delhi - DPCC",2025-06-21 04:45:00+00:00,2025-06-21 04:45:00+00:00,29.9,80.0,0.4,273.0,,0.0,5.0,743.0,,nh3,25.5,"Anand Vihar, Delhi - DPCC",4
site_301,Delhi,Delhi,"Anand Vihar, Delhi - DPCC",2025-06-21 04:45:00+00:00,2025-06-21 04:45:00+00:00,29.9,80.0,0.4,273.0,,0.0,5.0,743.0,,no,14.8,"Anand Vihar, Delhi - DPCC",4
site_301,Delhi,Delhi,"Anand Vihar, Delhi - DPCC",2025-06-21 04:45:00+00:00,2025-06-21 04:45:00+00:00,29.9,80.0,0.4,273.0,,0.0,5.0,743.0,,no2,49.5,"Anand Vihar, Delhi - DPCC",4
site_301,Delhi,Delhi,"Anand Vihar, Delhi - DPCC",2025-06-21 04:45:00+00:00,2025-06-21 04:45:00+00:00,29.9,80.0,0.4,273.0,,0.0,5.0,743.0,,pm10,96.0,"Anand Vihar, Delhi - DPCC",4
site_301,Delhi,Delhi,"Anand Vihar, Delhi - DPCC",2025-06-21 04:45:00+00:00,2025-06-21 04:45:00+00:00,29.9,80.0,0.4,273.0,,0.0,5.0,743.0,,pm25,60.0,"Anand Vihar, Delhi - DPCC",4
site_301,Delhi,Delhi,"Anand Vihar, Delhi - DPCC",2025-06-21 04:45:00+00:00,2025-06-21 04:45:00+00:00,29.9,80.0,0.4,273.0,,0.0,5.0,743.0,,toluene,7.7,"Anand Vihar, Delhi - DPCC",4
site_5024,Delhi,Delhi,"Alipur, Delhi - DPCC",2025-06-21 04:45:00+00:00,2025-06-21 04:45:00+00:00,30.2,77.0,,238.0,0.0,0.0,4.0,980.0,,toluene,0.3,"Alipur, Delhi - DPCC",4
site_5024,Delhi,Delhi,"Alipur, Delhi - DPCC",2025-06-21 04:45:00+00:00,2025-06-21 04:45:00+00:00,30.2,77.0,,238.0,0.0,0.0,4.0,980.0,,pm25,56.0,"Alipur, Delhi - DPCC",4
site_5024,Delhi,Delhi,"Alipur, Delhi - DPCC",2025-06-21 04:45:00+00:00,2025-06-21 04:45:00+00:00,30.2,77.0,,238.0,0.0,0.0,4.0,980.0,,pm10,95.0,"Alipur, Delhi - DPCC",4
site_301,Delhi,Delhi,"Anand Vihar, Delhi - DPCC",2025-06-21 04:45:00+00:00,2025-06-21 04:45:00+00:00,29.9,80.0,0.4,273.0,,0.0,5.0,743.0,,so2,55.0,"Anand Vihar, Delhi - DPCC",4
site_5024,Delhi,Delhi,"Alipur, Delhi - DPCC",2025-06-21 04:45:00+00:00,2025-06-21 04:45:00+00:00,30.2,77.0,,238.0,0.0,0.0,4.0,980.0,,no2,23.3,"Alipur, Delhi - DPCC",4
site_1420,Delhi,Delhi,"Ashok Vihar, Delhi - DPCC",2025-06-21 04:45:00+00:00,2025-06-21 04:45:00+00:00,29.7,81.0,1.2,162.0,0.0,0.0,10.0,982.0,,so2,2.5,"Ashok Vihar, Delhi - DPCC",4
site_1420,Delhi,Delhi,"Ashok Vihar, Delhi - DPCC",2025-06-21 04:45:00+00:00,2025-06-21 04:45:00+00:00,29.7,81.0,1.2,162.0,0.0,0.0,10.0,982.0,,pm25,51.0,"Ashok Vihar, Delhi - DPCC",4
site_1420,Delhi,Delhi,"Ashok Vihar, Delhi - DPCC",2025-06-21 04:45:00+00:00,2025-06-21 04:45:00+00:00,29.7,81.0,1.2,162.0,0.0,0.0,10.0,982.0,,pm10,83.0,"Ashok Vihar, Delhi - DPCC",4
site_5024,Delhi,Delhi,"Alipur, Delhi - DPCC",2025-06-21 04:45:00+00:00,2025-06-21 04:45:00+00:00,30.2,77.0,,238.0,0.0,0.0,4.0,980.0,,ozone,7.9,"Alipur, Delhi - DPCC",4
site_1420,Delhi,Delhi,"Ashok Vihar, Delhi - DPCC",2025-06-21 04:45:00+00:00,2025-06-21 04:45:00+00:00,29.7,81.0,1.2,162.0,0.0,0.0,10.0,982.0,,no,3.4,"Ashok Vihar, Delhi - DPCC",4
site_1420,Delhi,Delhi,"Ashok Vihar, Delhi - DPCC",2025-06-21 04:45:00+00:00,2025-06-21 04:45:00+00:00,29.7,81.0,1.2,162.0,0.0,0.0,10.0,982.0,,nh3,28.8,"Ashok Vihar, Delhi - DPCC",4
site_1420,Delhi,Delhi,"Ashok Vihar, Delhi - DPCC",2025-06-21 04:45:00+00:00,2025-06-21 04:45:00+00:00,29.7,81.0,1.2,162.0,0.0,0.0,10.0,982.0,,co,0.72,"Ashok Vihar, Delhi - DPCC",4
site_1420,Delhi,Delhi,"Ashok Vihar, Delhi - DPCC",2025-06-21 04:45:00+00:00,2025-06-21 04:45:00+00:00,29.7,81.0,1.2,162.0,0.0,0.0,10.0,982.0,,no2,15.3,"Ashok Vihar, Delhi - DPCC",4
site_301,Delhi,Delhi,"Anand Vihar, Delhi - DPCC",2025-06-21 04:45:00+00:00,2025-06-21 04:45:00+00:00,29.9,80.0,0.4,273.0,,0.0,5.0,743.0,,co,1.1,"Anand Vihar, Delhi - DPCC",4
site_5024,Delhi,Delhi,"Alipur, Delhi - DPCC",2025-06-21 04:45:00+00:00,2025-06-21 04:45:00+00:00,30.2,77.0,,238.0,0.0,0.0,4.0,980.0,,benzene,0.2,"Alipur, Delhi - DPCC",4
site_5024,Delhi,Delhi,"Alipur, Delhi - DPCC",2025-06-21 04:45:00+00:00,2025-06-21 04:45:00+00:00,30.2,77.0,,238.0,0.0,0.0,4.0,980.0,,co,0.57,"Alipur, Delhi - DPCC",4
site_5024,Delhi,Delhi,"Alipur, Delhi - DPCC",2025-06-21 04:45:00+00:00,2025-06-21 04:45:00+00:00,30.2,77.0,,238.0,0.0,0.0,4.0,980.0,,nh3,59.2,"Alipur, Delhi - DPCC",4
site_5024,Delhi,Delhi,"Alipur, Delhi - DPCC",2025-06-21 04:45:00+00:00,2025-06-21 04:45:00+00:00,30.2,77.0,,238.0,0.0,0.0,4.0,980.0,,no,3.0,"Alipur, Delhi - DPCC",4
site_1420,Delhi,Delhi,"Ashok Vihar, Delhi - DPCC",2025-06-21 04:45:00+00:00,2025-06-21 04:45:00+00:00,29.7,81.0,1.2,162.0,0.0,0.0,10.0,982.0,,benzene,0.1,"Ashok Vihar, Delhi - DPCC",4
site_301,Delhi,Delhi,"Anand Vihar, Delhi - DPCC",2025-06-21 05:00:00+00:00,2025-06-21 05:00:00+00:00,29.9,80.0,0.4,274.0,,0.0,5.0,743.0,,so2,54.6,"Anand Vihar, Delhi - DPCC",5
site_301,Delhi,Delhi,"Anand Vihar, Delhi - DPCC",2025-06-21 05:00:00+00:00,2025-06-21 05:00:00+00:00,29.9,80.0,0.4,274.0,,0.0,5.0,743.0,,pm25,90.0,"Anand Vihar, Delhi - DPCC",5
site_301,Delhi,Delhi,"Anand Vihar, Delhi - DPCC",2025-06-21 05:00:00+00:00,2025-06-21 05:00:00+00:00,29.9,80.0,0.4,274.0,,0.0,5.0,743.0,,pm10,106.0,"Anand Vihar, Delhi - DPCC",5
site_301,Delhi,Delhi,"Anand Vihar, Delhi - DPCC",2025-06-21 05:00:00+00:00,2025-06-21 05:00:00+00:00,29.9,80.0,0.4,274.0,,0.0,5.0,743.0,,ozone,4.7,"Anand Vihar, Delhi - DPCC",5
site_301,Delhi,Delhi,"Anand Vihar, Delhi - DPCC",2025-06-21 05:00:00+00:00,2025-06-21 05:00:00+00:00,29.9,80.0,0.4,274.0,,0.0,5.0,743.0,,no2,31.4,"Anand Vihar, Delhi - DPCC",5
site_301,Delhi,Delhi,"Anand Vihar, Delhi - DPCC",2025-06-21 05:00:00+00:00,2025-06-21 05:00:00+00:00,29.9,80.0,0.4,274.0,,0.0,5.0,743.0,,co,1.17,"Anand Vihar, Delhi - DPCC",5
site_301,Delhi,Delhi,"Anand Vihar, Delhi - DPCC",2025-06-21 05:00:00+00:00,2025-06-21 05:00:00+00:00,29.9,80.0,0.4,274.0,,0.0,5.0,743.0,,nh3,29.3,"Anand Vihar, Delhi - DPCC",5
site_301,Delhi,Delhi,"Anand Vihar, Delhi - DPCC",2025-06-21 05:00:00+00:00,2025-06-21 05:00:00+00:00,29.9,80.0,0.4,274.0,,0.0,5.0,743.0,,benzene,0.2,"Anand Vihar, Delhi - DPCC",5
site_1420,Delhi,Delhi,"Ashok Vihar, Delhi - DPCC",2025-06-21 05:00:00+00:00,2025-06-21 05:00:00+00:00,29.6,82.0,1.0,198.0,0.0,0.0,10.0,982.0,,nh3,29.6,"Ashok Vihar, Delhi - DPCC",5
site_301,Delhi,Delhi,"Anand Vihar, Delhi - DPCC",2025-06-21 05:00:00+00:00,2025-06-21 05:00:00+00:00,29.9,80.0,0.4,274.0,,0.0,5.0,743.0,,no,16.0,"Anand Vihar, Delhi - DPCC",5
site_301,Delhi,Delhi,"Anand Vihar, Delhi - DPCC",2025-06-21 05:00:00+00:00,2025-06-21 05:00:00+00:00,29.9,80.0,0.4,274.0,,0.0,5.0,743.0,,toluene,7.8,"Anand Vihar, Delhi - DPCC",5
site_1420,Delhi,Delhi,"Ashok Vihar, Delhi - DPCC",2025-06-21 05:00:00+00:00,2025-06-21 05:00:00+00:00,29.6,82.0,1.0,198.0,0.0,0.0,10.0,982.0,,no,2.6,"Ashok Vihar, Delhi - DPCC",5
site_104,Delhi,Delhi,"Burari Crossing, Delhi - IMD",2025-06-21 05:00:00+00:00,2025-06-21 05:00:00+00:00,,,,,,0.0,,,,pm10,34.32,"Burari Crossing, Delhi - IMD",5
site_104,Delhi,Delhi,"Burari Crossing, Delhi - IMD",2025-06-21 05:00:00+00:00,2025-06-21 05:00:00+00:00,,,,,,0.0,,,,ozone,25.41,"Burari Crossing, Delhi - IMD",5
site_104,Delhi,Delhi,"Burari Crossing, Delhi - IMD",2025-06-21 05:00:00+00:00,2025-06-21 05:00:00+00:00,,,,,,0.0,,,,no2,28.97,"Burari Crossing, Delhi - IMD",5
site_104,Delhi,Delhi,"Burari Crossing, Delhi - IMD",2025-06-21 05:00:00+00:00,2025-06-21 05:00:00+00:00,,,,,,0.0,,,,no,9.12,"Burari Crossing, Delhi - IMD",5
site_104,Delhi,Delhi,"Burari Crossing, Delhi - IMD",2025-06-21 05:00:00+00:00,2025-06-21 05:00:00+00:00,,,,,,0.0,,,,co,0.68,"Burari Crossing, Delhi - IMD",5
site_1420,Delhi,Delhi,"Ashok Vihar, Delhi - DPCC",2025-06-21 05:00:00+00:00,2025-06-21 05:00:00+00:00,29.6,82.0,1.0,198.0,0.0,0.0,10.0,982.0,,co,0.73,"Ashok Vihar, Delhi - DPCC",5
site_1420,Delhi,Delhi,"Ashok Vihar, Delhi - DPCC",2025-06-21 05:00:00+00:00,2025-06-21 05:00:00+00:00,29.6,82.0,1.0,198.0,0.0,0.0,10.0,982.0,,benzene,0.1,"Ashok Vihar, Delhi - DPCC",5
site_5024,Delhi,Delhi,"Alipur, Delhi - DPCC",2025-06-21 05:00:00+00:00,2025-06-21 05:00:00+00:00,30.2,77.0,,226.0,0.0,0.0,4.0,980.0,,benzene,0.2,"Alipur, Delhi - DPCC",5
site_5024,Delhi,Delhi,"Alipur, Delhi - DPCC",2025-06-21 05:00:00+00:00,2025-06-21 05:00:00+00:00,30.2,77.0,,226.0,0.0,0.0,4.0,980.0,,co,0.7,"Alipur, Delhi - DPCC",5
site_5024,Delhi,Delhi,"Alipur, Delhi - DPCC",2025-06-21 05:00:00+00:00,2025-06-21 05:00:00+00:00,30.2,77.0,,226.0,0.0,0.0,4.0,980.0,,nh3,59.0,"Alipur, Delhi - DPCC",5
site_5024,Delhi,Delhi,"Alipur, Delhi - DPCC",2025-06-21 05:00:00+00:00,2025-06-21 05:00:00+00:00,30.2,77.0,,226.0,0.0,0.0,4.0,980.0,,no,3.2,"Alipur, Delhi - DPCC",5
site_5024,Delhi,Delhi,"Alipur, Delhi - DPCC",2025-06-21 05:00:00+00:00,2025-06-21 05:00:00+00:00,30.2,77.0,,226.0,0.0,0.0,4.0,980.0,,no2,23.7,"Alipur, Delhi - DPCC",5
site_1560,Delhi,Delhi,"Bawana, Delhi - DPCC",2025-06-21 05:00:00+00:00,2025-06-21 05:00:00+00:00,30.9,79.0,1.4,135.0,0.0,0.0,5.0,991.0,,nh3,23.8,"Bawana, Delhi - DPCC",5
site_5024,Delhi,Delhi,"Alipur, Delhi - DPCC",2025-06-21 05:00:00+00:00,2025-06-21 05:00:00+00:00,30.2,77.0,,226.0,0.0,0.0,4.0,980.0,,ozone,9.0,"Alipur, Delhi - DPCC",5
site_5024,Delhi,Delhi,"Alipur, Delhi - DPCC",2025-06-21 05:00:00+00:00,2025-06-21 05:00:00+00:00,30.2,77.0,,226.0,0.0,0.0,4.0,980.0,,pm25,50.0,"Alipur, Delhi - DPCC",5
site_5024,Delhi,Delhi,"Alipur, Delhi - DPCC",2025-06-21 05:00:00+00:00,2025-06-21 05:00:00+00:00,30.2,77.0,,226.0,0.0,0.0,4.0,980.0,,so2,12.5,"Alipur, Delhi - DPCC",5
site_5024,Delhi,Delhi,"Alipur, Delhi - DPCC",2025-06-21 05:00:00+00:00,2025-06-21 05:00:00+00:00,30.2,77.0,,226.0,0.0,0.0,4.0,980.0,,toluene,0.3,"Alipur, Delhi - DPCC",5
site_1560,Delhi,Delhi,"Bawana, Delhi - DPCC",2025-06-21 05:00:00+00:00,2025-06-21 05:00:00+00:00,30.9,79.0,1.4,135.0,0.0,0.0,5.0,991.0,,benzene,0.1,"Bawana, Delhi - DPCC",5
site_1560,Delhi,Delhi,"Bawana, Delhi - DPCC",2025-06-21 05:00:00+00:00,2025-06-21 05:00:00+00:00,30.9,79.0,1.4,135.0,0.0,0.0,5.0,991.0,,toluene,3.0,"Bawana, Delhi - DPCC",5
site_1560,Delhi,Delhi,"Bawana, Delhi - DPCC",2025-06-21 05:00:00+00:00,2025-06-21 05:00:00+00:00,30.9,79.0,1.4,135.0,0.0,0.0,5.0,991.0,,so2,4.8,"Bawana, Delhi - DPCC",5
site_1560,Delhi,Delhi,"Bawana, Delhi - DPCC",2025-06-21 05:00:00+00:00,2025-06-21 05:00:00+00:00,30.9,79.0,1.4,135.0,0.0,0.0,5.0,991.0,,pm25,57.0,"Bawana, Delhi - DPCC",5
site_1560,Delhi,Delhi,"Bawana, Delhi - DPCC",2025-06-21 05:00:00+00:00,2025-06-21 05:00:00+00:00,30.9,79.0,1.4,135.0,0.0,0.0,5.0,991.0,,pm10,83.0,"Bawana, Delhi - DPCC",5
site_1560,Delhi,Delhi,"Bawana, Delhi - DPCC",2025-06-21 05:00:00+00:00,2025-06-21 05:00:00+00:00,30.9,79.0,1.4,135.0,0.0,0.0,5.0,991.0,,ozone,7.8,"Bawana, Delhi - DPCC",5
site_1560,Delhi,Delhi,"Bawana, Delhi - DPCC",2025-06-21 05:00:00+00:00,2025-06-21 05:00:00+00:00,30.9,79.0,1.4,135.0,0.0,0.0,5.0,991.0,,no2,8.8,"Bawana, Delhi - DPCC",5
site_1560,Delhi,Delhi,"Bawana, Delhi - DPCC",2025-06-21 05:00:00+00:00,2025-06-21 05:00:00+00:00,30.9,79.0,1.4,135.0,0.0,0.0,5.0,991.0,,no,4.7,"Bawana, Delhi - DPCC",5
site_5024,Delhi,Delhi,"Alipur, Delhi - DPCC",2025-06-21 05:00:00+00:00,2025-06-21 05:00:00+00:00,30.2,77.0,,226.0,0.0,0.0,4.0,980.0,,pm10,90.0,"Alipur, Delhi - DPCC",5
site_104,Delhi,Delhi,"Burari Crossing, Delhi - IMD",2025-06-21 05:00:00+00:00,2025-06-21 05:00:00+00:00,,,,,,0.0,,,,pm25,62.95,"Burari Crossing, Delhi - IMD",5
site_1560,Delhi,Delhi,"Bawana, Delhi - DPCC",2025-06-21 05:00:00+00:00,2025-06-21 05:00:00+00:00,30.9,79.0,1.4,135.0,0.0,0.0,5.0,991.0,,co,0.65,"Bawana, Delhi - DPCC",5
site_108,Delhi,Delhi,"Aya Nagar, Delhi - IMD",2025-06-21 05:00:00+00:00,2025-06-21 05:00:00+00:00,,,,,,0.0,,,,pm25,12.5,"Aya Nagar, Delhi - IMD",5
site_1420,Delhi,Delhi,"Ashok Vihar, Delhi - DPCC",2025-06-21 05:00:00+00:00,2025-06-21 05:00:00+00:00,29.6,82.0,1.0,198.0,0.0,0.0,10.0,982.0,,no2,16.4,"Ashok Vihar, Delhi - DPCC",5
site_1420,Delhi,Delhi,"Ashok Vihar, Delhi - DPCC",2025-06-21 05:00:00+00:00,2025-06-21 05:00:00+00:00,29.6,82.0,1.0,198.0,0.0,0.0,10.0,982.0,,pm10,70.0,"Ashok Vihar, Delhi - DPCC",5
site_1420,Delhi,Delhi,"Ashok Vihar, Delhi - DPCC",2025-06-21 05:00:00+00:00,2025-06-21 05:00:00+00:00,29.6,82.0,1.0,198.0,0.0,0.0,10.0,982.0,,pm25,59.0,"Ashok Vihar, Delhi - DPCC",5
site_1420,Delhi,Delhi,"Ashok Vihar, Delhi - DPCC",2025-06-21 05:00:00+00:00,2025-06-21 05:00:00+00:00,29.6,82.0,1.0,198.0,0.0,0.0,10.0,982.0,,so2,2.6,"Ashok Vihar, Delhi - DPCC",5
site_1420,Delhi,Delhi,"Ashok Vihar, Delhi - DPCC",2025-06-21 05:00:00+00:00,2025-06-21 05:00:00+00:00,29.6,82.0,1.0,198.0,0.0,0.0,10.0,982.0,,toluene,0.3,"Ashok Vihar, Delhi - DPCC",5
site_108,Delhi,Delhi,"Aya Nagar, Delhi - IMD",2025-06-21 05:00:00+00:00,2025-06-21 05:00:00+00:00,,,,,,0.0,,,,co,1.03,"Aya Nagar, Delhi - IMD",5
site_108,Delhi,Delhi,"Aya Nagar, Delhi - IMD",2025-06-21 05:00:00+00:00,2025-06-21 05:00:00+00:00,,,,,,0.0,,,,pm10,41.93,"Aya Nagar, Delhi - IMD",5
site_108,Delhi,Delhi,"Aya Nagar, Delhi - IMD",2025-06-21 05:00:00+00:00,2025-06-21 05:00:00+00:00,,,,,,0.0,,,,ozone,28.93,"Aya Nagar, Delhi - IMD",5
site_108,Delhi,Delhi,"Aya Nagar, Delhi - IMD",2025-06-21 05:00:00+00:00,2025-06-21 05:00:00+00:00,,,,,,0.0,,,,no2,10.1,"Aya Nagar, Delhi - IMD",5
site_108,Delhi,Delhi,"Aya Nagar, Delhi - IMD",2025-06-21 05:00:00+00:00,2025-06-21 05:00:00+00:00,,,,,,0.0,,,,no,7.46,"Aya Nagar, Delhi - IMD",5
site_5024,Delhi,Delhi,"Alipur, Delhi - DPCC",2025-06-21 05:15:00+00:00,2025-06-21 05:15:00+00:00,30.2,77.0,,217.0,0.0,0.0,5.0,980.0,,nh3,58.9,"Alipur, Delhi - DPCC",5
site_1560,Delhi,Delhi,"Bawana, Delhi - DPCC",2025-06-21 05:15:00+00:00,2025-06-21 05:15:00+00:00,30.9,80.0,1.4,130.0,0.0,0.0,6.0,991.0,,benzene,0.0,"Bawana, Delhi - DPCC",5
site_5024,Delhi,Delhi,"Alipur, Delhi - DPCC",2025-06-21 05:15:00+00:00,2025-06-21 05:15:00+00:00,30.2,77.0,,217.0,0.0,0.0,5.0,980.0,,no2,23.3,"Alipur, Delhi - DPCC",5
site_5024,Delhi,Delhi,"Alipur, Delhi - DPCC",2025-06-21 05:15:00+00:00,2025-06-21 05:15:00+00:00,30.2,77.0,,217.0,0.0,0.0,5.0,980.0,,ozone,9.3,"Alipur, Delhi - DPCC",5
site_5024,Delhi,Delhi,"Alipur, Delhi - DPCC",2025-06-21 05:15:00+00:00,2025-06-21 05:15:00+00:00,30.2,77.0,,217.0,0.0,0.0,5.0,980.0,,pm10,90.0,"Alipur, Delhi - DPCC",5
site_104,Delhi,Delhi,"Burari Crossing, Delhi - IMD",2025-06-21 05:15:00+00:00,2025-06-21 05:15:00+00:00,,,,,,0.0,,,,pm25,59.8,"Burari Crossing, Delhi - IMD",5
site_5024,Delhi,Delhi,"Alipur, Delhi - DPCC",2025-06-21 05:15:00+00:00,2025-06-21 05:15:00+00:00,30.2,77.0,,217.0,0.0,0.0,5.0,980.0,,pm25,50.0,"Alipur, Delhi - DPCC",5
site_5024,Delhi,Delhi,"Alipur, Delhi - DPCC",2025-06-21 05:15:00+00:00,2025-06-21 05:15:00+00:00,30.2,77.0,,217.0,0.0,0.0,5.0,980.0,,so2,10.3,"Alipur, Delhi - DPCC",5
site_1420,Delhi,Delhi,"Ashok Vihar, Delhi - DPCC",2025-06-21 05:15:00+00:00,2025-06-21 05:15:00+00:00,29.6,82.0,1.1,186.0,0.0,0.0,10.0,982.0,,nh3,30.1,"Ashok Vihar, Delhi - DPCC",5
site_1420,Delhi,Delhi,"Ashok Vihar, Delhi - DPCC",2025-06-21 05:15:00+00:00,2025-06-21 05:15:00+00:00,29.6,82.0,1.1,186.0,0.0,0.0,10.0,982.0,,co,0.74,"Ashok Vihar, Delhi - DPCC",5
site_1420,Delhi,Delhi,"Ashok Vihar, Delhi - DPCC",2025-06-21 05:15:00+00:00,2025-06-21 05:15:00+00:00,29.6,82.0,1.1,186.0,0.0,0.0,10.0,982.0,,benzene,0.1,"Ashok Vihar, Delhi - DPCC",5
site_5024,Delhi,Delhi,"Alipur, Delhi - DPCC",2025-06-21 05:15:00+00:00,2025-06-21 05:15:00+00:00,30.2,77.0,,217.0,0.0,0.0,5.0,980.0,,co,0.65,"Alipur, Delhi - DPCC",5
site_5024,Delhi,Delhi,"Alipur, Delhi - DPCC",2025-06-21 05:15:00+00:00,2025-06-21 05:15:00+00:00,30.2,77.0,,217.0,0.0,0.0,5.0,980.0,,benzene,0.2,"Alipur, Delhi - DPCC",5
site_1420,Delhi,Delhi,"Ashok Vihar, Delhi - DPCC",2025-06-21 05:15:00+00:00,2025-06-21 05:15:00+00:00,29.6,82.0,1.1,186.0,0.0,0.0,10.0,982.0,,ozone,5.1,"Ashok Vihar, Delhi - DPCC",5
site_1420,Delhi,Delhi,"Ashok Vihar, Delhi - DPCC",2025-06-21 05:15:00+00:00,2025-06-21 05:15:00+00:00,29.6,82.0,1.1,186.0,0.0,0.0,10.0,982.0,,no2,17.1,"Ashok Vihar, Delhi - DPCC",5
site_104,Delhi,Delhi,"Burari Crossing, Delhi - IMD",2025-06-21 05:15:00+00:00,2025-06-21 05:15:00+00:00,,,,,,0.0,,,,pm10,33.83,"Burari Crossing, Delhi - IMD",5
site_104,Delhi,Delhi,"Burari Crossing, Delhi - IMD",2025-06-21 05:15:00+00:00,2025-06-21 05:15:00+00:00,,,,,,0.0,,,,ozone,27.35,"Burari Crossing, Delhi - IMD",5
site_104,Delhi,Delhi,"Burari Crossing, Delhi - IMD",2025-06-21 05:15:00+00:00,2025-06-21 05:15:00+00:00,,,,,,0.0,,,,no2,24.91,"Burari Crossing, Delhi - IMD",5
site_104,Delhi,Delhi,"Burari Crossing, Delhi - IMD",2025-06-21 05:15:00+00:00,2025-06-21 05:15:00+00:00,,,,,,0.0,,,,no,8.87,"Burari Crossing, Delhi - IMD",5
site_104,Delhi,Delhi,"Burari Crossing, Delhi - IMD",2025-06-21 05:15:00+00:00,2025-06-21 05:15:00+00:00,,,,,,0.0,,,,co,0.68,"Burari Crossing, Delhi - IMD",5
site_108,Delhi,Delhi,"Aya Nagar, Delhi - IMD",2025-06-21 05:15:00+00:00,2025-06-21 05:15:00+00:00,,,,,,0.0,,,,pm10,45.15,"Aya Nagar, Delhi - IMD",5
site_108,Delhi,Delhi,"Aya Nagar, Delhi - IMD",2025-06-21 05:15:00+00:00,2025-06-21 05:15:00+00:00,,,,,,0.0,,,,ozone,22.83,"Aya Nagar, Delhi - IMD",5
site_108,Delhi,Delhi,"Aya Nagar, Delhi - IMD",2025-06-21 05:15:00+00:00,2025-06-21 05:15:00+00:00,,,,,,0.0,,,,no2,8.48,"Aya Nagar, Delhi - IMD",5
site_108,Delhi,Delhi,"Aya Nagar, Delhi - IMD",2025-06-21 05:15:00+00:00,2025-06-21 05:15:00+00:00,,,,,,0.0,,,,no,7.01,"Aya Nagar, Delhi - IMD",5
site_108,Delhi,Delhi,"Aya Nagar, Delhi - IMD",2025-06-21 05:15:00+00:00,2025-06-21 05:15:00+00:00,,,,,,0.0,,,,co,1.05,"Aya Nagar, Delhi - IMD",5
site_1420,Delhi,Delhi,"Ashok Vihar, Delhi - DPCC",2025-06-21 05:15:00+00:00,2025-06-21 05:15:00+00:00,29.6,82.0,1.1,186.0,0.0,0.0,10.0,982.0,,toluene,0.3,"Ashok Vihar, Delhi - DPCC",5
site_1420,Delhi,Delhi,"Ashok Vihar, Delhi - DPCC",2025-06-21 05:15:00+00:00,2025-06-21 05:15:00+00:00,29.6,82.0,1.1,186.0,0.0,0.0,10.0,982.0,,so2,3.6,"Ashok Vihar, Delhi - DPCC",5
site_1420,Delhi,Delhi,"Ashok Vihar, Delhi - DPCC",2025-06-21 05:15:00+00:00,2025-06-21 05:15:00+00:00,29.6,82.0,1.1,186.0,0.0,0.0,10.0,982.0,,pm25,59.0,"Ashok Vihar, Delhi - DPCC",5
site_1420,Delhi,Delhi,"Ashok Vihar, Delhi - DPCC",2025-06-21 05:15:00+00:00,2025-06-21 05:15:00+00:00,29.6,82.0,1.1,186.0,0.0,0.0,10.0,982.0,,pm10,70.0,"Ashok Vihar, Delhi - DPCC",5
site_108,Delhi,Delhi,"Aya Nagar, Delhi - IMD",2025-06-21 05:15:00+00:00,2025-06-21 05:15:00+00:00,,,,,,0.0,,,,pm25,6.75,"Aya Nagar, Delhi - IMD",5
site_1420,Delhi,Delhi,"Ashok Vihar, Delhi - DPCC",2025-06-21 05:15:00+00:00,2025-06-21 05:15:00+00:00,29.6,82.0,1.1,186.0,0.0,0.0,10.0,982.0,,no,2.7,"Ashok Vihar, Delhi - DPCC",5
site_1560,Delhi,Delhi,"Bawana, Delhi - DPCC",2025-06-21 05:15:00+00:00,2025-06-21 05:15:00+00:00,30.9,80.0,1.4,130.0,0.0,0.0,6.0,991.0,,co,0.65,"Bawana, Delhi - DPCC",5
site_5024,Delhi,Delhi,"Alipur, Delhi - DPCC",2025-06-21 05:15:00+00:00,2025-06-21 05:15:00+00:00,30.2,77.0,,217.0,0.0,0.0,5.0,980.0,,no,3.2,"Alipur, Delhi - DPCC",5
site_5024,Delhi,Delhi,"Alipur, Delhi - DPCC",2025-06-21 05:15:00+00:00,2025-06-21 05:15:00+00:00,30.2,77.0,,217.0,0.0,0.0,5.0,980.0,,toluene,0.2,"Alipur, Delhi - DPCC",5
site_301,Delhi,Delhi,"Anand Vihar, Delhi - DPCC",2025-06-21 05:15:00+00:00,2025-06-21 05:15:00+00:00,29.9,80.0,0.4,276.0,,0.0,7.0,743.0,,co,1.17,"Anand Vihar, Delhi - DPCC",5
site_301,Delhi,Delhi,"Anand Vihar, Delhi - DPCC",2025-06-21 05:15:00+00:00,2025-06-21 05:15:00+00:00,29.9,80.0,0.4,276.0,,0.0,7.0,743.0,,no2,34.7,"Anand Vihar, Delhi - DPCC",5
site_301,Delhi,Delhi,"Anand Vihar, Delhi - DPCC",2025-06-21 05:15:00+00:00,2025-06-21 05:15:00+00:00,29.9,80.0,0.4,276.0,,0.0,7.0,743.0,,ozone,9.6,"Anand Vihar, Delhi - DPCC",5
site_301,Delhi,Delhi,"Anand Vihar, Delhi - DPCC",2025-06-21 05:15:00+00:00,2025-06-21 05:15:00+00:00,29.9,80.0,0.4,276.0,,0.0,7.0,743.0,,pm10,106.0,"Anand Vihar, Delhi - DPCC",5
site_301,Delhi,Delhi,"Anand Vihar, Delhi - DPCC",2025-06-21 05:15:00+00:00,2025-06-21 05:15:00+00:00,29.9,80.0,0.4,276.0,,0.0,7.0,743.0,,pm25,90.0,"Anand Vihar, Delhi - DPCC",5
site_301,Delhi,Delhi,"Anand Vihar, Delhi - DPCC",2025-06-21 05:15:00+00:00,2025-06-21 05:15:00+00:00,29.9,80.0,0.4,276.0,,0.0,7.0,743.0,,so2,53.9,"Anand Vihar, Delhi - DPCC",5
site_301,Delhi,Delhi,"Anand Vihar, Delhi - DPCC",2025-06-21 05:15:00+00:00,2025-06-21 05:15:00+00:00,29.9,80.0,0.4,276.0,,0.0,7.0,743.0,,toluene,8.4,"Anand Vihar, Delhi - DPCC",5
site_301,Delhi,Delhi,"Anand Vihar, Delhi - DPCC",2025-06-21 05:15:00+00:00,2025-06-21 05:15:00+00:00,29.9,80.0,0.4,276.0,,0.0,7.0,743.0,,nh3,28.5,"Anand Vihar, Delhi - DPCC",5
site_301,Delhi,Delhi,"Anand Vihar, Delhi - DPCC",2025-06-21 05:15:00+00:00,2025-06-21 05:15:00+00:00,29.9,80.0,0.4,276.0,,0.0,7.0,743.0,,benzene,0.5,"Anand Vihar, Delhi - DPCC",5
site_301,Delhi,Delhi,"Anand Vihar, Delhi - DPCC",2025-06-21 05:15:00+00:00,2025-06-21 05:15:00+00:00,29.9,80.0,0.4,276.0,,0.0,7.0,743.0,,no,13.2,"Anand Vihar, Delhi - DPCC",5
site_1560,Delhi,Delhi,"Bawana, Delhi - DPCC",2025-06-21 05:15:00+00:00,2025-06-21 05:15:00+00:00,30.9,80.0,1.4,130.0,0.0,0.0,6.0,991.0,,nh3,24.5,"Bawana, Delhi - DPCC",5
site_1560,Delhi,Delhi,"Bawana, Delhi - DPCC",2025-06-21 05:15:00+00:00,2025-06-21 05:15:00+00:00,30.9,80.0,1.4,130.0,0.0,0.0,6.0,991.0,,no,4.9,"Bawana, Delhi - DPCC",5
site_1560,Delhi,Delhi,"Bawana, Delhi - DPCC",2025-06-21 05:15:00+00:00,2025-06-21 05:15:00+00:00,30.9,80.0,1.4,130.0,0.0,0.0,6.0,991.0,,toluene,3.1,"Bawana, Delhi - DPCC",5
site_1560,Delhi,Delhi,"Bawana, Delhi - DPCC",2025-06-21 05:15:00+00:00,2025-06-21 05:15:00+00:00,30.9,80.0,1.4,130.0,0.0,0.0,6.0,991.0,,no2,8.4,"Bawana, Delhi - DPCC",5
site_1560,Delhi,Delhi,"Bawana, Delhi - DPCC",2025-06-21 05:15:00+00:00,2025-06-21 05:15:00+00:00,30.9,80.0,1.4,130.0,0.0,0.0,6.0,991.0,,ozone,6.7,"Bawana, Delhi - DPCC",5
site_1560,Delhi,Delhi,"Bawana, Delhi - DPCC",2025-06-21 05:15:00+00:00,2025-06-21 05:15:00+00:00,30.9,80.0,1.4,130.0,0.0,0.0,6.0,991.0,,pm10,83.0,"Bawana, Delhi - DPCC",5
site_1560,Delhi,Delhi,"Bawana, Delhi - DPCC",2025-06-21 05:15:00+00:00,2025-06-21 05:15:00+00:00,30.9,80.0,1.4,130.0,0.0,0.0,6.0,991.0,,pm25,57.0,"Bawana, Delhi - DPCC",5
site_1560,Delhi,Delhi,"Bawana, Delhi - DPCC",2025-06-21 05:15:00+00:00,2025-06-21 05:15:00+00:00,30.9,80.0,1.4,130.0,0.0,0.0,6.0,991.0,,so2,4.8,"Bawana, Delhi - DPCC",5
site_104,Delhi,Delhi,"Burari Crossing, Delhi - IMD",2025-06-21 05:30:00+00:00,2025-06-21 05:30:00+00:00,,,,,,0.0,,,,pm10,37.68,"Burari Crossing, Delhi - IMD",5
site_1560,Delhi,Delhi,"Bawana, Delhi - DPCC",2025-06-21 05:30:00+00:00,2025-06-21 05:30:00+00:00,30.9,80.0,1.2,128.0,0.0,0.0,7.0,991.0,,so2,4.1,"Bawana, Delhi - DPCC",5
site_1560,Delhi,Delhi,"Bawana, Delhi - DPCC",2025-06-21 05:30:00+00:00,2025-06-21 05:30:00+00:00,30.9,80.0,1.2,128.0,0.0,0.0,7.0,991.0,,toluene,3.0,"Bawana, Delhi - DPCC",5
site_108,Delhi,Delhi,"Aya Nagar, Delhi - IMD",2025-06-21 05:30:00+00:00,2025-06-21 05:30:00+00:00,,,,,,0.0,,,,co,1.07,"Aya Nagar, Delhi - IMD",5
site_108,Delhi,Delhi,"Aya Nagar, Delhi - IMD",2025-06-21 05:30:00+00:00,2025-06-21 05:30:00+00:00,,,,,,0.0,,,,no,8.35,"Aya Nagar, Delhi - IMD",5
site_108,Delhi,Delhi,"Aya Nagar, Delhi - IMD",2025-06-21 05:30:00+00:00,2025-06-21 05:30:00+00:00,,,,,,0.0,,,,no2,9.41,"Aya Nagar, Delhi - IMD",5
site_108,Delhi,Delhi,"Aya Nagar, Delhi - IMD",2025-06-21 05:30:00+00:00,2025-06-21 05:30:00+00:00,,,,,,0.0,,,,ozone,16.21,"Aya Nagar, Delhi - IMD",5
site_108,Delhi,Delhi,"Aya Nagar, Delhi - IMD",2025-06-21 05:30:00+00:00,2025-06-21 05:30:00+00:00,,,,,,0.0,,,,pm25,11.55,"Aya Nagar, Delhi - IMD",5
site_104,Delhi,Delhi,"Burari Crossing, Delhi - IMD",2025-06-21 05:30:00+00:00,2025-06-21 05:30:00+00:00,,,,,,0.0,,,,no2,24.91,"Burari Crossing, Delhi - IMD",5
site_104,Delhi,Delhi,"Burari Crossing, Delhi - IMD",2025-06-21 05:30:00+00:00,2025-06-21 05:30:00+00:00,,,,,,0.0,,,,ozone,28.19,"Burari Crossing, Delhi - IMD",5
site_108,Delhi,Delhi,"Aya Nagar, Delhi - IMD",2025-06-21 05:30:00+00:00,2025-06-21 05:30:00+00:00,,,,,,0.0,,,,pm10,48.48,"Aya Nagar, Delhi - IMD",5
site_1420,Delhi,Delhi,"Ashok Vihar, Delhi - DPCC",2025-06-21 05:30:00+00:00,2025-06-21 05:30:00+00:00,29.6,82.0,1.6,137.0,0.0,0.0,12.0,982.0,,so2,4.8,"Ashok Vihar, Delhi - DPCC",5
site_1420,Delhi,Delhi,"Ashok Vihar, Delhi - DPCC",2025-06-21 05:30:00+00:00,2025-06-21 05:30:00+00:00,29.6,82.0,1.6,137.0,0.0,0.0,12.0,982.0,,toluene,0.3,"Ashok Vihar, Delhi - DPCC",5
site_1560,Delhi,Delhi,"Bawana, Delhi - DPCC",2025-06-21 05:30:00+00:00,2025-06-21 05:30:00+00:00,30.9,80.0,1.2,128.0,0.0,0.0,7.0,991.0,,benzene,0.2,"Bawana, Delhi - DPCC",5
site_1560,Delhi,Delhi,"Bawana, Delhi - DPCC",2025-06-21 05:30:00+00:00,2025-06-21 05:30:00+00:00,30.9,80.0,1.2,128.0,0.0,0.0,7.0,991.0,,co,0.61,"Bawana, Delhi - DPCC",5
site_1560,Delhi,Delhi,"Bawana, Delhi - DPCC",2025-06-21 05:30:00+00:00,2025-06-21 05:30:00+00:00,30.9,80.0,1.2,128.0,0.0,0.0,7.0,991.0,,nh3,24.6,"Bawana, Delhi - DPCC",5
site_1560,Delhi,Delhi,"Bawana, Delhi - DPCC",2025-06-21 05:30:00+00:00,2025-06-21 05:30:00+00:00,30.9,80.0,1.2,128.0,0.0,0.0,7.0,991.0,,no,4.7,"Bawana, Delhi - DPCC",5
site_1560,Delhi,Delhi,"Bawana, Delhi - DPCC",2025-06-21 05:30:00+00:00,2025-06-21 05:30:00+00:00,30.9,80.0,1.2,128.0,0.0,0.0,7.0,991.0,,no2,8.7,"Bawana, Delhi - DPCC",5
site_1560,Delhi,Delhi,"Bawana, Delhi - DPCC",2025-06-21 05:30:00+00:00,2025-06-21 05:30:00+00:00,30.9,80.0,1.2,128.0,0.0,0.0,7.0,991.0,,ozone,10.2,"Bawana, Delhi - DPCC",5
site_1560,Delhi,Delhi,"Bawana, Delhi - DPCC",2025-06-21 05:30:00+00:00,2025-06-21 05:30:00+00:00,30.9,80.0,1.2,128.0,0.0,0.0,7.0,991.0,,pm10,83.0,"Bawana, Delhi - DPCC",5
site_1560,Delhi,Delhi,"Bawana, Delhi - DPCC",2025-06-21 05:30:00+00:00,2025-06-21 05:30:00+00:00,30.9,80.0,1.2,128.0,0.0,0.0,7.0,991.0,,pm25,57.0,"Bawana, Delhi - DPCC",5
site_1420,Delhi,Delhi,"Ashok Vihar, Delhi - DPCC",2025-06-21 05:30:00+00:00,2025-06-21 05:30:00+00:00,29.6,82.0,1.6,137.0,0.0,0.0,12.0,982.0,,benzene,0.1,"Ashok Vihar, Delhi - DPCC",5
site_1420,Delhi,Delhi,"Ashok Vihar, Delhi - DPCC",2025-06-21 05:30:00+00:00,2025-06-21 05:30:00+00:00,29.6,82.0,1.6,137.0,0.0,0.0,12.0,982.0,,nh3,30.0,"Ashok Vihar, Delhi - DPCC",5
site_1420,Delhi,Delhi,"Ashok Vihar, Delhi - DPCC",2025-06-21 05:30:00+00:00,2025-06-21 05:30:00+00:00,29.6,82.0,1.6,137.0,0.0,0.0,12.0,982.0,,no,4.7,"Ashok Vihar, Delhi - DPCC",5
site_1420,Delhi,Delhi,"Ashok Vihar, Delhi - DPCC",2025-06-21 05:30:00+00:00,2025-06-21 05:30:00+00:00,29.6,82.0,1.6,137.0,0.0,0.0,12.0,982.0,,no2,17.0,"Ashok Vihar, Delhi - DPCC",5
site_1420,Delhi,Delhi,"Ashok Vihar, Delhi - DPCC",2025-06-21 05:30:00+00:00,2025-06-21 05:30:00+00:00,29.6,82.0,1.6,137.0,0.0,0.0,12.0,982.0,,ozone,5.1,"Ashok Vihar, Delhi - DPCC",5
site_1420,Delhi,Delhi,"Ashok Vihar, Delhi - DPCC",2025-06-21 05:30:00+00:00,2025-06-21 05:30:00+00:00,29.6,82.0,1.6,137.0,0.0,0.0,12.0,982.0,,pm10,70.0,"Ashok Vihar, Delhi - DPCC",5
site_1420,Delhi,Delhi,"Ashok Vihar, Delhi - DPCC",2025-06-21 05:30:00+00:00,2025-06-21 05:30:00+00:00,29.6,82.0,1.6,137.0,0.0,0.0,12.0,982.0,,pm25,59.0,"Ashok Vihar, Delhi - DPCC",5
site_104,Delhi,Delhi,"Burari Crossing, Delhi - IMD",2025-06-21 05:30:00+00:00,2025-06-21 05:30:00+00:00,,,,,,0.0,,,,no,8.64,"Burari Crossing, Delhi - IMD",5
site_1420,Delhi,Delhi,"Ashok Vihar, Delhi - DPCC",2025-06-21 05:30:00+00:00,2025-06-21 05:30:00+00:00,29.6,82.0,1.6,137.0,0.0,0.0,12.0,982.0,,co,0.77,"Ashok Vihar, Delhi - DPCC",5
site_104,Delhi,Delhi,"Burari Crossing, Delhi - IMD",2025-06-21 05:30:00+00:00,2025-06-21 05:30:00+00:00,,,,,,0.0,,,,co,0.71,"Burari Crossing, Delhi - IMD",5
site_104,Delhi,Delhi,"Burari Crossing, Delhi - IMD",2025-06-21 05:30:00+00:00,2025-06-21 05:30:00+00:00,,,,,,0.0,,,,pm25,55.93,"Burari Crossing, Delhi - IMD",5
site_5024,Delhi,Delhi,"Alipur, Delhi - DPCC",2025-06-21 05:30:00+00:00,2025-06-21 05:30:00+00:00,30.1,77.0,,227.0,0.0,0.0,7.0,980.0,,co,0.56,"Alipur, Delhi - DPCC",5
site_5024,Delhi,Delhi,"Alipur, Delhi - DPCC",2025-06-21 05:30:00+00:00,2025-06-21 05:30:00+00:00,30.1,77.0,,227.0,0.0,0.0,7.0,980.0,,benzene,0.2,"Alipur, Delhi - DPCC",5
site_5024,Delhi,Delhi,"Alipur, Delhi - DPCC",2025-06-21 05:30:00+00:00,2025-06-21 05:30:00+00:00,30.1,77.0,,227.0,0.0,0.0,7.0,980.0,,nh3,59.0,"Alipur, Delhi - DPCC",5
site_5024,Delhi,Delhi,"Alipur, Delhi - DPCC",2025-06-21 05:30:00+00:00,2025-06-21 05:30:00+00:00,30.1,77.0,,227.0,0.0,0.0,7.0,980.0,,no,3.3,"Alipur, Delhi - DPCC",5
site_5024,Delhi,Delhi,"Alipur, Delhi - DPCC",2025-06-21 05:30:00+00:00,2025-06-21 05:30:00+00:00,30.1,77.0,,227.0,0.0,0.0,7.0,980.0,,no2,23.2,"Alipur, Delhi - DPCC",5
site_301,Delhi,Delhi,"Anand Vihar, Delhi - DPCC",2025-06-21 05:30:00+00:00,2025-06-21 05:30:00+00:00,29.9,80.0,0.3,273.0,,0.0,24.0,743.0,,so2,52.7,"Anand Vihar, Delhi - DPCC",5
site_301,Delhi,Delhi,"Anand Vihar, Delhi - DPCC",2025-06-21 05:30:00+00:00,2025-06-21 05:30:00+00:00,29.9,80.0,0.3,273.0,,0.0,24.0,743.0,,toluene,7.9,"Anand Vihar, Delhi - DPCC",5
site_5024,Delhi,Delhi,"Alipur, Delhi - DPCC",2025-06-21 05:30:00+00:00,2025-06-21 05:30:00+00:00,30.1,77.0,,227.0,0.0,0.0,7.0,980.0,,ozone,8.4,"Alipur, Delhi - DPCC",5
site_5024,Delhi,Delhi,"Alipur, Delhi - DPCC",2025-06-21 05:30:00+00:00,2025-06-21 05:30:00+00:00,30.1,77.0,,227.0,0.0,0.0,7.0,980.0,,pm10,90.0,"Alipur, Delhi - DPCC",5
site_5024,Delhi,Delhi,"Alipur, Delhi - DPCC",2025-06-21 05:30:00+00:00,2025-06-21 05:30:00+00:00,30.1,77.0,,227.0,0.0,0.0,7.0,980.0,,pm25,50.0,"Alipur, Delhi - DPCC",5
site_5024,Delhi,Delhi,"Alipur, Delhi - DPCC",2025-06-21 05:30:00+00:00,2025-06-21 05:30:00+00:00,30.1,77.0,,227.0,0.0,0.0,7.0,980.0,,toluene,0.2,"Alipur, Delhi - DPCC",5
site_5024,Delhi,Delhi,"Alipur, Delhi - DPCC",2025-06-21 05:30:00+00:00,2025-06-21 05:30:00+00:00,30.1,77.0,,227.0,0.0,0.0,7.0,980.0,,so2,9.4,"Alipur, Delhi - DPCC",5
site_301,Delhi,Delhi,"Anand Vihar, Delhi - DPCC",2025-06-21 05:30:00+00:00,2025-06-21 05:30:00+00:00,29.9,80.0,0.3,273.0,,0.0,24.0,743.0,,co,1.2,"Anand Vihar, Delhi - DPCC",5
site_301,Delhi,Delhi,"Anand Vihar, Delhi - DPCC",2025-06-21 05:30:00+00:00,2025-06-21 05:30:00+00:00,29.9,80.0,0.3,273.0,,0.0,24.0,743.0,,pm25,90.0,"Anand Vihar, Delhi - DPCC",5
site_301,Delhi,Delhi,"Anand Vihar, Delhi - DPCC",2025-06-21 05:30:00+00:00,2025-06-21 05:30:00+00:00,29.9,80.0,0.3,273.0,,0.0,24.0,743.0,,pm10,106.0,"Anand Vihar, Delhi - DPCC",5
site_301,Delhi,Delhi,"Anand Vihar, Delhi - DPCC",2025-06-21 05:30:00+00:00,2025-06-21 05:30:00+00:00,29.9,80.0,0.3,273.0,,0.0,24.0,743.0,,ozone,5.4,"Anand Vihar, Delhi - DPCC",5
site_301,Delhi,Delhi,"Anand Vihar, Delhi - DPCC",2025-06-21 05:30:00+00:00,2025-06-21 05:30:00+00:00,29.9,80.0,0.3,273.0,,0.0,24.0,743.0,,no2,30.9,"Anand Vihar, Delhi - DPCC",5
site_301,Delhi,Delhi,"Anand Vihar, Delhi - DPCC",2025-06-21 05:30:00+00:00,2025-06-21 05:30:00+00:00,29.9,80.0,0.3,273.0,,0.0,24.0,743.0,,no,9.7,"Anand Vihar, Delhi - DPCC",5
site_301,Delhi,Delhi,"Anand Vihar, Delhi - DPCC",2025-06-21 05:30:00+00:00,2025-06-21 05:30:00+00:00,29.9,80.0,0.3,273.0,,0.0,24.0,743.0,,nh3,35.3,"Anand Vihar, Delhi - DPCC",5
site_301,Delhi,Delhi,"Anand Vihar, Delhi - DPCC",2025-06-21 05:30:00+00:00,2025-06-21 05:30:00+00:00,29.9,80.0,0.3,273.0,,0.0,24.0,743.0,,benzene,0.9,"Anand Vihar, Delhi - DPCC",5
site_1420,Delhi,Delhi,"Ashok Vihar, Delhi - DPCC",2025-06-21 05:45:00+00:00,2025-06-21 05:45:00+00:00,29.6,82.0,2.0,153.0,0.0,0.0,18.0,982.0,,ozone,3.4,"Ashok Vihar, Delhi - DPCC",5
site_1560,Delhi,Delhi,"Bawana, Delhi - DPCC",2025-06-21 05:45:00+00:00,2025-06-21 05:45:00+00:00,30.9,80.0,1.0,126.0,0.0,0.0,16.0,991.0,,benzene,0.2,"Bawana, Delhi - DPCC",5
site_1560,Delhi,Delhi,"Bawana, Delhi - DPCC",2025-06-21 05:45:00+00:00,2025-06-21 05:45:00+00:00,30.9,80.0,1.0,126.0,0.0,0.0,16.0,991.0,,co,0.63,"Bawana, Delhi - DPCC",5
site_1420,Delhi,Delhi,"Ashok Vihar, Delhi - DPCC",2025-06-21 05:45:00+00:00,2025-06-21 05:45:00+00:00,29.6,82.0,2.0,153.0,0.0,0.0,18.0,982.0,,pm25,59.0,"Ashok Vihar, Delhi - DPCC",5
site_1420,Delhi,Delhi,"Ashok Vihar, Delhi - DPCC",2025-06-21 05:45:00+00:00,2025-06-21 05:45:00+00:00,29.6,82.0,2.0,153.0,0.0,0.0,18.0,982.0,,pm10,70.0,"Ashok Vihar, Delhi - DPCC",5
site_1420,Delhi,Delhi,"Ashok Vihar, Delhi - DPCC",2025-06-21 05:45:00+00:00,2025-06-21 05:45:00+00:00,29.6,82.0,2.0,153.0,0.0,0.0,18.0,982.0,,no2,20.6,"Ashok Vihar, Delhi - DPCC",5
site_301,Delhi,Delhi,"Anand Vihar, Delhi - DPCC",2025-06-21 05:45:00+00:00,2025-06-21 05:45:00+00:00,29.9,80.0,0.3,249.0,,0.0,69.0,743.0,,nh3,52.6,"Anand Vihar, Delhi - DPCC",5
site_1420,Delhi,Delhi,"Ashok Vihar, Delhi - DPCC",2025-06-21 05:45:00+00:00,2025-06-21 05:45:00+00:00,29.6,82.0,2.0,153.0,0.0,0.0,18.0,982.0,,nh3,30.2,"Ashok Vihar, Delhi - DPCC",5
site_1420,Delhi,Delhi,"Ashok Vihar, Delhi - DPCC",2025-06-21 05:45:00+00:00,2025-06-21 05:45:00+00:00,29.6,82.0,2.0,153.0,0.0,0.0,18.0,982.0,,co,0.9,"Ashok Vihar, Delhi - DPCC",5
site_1420,Delhi,Delhi,"Ashok Vihar, Delhi - DPCC",2025-06-21 05:45:00+00:00,2025-06-21 05:45:00+00:00,29.6,82.0,2.0,153.0,0.0,0.0,18.0,982.0,,benzene,0.1,"Ashok Vihar, Delhi - DPCC",5
site_1560,Delhi,Delhi,"Bawana, Delhi - DPCC",2025-06-21 05:45:00+00:00,2025-06-21 05:45:00+00:00,30.9,80.0,1.0,126.0,0.0,0.0,16.0,991.0,,nh3,26.3,"Bawana, Delhi - DPCC",5
site_5024,Delhi,Delhi,"Alipur, Delhi - DPCC",2025-06-21 05:45:00+00:00,2025-06-21 05:45:00+00:00,30.1,77.0,,232.0,0.0,0.0,13.0,981.0,,benzene,0.2,"Alipur, Delhi - DPCC",5
site_5024,Delhi,Delhi,"Alipur, Delhi - DPCC",2025-06-21 05:45:00+00:00,2025-06-21 05:45:00+00:00,30.1,77.0,,232.0,0.0,0.0,13.0,981.0,,co,0.79,"Alipur, Delhi - DPCC",5
site_5024,Delhi,Delhi,"Alipur, Delhi - DPCC",2025-06-21 05:45:00+00:00,2025-06-21 05:45:00+00:00,30.1,77.0,,232.0,0.0,0.0,13.0,981.0,,nh3,58.6,"Alipur, Delhi - DPCC",5
site_5024,Delhi,Delhi,"Alipur, Delhi - DPCC",2025-06-21 05:45:00+00:00,2025-06-21 05:45:00+00:00,30.1,77.0,,232.0,0.0,0.0,13.0,981.0,,no,3.0,"Alipur, Delhi - DPCC",5
site_5024,Delhi,Delhi,"Alipur, Delhi - DPCC",2025-06-21 05:45:00+00:00,2025-06-21 05:45:00+00:00,30.1,77.0,,232.0,0.0,0.0,13.0,981.0,,no2,24.4,"Alipur, Delhi - DPCC",5
site_5024,Delhi,Delhi,"Alipur, Delhi - DPCC",2025-06-21 05:45:00+00:00,2025-06-21 05:45:00+00:00,30.1,77.0,,232.0,0.0,0.0,13.0,981.0,,ozone,5.7,"Alipur, Delhi - DPCC",5
site_5024,Delhi,Delhi,"Alipur, Delhi - DPCC",2025-06-21 05:45:00+00:00,2025-06-21 05:45:00+00:00,30.1,77.0,,232.0,0.0,0.0,13.0,981.0,,pm10,90.0,"Alipur, Delhi - DPCC",5
site_5024,Delhi,Delhi,"Alipur, Delhi - DPCC",2025-06-21 05:45:00+00:00,2025-06-21 05:45:00+00:00,30.1,77.0,,232.0,0.0,0.0,13.0,981.0,,pm25,50.0,"Alipur, Delhi - DPCC",5
site_5024,Delhi,Delhi,"Alipur, Delhi - DPCC",2025-06-21 05:45:00+00:00,2025-06-21 05:45:00+00:00,30.1,77.0,,232.0,0.0,0.0,13.0,981.0,,so2,10.0,"Alipur, Delhi - DPCC",5
site_5024,Delhi,Delhi,"Alipur, Delhi - DPCC",2025-06-21 05:45:00+00:00,2025-06-21 05:45:00+00:00,30.1,77.0,,232.0,0.0,0.0,13.0,981.0,,toluene,0.2,"Alipur, Delhi - DPCC",5
site_1420,Delhi,Delhi,"Ashok Vihar, Delhi - DPCC",2025-06-21 05:45:00+00:00,2025-06-21 05:45:00+00:00,29.6,82.0,2.0,153.0,0.0,0.0,18.0,982.0,,no,5.8,"Ashok Vihar, Delhi - DPCC",5
site_1560,Delhi,Delhi,"Bawana, Delhi - DPCC",2025-06-21 05:45:00+00:00,2025-06-21 05:45:00+00:00,30.9,80.0,1.0,126.0,0.0,0.0,16.0,991.0,,no,4.0,"Bawana, Delhi - DPCC",5
site_1560,Delhi,Delhi,"Bawana, Delhi - DPCC",2025-06-21 05:45:00+00:00,2025-06-21 05:45:00+00:00,30.9,80.0,1.0,126.0,0.0,0.0,16.0,991.0,,ozone,8.2,"Bawana, Delhi - DPCC",5
site_301,Delhi,Delhi,"Anand Vihar, Delhi - DPCC",2025-06-21 05:45:00+00:00,2025-06-21 05:45:00+00:00,29.9,80.0,0.3,249.0,,0.0,69.0,743.0,,co,1.16,"Anand Vihar, Delhi - DPCC",5
site_301,Delhi,Delhi,"Anand Vihar, Delhi - DPCC",2025-06-21 05:45:00+00:00,2025-06-21 05:45:00+00:00,29.9,80.0,0.3,249.0,,0.0,69.0,743.0,,no,11.3,"Anand Vihar, Delhi - DPCC",5
site_301,Delhi,Delhi,"Anand Vihar, Delhi - DPCC",2025-06-21 05:45:00+00:00,2025-06-21 05:45:00+00:00,29.9,80.0,0.3,249.0,,0.0,69.0,743.0,,no2,30.9,"Anand Vihar, Delhi - DPCC",5
site_301,Delhi,Delhi,"Anand Vihar, Delhi - DPCC",2025-06-21 05:45:00+00:00,2025-06-21 05:45:00+00:00,29.9,80.0,0.3,249.0,,0.0,69.0,743.0,,ozone,6.2,"Anand Vihar, Delhi - DPCC",5
site_301,Delhi,Delhi,"Anand Vihar, Delhi - DPCC",2025-06-21 05:45:00+00:00,2025-06-21 05:45:00+00:00,29.9,80.0,0.3,249.0,,0.0,69.0,743.0,,pm10,106.0,"Anand Vihar, Delhi - DPCC",5
site_301,Delhi,Delhi,"Anand Vihar, Delhi - DPCC",2025-06-21 05:45:00+00:00,2025-06-21 05:45:00+00:00,29.9,80.0,0.3,249.0,,0.0,69.0,743.0,,pm25,90.0,"Anand Vihar, Delhi - DPCC",5
site_301,Delhi,Delhi,"Anand Vihar, Delhi - DPCC",2025-06-21 05:45:00+00:00,2025-06-21 05:45:00+00:00,29.9,80.0,0.3,249.0,,0.0,69.0,743.0,,so2,52.8,"Anand Vihar, Delhi - DPCC",5
site_301,Delhi,Delhi,"Anand Vihar, Delhi - DPCC",2025-06-21 05:45:00+00:00,2025-06-21 05:45:00+00:00,29.9,80.0,0.3,249.0,,0.0,69.0,743.0,,toluene,7.4,"Anand Vihar, Delhi - DPCC",5
site_1560,Delhi,Delhi,"Bawana, Delhi - DPCC",2025-06-21 05:45:00+00:00,2025-06-21 05:45:00+00:00,30.9,80.0,1.0,126.0,0.0,0.0,16.0,991.0,,toluene,3.3,"Bawana, Delhi - DPCC",5
site_301,Delhi,Delhi,"Anand Vihar, Delhi - DPCC",2025-06-21 05:45:00+00:00,2025-06-21 05:45:00+00:00,29.9,80.0,0.3,249.0,,0.0,69.0,743.0,,benzene,1.0,"Anand Vihar, Delhi - DPCC",5
site_1420,Delhi,Delhi,"Ashok Vihar, Delhi - DPCC",2025-06-21 05:45:00+00:00,2025-06-21 05:45:00+00:00,29.6,82.0,2.0,153.0,0.0,0.0,18.0,982.0,,so2,5.3,"Ashok Vihar, Delhi - DPCC",5
site_1560,Delhi,Delhi,"Bawana, Delhi - DPCC",2025-06-21 05:45:00+00:00,2025-06-21 05:45:00+00:00,30.9,80.0,1.0,126.0,0.0,0.0,16.0,991.0,,no2,8.7,"Bawana, Delhi - DPCC",5
site_104,Delhi,Delhi,"Burari Crossing, Delhi - IMD",2025-06-21 05:45:00+00:00,2025-06-21 05:45:00+00:00,,,,,,0.0,,,,co,0.7,"Burari Crossing, Delhi - IMD",5
site_104,Delhi,Delhi,"Burari Crossing, Delhi - IMD",2025-06-21 05:45:00+00:00,2025-06-21 05:45:00+00:00,,,,,,0.0,,,,no,8.91,"Burari Crossing, Delhi - IMD",5
site_104,Delhi,Delhi,"Burari Crossing, Delhi - IMD",2025-06-21 05:45:00+00:00,2025-06-21 05:45:00+00:00,,,,,,0.0,,,,no2,26.88,"Burari Crossing, Delhi - IMD",5
site_1420,Delhi,Delhi,"Ashok Vihar, Delhi - DPCC",2025-06-21 05:45:00+00:00,2025-06-21 05:45:00+00:00,29.6,82.0,2.0,153.0,0.0,0.0,18.0,982.0,,toluene,0.3,"Ashok Vihar, Delhi - DPCC",5
site_104,Delhi,Delhi,"Burari Crossing, Delhi - IMD",2025-06-21 05:45:00+00:00,2025-06-21 05:45:00+00:00,,,,,,0.0,,,,pm10,35.34,"Burari Crossing, Delhi - IMD",5
site_1560,Delhi,Delhi,"Bawana, Delhi - DPCC",2025-06-21 05:45:00+00:00,2025-06-21 05:45:00+00:00,30.9,80.0,1.0,126.0,0.0,0.0,16.0,991.0,,pm10,83.0,"Bawana, Delhi - DPCC",5
site_1560,Delhi,Delhi,"Bawana, Delhi - DPCC",2025-06-21 05:45:00+00:00,2025-06-21 05:45:00+00:00,30.9,80.0,1.0,126.0,0.0,0.0,16.0,991.0,,pm25,57.0,"Bawana, Delhi - DPCC",5
site_1560,Delhi,Delhi,"Bawana, Delhi - DPCC",2025-06-21 05:45:00+00:00,2025-06-21 05:45:00+00:00,30.9,80.0,1.0,126.0,0.0,0.0,16.0,991.0,,so2,3.9,"Bawana, Delhi - DPCC",5
site_108,Delhi,Delhi,"Aya Nagar, Delhi - IMD",2025-06-21 05:45:00+00:00,2025-06-21 05:45:00+00:00,,,,,,0.0,,,,co,1.05,"Aya Nagar, Delhi - IMD",5
site_108,Delhi,Delhi,"Aya Nagar, Delhi - IMD",2025-06-21 05:45:00+00:00,2025-06-21 05:45:00+00:00,,,,,,0.0,,,,no,8.27,"Aya Nagar, Delhi - IMD",5
site_104,Delhi,Delhi,"Burari Crossing, Delhi - IMD",2025-06-21 05:45:00+00:00,2025-06-21 05:45:00+00:00,,,,,,0.0,,,,ozone,25.79,"Burari Crossing, Delhi - IMD",5
site_108,Delhi,Delhi,"Aya Nagar, Delhi - IMD",2025-06-21 05:45:00+00:00,2025-06-21 05:45:00+00:00,,,,,,0.0,,,,ozone,16.16,"Aya Nagar, Delhi - IMD",5
site_108,Delhi,Delhi,"Aya Nagar, Delhi - IMD",2025-06-21 05:45:00+00:00,2025-06-21 05:45:00+00:00,,,,,,0.0,,,,no2,9.25,"Aya Nagar, Delhi - IMD",5
site_104,Delhi,Delhi,"Burari Crossing, Delhi - IMD",2025-06-21 05:45:00+00:00,2025-06-21 05:45:00+00:00,,,,,,0.0,,,,pm25,50.19,"Burari Crossing, Delhi - IMD",5
site_108,Delhi,Delhi,"Aya Nagar, Delhi - IMD",2025-06-21 05:45:00+00:00,2025-06-21 05:45:00+00:00,,,,,,0.0,,,,pm10,55.89,"Aya Nagar, Delhi - IMD",5
site_108,Delhi,Delhi,"Aya Nagar, Delhi - IMD",2025-06-21 05:45:00+00:00,2025-06-21 05:45:00+00:00,,,,,,0.0,,,,pm25,18.05,"Aya Nagar, Delhi - IMD",5
site_301,Delhi,Delhi,"Anand Vihar, Delhi - DPCC",2025-06-21 06:00:00+00:00,2025-06-21 06:00:00+00:00,29.9,80.0,0.3,209.0,,0.0,157.0,743.0,,no2,29.0,"Anand Vihar, Delhi - DPCC",6
site_301,Delhi,Delhi,"Anand Vihar, Delhi - DPCC",2025-06-21 06:00:00+00:00,2025-06-21 06:00:00+00:00,29.9,80.0,0.3,209.0,,0.0,157.0,743.0,,ozone,3.9,"Anand Vihar, Delhi - DPCC",6
site_301,Delhi,Delhi,"Anand Vihar, Delhi - DPCC",2025-06-21 06:00:00+00:00,2025-06-21 06:00:00+00:00,29.9,80.0,0.3,209.0,,0.0,157.0,743.0,,pm10,95.0,"Anand Vihar, Delhi - DPCC",6
site_301,Delhi,Delhi,"Anand Vihar, Delhi - DPCC",2025-06-21 06:00:00+00:00,2025-06-21 06:00:00+00:00,29.9,80.0,0.3,209.0,,0.0,157.0,743.0,,pm25,53.0,"Anand Vihar, Delhi - DPCC",6
site_301,Delhi,Delhi,"Anand Vihar, Delhi - DPCC",2025-06-21 06:00:00+00:00,2025-06-21 06:00:00+00:00,29.9,80.0,0.3,209.0,,0.0,157.0,743.0,,so2,53.6,"Anand Vihar, Delhi - DPCC",6
site_301,Delhi,Delhi,"Anand Vihar, Delhi - DPCC",2025-06-21 06:00:00+00:00,2025-06-21 06:00:00+00:00,29.9,80.0,0.3,209.0,,0.0,157.0,743.0,,toluene,7.3,"Anand Vihar, Delhi - DPCC",6
site_301,Delhi,Delhi,"Anand Vihar, Delhi - DPCC",2025-06-21 06:00:00+00:00,2025-06-21 06:00:00+00:00,29.9,80.0,0.3,209.0,,0.0,157.0,743.0,,co,1.17,"Anand Vihar, Delhi - DPCC",6
site_104,Delhi,Delhi,"Burari Crossing, Delhi - IMD",2025-06-21 06:00:00+00:00,2025-06-21 06:00:00+00:00,,,,,,0.0,,,,co,0.72,"Burari Crossing, Delhi - IMD",6
site_104,Delhi,Delhi,"Burari Crossing, Delhi - IMD",2025-06-21 06:00:00+00:00,2025-06-21 06:00:00+00:00,,,,,,0.0,,,,pm25,40.04,"Burari Crossing, Delhi - IMD",6
site_104,Delhi,Delhi,"Burari Crossing, Delhi - IMD",2025-06-21 06:00:00+00:00,2025-06-21 06:00:00+00:00,,,,,,0.0,,,,no,9.43,"Burari Crossing, Delhi - IMD",6
site_104,Delhi,Delhi,"Burari Crossing, Delhi - IMD",2025-06-21 06:00:00+00:00,2025-06-21 06:00:00+00:00,,,,,,0.0,,,,no2,27.88,"Burari Crossing, Delhi - IMD",6
site_301,Delhi,Delhi,"Anand Vihar, Delhi - DPCC",2025-06-21 06:00:00+00:00,2025-06-21 06:00:00+00:00,29.9,80.0,0.3,209.0,,0.0,157.0,743.0,,benzene,1.0,"Anand Vihar, Delhi - DPCC",6
site_301,Delhi,Delhi,"Anand Vihar, Delhi - DPCC",2025-06-21 06:00:00+00:00,2025-06-21 06:00:00+00:00,29.9,80.0,0.3,209.0,,0.0,157.0,743.0,,nh3,58.1,"Anand Vihar, Delhi - DPCC",6
site_301,Delhi,Delhi,"Anand Vihar, Delhi - DPCC",2025-06-21 06:00:00+00:00,2025-06-21 06:00:00+00:00,29.9,80.0,0.3,209.0,,0.0,157.0,743.0,,no,9.5,"Anand Vihar, Delhi - DPCC",6
site_104,Delhi,Delhi,"Burari Crossing, Delhi - IMD",2025-06-21 06:00:00+00:00,2025-06-21 06:00:00+00:00,,,,,,0.0,,,,pm10,32.8,"Burari Crossing, Delhi - IMD",6
site_5024,Delhi,Delhi,"Alipur, Delhi - DPCC",2025-06-21 06:00:00+00:00,2025-06-21 06:00:00+00:00,30.2,77.0,,233.0,0.0,0.0,21.0,981.0,,toluene,0.3,"Alipur, Delhi - DPCC",6
site_1560,Delhi,Delhi,"Bawana, Delhi - DPCC",2025-06-21 06:00:00+00:00,2025-06-21 06:00:00+00:00,30.9,80.0,0.9,127.0,0.0,0.0,24.0,991.0,,pm25,56.0,"Bawana, Delhi - DPCC",6
site_1560,Delhi,Delhi,"Bawana, Delhi - DPCC",2025-06-21 06:00:00+00:00,2025-06-21 06:00:00+00:00,30.9,80.0,0.9,127.0,0.0,0.0,24.0,991.0,,pm10,67.0,"Bawana, Delhi - DPCC",6
site_1560,Delhi,Delhi,"Bawana, Delhi - DPCC",2025-06-21 06:00:00+00:00,2025-06-21 06:00:00+00:00,30.9,80.0,0.9,127.0,0.0,0.0,24.0,991.0,,ozone,8.4,"Bawana, Delhi - DPCC",6
site_1560,Delhi,Delhi,"Bawana, Delhi - DPCC",2025-06-21 06:00:00+00:00,2025-06-21 06:00:00+00:00,30.9,80.0,0.9,127.0,0.0,0.0,24.0,991.0,,no2,9.4,"Bawana, Delhi - DPCC",6
site_1560,Delhi,Delhi,"Bawana, Delhi - DPCC",2025-06-21 06:00:00+00:00,2025-06-21 06:00:00+00:00,30.9,80.0,0.9,127.0,0.0,0.0,24.0,991.0,,no,3.7,"Bawana, Delhi - DPCC",6
site_1560,Delhi,Delhi,"Bawana, Delhi - DPCC",2025-06-21 06:00:00+00:00,2025-06-21 06:00:00+00:00,30.9,80.0,0.9,127.0,0.0,0.0,24.0,991.0,,nh3,28.1,"Bawana, Delhi - DPCC",6
site_1560,Delhi,Delhi,"Bawana, Delhi - DPCC",2025-06-21 06:00:00+00:00,2025-06-21 06:00:00+00:00,30.9,80.0,0.9,127.0,0.0,0.0,24.0,991.0,,co,0.65,"Bawana, Delhi - DPCC",6
site_1560,Delhi,Delhi,"Bawana, Delhi - DPCC",2025-06-21 06:00:00+00:00,2025-06-21 06:00:00+00:00,30.9,80.0,0.9,127.0,0.0,0.0,24.0,991.0,,benzene,0.8,"Bawana, Delhi - DPCC",6
site_104,Delhi,Delhi,"Burari Crossing, Delhi - IMD",2025-06-21 06:00:00+00:00,2025-06-21 06:00:00+00:00,,,,,,0.0,,,,ozone,22.35,"Burari Crossing, Delhi - IMD",6
site_1420,Delhi,Delhi,"Ashok Vihar, Delhi - DPCC",2025-06-21 06:00:00+00:00,2025-06-21 06:00:00+00:00,29.6,82.0,2.0,103.0,0.0,0.0,31.0,982.0,,toluene,0.4,"Ashok Vihar, Delhi - DPCC",6
site_1420,Delhi,Delhi,"Ashok Vihar, Delhi - DPCC",2025-06-21 06:00:00+00:00,2025-06-21 06:00:00+00:00,29.6,82.0,2.0,103.0,0.0,0.0,31.0,982.0,,so2,5.7,"Ashok Vihar, Delhi - DPCC",6
site_1420,Delhi,Delhi,"Ashok Vihar, Delhi - DPCC",2025-06-21 06:00:00+00:00,2025-06-21 06:00:00+00:00,29.6,82.0,2.0,103.0,0.0,0.0,31.0,982.0,,pm25,63.0,"Ashok Vihar, Delhi - DPCC",6
site_1420,Delhi,Delhi,"Ashok Vihar, Delhi - DPCC",2025-06-21 06:00:00+00:00,2025-06-21 06:00:00+00:00,29.6,82.0,2.0,103.0,0.0,0.0,31.0,982.0,,pm10,83.0,"Ashok Vihar, Delhi - DPCC",6
site_1420,Delhi,Delhi,"Ashok Vihar, Delhi - DPCC",2025-06-21 06:00:00+00:00,2025-06-21 06:00:00+00:00,29.6,82.0,2.0,103.0,0.0,0.0,31.0,982.0,,ozone,2.8,"Ashok Vihar, Delhi - DPCC",6
site_1420,Delhi,Delhi,"Ashok Vihar, Delhi - DPCC",2025-06-21 06:00:00+00:00,2025-06-21 06:00:00+00:00,29.6,82.0,2.0,103.0,0.0,0.0,31.0,982.0,,no2,22.0,"Ashok Vihar, Delhi - DPCC",6
site_1420,Delhi,Delhi,"Ashok Vihar, Delhi - DPCC",2025-06-21 06:00:00+00:00,2025-06-21 06:00:00+00:00,29.6,82.0,2.0,103.0,0.0,0.0,31.0,982.0,,no,4.0,"Ashok Vihar, Delhi - DPCC",6
site_1420,Delhi,Delhi,"Ashok Vihar, Delhi - DPCC",2025-06-21 06:00:00+00:00,2025-06-21 06:00:00+00:00,29.6,82.0,2.0,103.0,0.0,0.0,31.0,982.0,,nh3,31.4,"Ashok Vihar, Delhi - DPCC",6
site_1420,Delhi,Delhi,"Ashok Vihar, Delhi - DPCC",2025-06-21 06:00:00+00:00,2025-06-21 06:00:00+00:00,29.6,82.0,2.0,103.0,0.0,0.0,31.0,982.0,,co,0.84,"Ashok Vihar, Delhi - DPCC",6
site_1420,Delhi,Delhi,"Ashok Vihar, Delhi - DPCC",2025-06-21 06:00:00+00:00,2025-06-21 06:00:00+00:00,29.6,82.0,2.0,103.0,0.0,0.0,31.0,982.0,,benzene,0.1,"Ashok Vihar, Delhi - DPCC",6
site_5024,Delhi,Delhi,"Alipur, Delhi - DPCC",2025-06-21 06:00:00+00:00,2025-06-21 06:00:00+00:00,30.2,77.0,,233.0,0.0,0.0,21.0,981.0,,so2,10.0,"Alipur, Delhi - DPCC",6
site_1560,Delhi,Delhi,"Bawana, Delhi - DPCC",2025-06-21 06:00:00+00:00,2025-06-21 06:00:00+00:00,30.9,80.0,0.9,127.0,0.0,0.0,24.0,991.0,,toluene,4.5,"Bawana, Delhi - DPCC",6
site_1560,Delhi,Delhi,"Bawana, Delhi - DPCC",2025-06-21 06:00:00+00:00,2025-06-21 06:00:00+00:00,30.9,80.0,0.9,127.0,0.0,0.0,24.0,991.0,,so2,4.0,"Bawana, Delhi - DPCC",6
site_5024,Delhi,Delhi,"Alipur, Delhi - DPCC",2025-06-21 06:00:00+00:00,2025-06-21 06:00:00+00:00,30.2,77.0,,233.0,0.0,0.0,21.0,981.0,,pm25,44.0,"Alipur, Delhi - DPCC",6
site_5024,Delhi,Delhi,"Alipur, Delhi - DPCC",2025-06-21 06:00:00+00:00,2025-06-21 06:00:00+00:00,30.2,77.0,,233.0,0.0,0.0,21.0,981.0,,no2,25.0,"Alipur, Delhi - DPCC",6
site_108,Delhi,Delhi,"Aya Nagar, Delhi - IMD",2025-06-21 06:00:00+00:00,2025-06-21 06:00:00+00:00,,,,,,0.0,,,,co,1.03,"Aya Nagar, Delhi - IMD",6
site_108,Delhi,Delhi,"Aya Nagar, Delhi - IMD",2025-06-21 06:00:00+00:00,2025-06-21 06:00:00+00:00,,,,,,0.0,,,,no,9.47,"Aya Nagar, Delhi - IMD",6
site_108,Delhi,Delhi,"Aya Nagar, Delhi - IMD",2025-06-21 06:00:00+00:00,2025-06-21 06:00:00+00:00,,,,,,0.0,,,,no2,8.69,"Aya Nagar, Delhi - IMD",6
site_108,Delhi,Delhi,"Aya Nagar, Delhi - IMD",2025-06-21 06:00:00+00:00,2025-06-21 06:00:00+00:00,,,,,,0.0,,,,ozone,17.41,"Aya Nagar, Delhi - IMD",6
site_108,Delhi,Delhi,"Aya Nagar, Delhi - IMD",2025-06-21 06:00:00+00:00,2025-06-21 06:00:00+00:00,,,,,,0.0,,,,pm10,71.82,"Aya Nagar, Delhi - IMD",6
site_108,Delhi,Delhi,"Aya Nagar, Delhi - IMD",2025-06-21 06:00:00+00:00,2025-06-21 06:00:00+00:00,,,,,,0.0,,,,pm25,21.31,"Aya Nagar, Delhi - IMD",6
site_5024,Delhi,Delhi,"Alipur, Delhi - DPCC",2025-06-21 06:00:00+00:00,2025-06-21 06:00:00+00:00,30.2,77.0,,233.0,0.0,0.0,21.0,981.0,,no,3.2,"Alipur, Delhi - DPCC",6
site_5024,Delhi,Delhi,"Alipur, Delhi - DPCC",2025-06-21 06:00:00+00:00,2025-06-21 06:00:00+00:00,30.2,77.0,,233.0,0.0,0.0,21.0,981.0,,pm10,79.0,"Alipur, Delhi - DPCC",6
site_5024,Delhi,Delhi,"Alipur, Delhi - DPCC",2025-06-21 06:00:00+00:00,2025-06-21 06:00:00+00:00,30.2,77.0,,233.0,0.0,0.0,21.0,981.0,,ozone,6.3,"Alipur, Delhi - DPCC",6
site_5024,Delhi,Delhi,"Alipur, Delhi - DPCC",2025-06-21 06:00:00+00:00,2025-06-21 06:00:00+00:00,30.2,77.0,,233.0,0.0,0.0,21.0,981.0,,benzene,0.2,"Alipur, Delhi - DPCC",6
site_5024,Delhi,Delhi,"Alipur, Delhi - DPCC",2025-06-21 06:00:00+00:00,2025-06-21 06:00:00+00:00,30.2,77.0,,233.0,0.0,0.0,21.0,981.0,,co,1.06,"Alipur, Delhi - DPCC",6
site_5024,Delhi,Delhi,"Alipur, Delhi - DPCC",2025-06-21 06:00:00+00:00,2025-06-21 06:00:00+00:00,30.2,77.0,,233.0,0.0,0.0,21.0,981.0,,nh3,58.2,"Alipur, Delhi - DPCC",6
site_1420,Delhi,Delhi,"Ashok Vihar, Delhi - DPCC",2025-06-21 06:15:00+00:00,2025-06-21 06:15:00+00:00,29.7,82.0,1.4,128.0,0.0,0.0,49.0,982.0,,benzene,0.1,"Ashok Vihar, Delhi - DPCC",6
site_5024,Delhi,Delhi,"Alipur, Delhi - DPCC",2025-06-21 06:15:00+00:00,2025-06-21 06:15:00+00:00,30.2,77.0,,223.0,0.0,0.0,26.0,981.0,,so2,8.2,"Alipur, Delhi - DPCC",6
site_104,Delhi,Delhi,"Burari Crossing, Delhi - IMD",2025-06-21 06:15:00+00:00,2025-06-21 06:15:00+00:00,,,,,,0.0,,,,pm10,34.32,"Burari Crossing, Delhi - IMD",6
site_104,Delhi,Delhi,"Burari Crossing, Delhi - IMD",2025-06-21 06:15:00+00:00,2025-06-21 06:15:00+00:00,,,,,,0.0,,,,pm25,34.75,"Burari Crossing, Delhi - IMD",6
site_1420,Delhi,Delhi,"Ashok Vihar, Delhi - DPCC",2025-06-21 06:15:00+00:00,2025-06-21 06:15:00+00:00,29.7,82.0,1.4,128.0,0.0,0.0,49.0,982.0,,co,0.84,"Ashok Vihar, Delhi - DPCC",6
site_1420,Delhi,Delhi,"Ashok Vihar, Delhi - DPCC",2025-06-21 06:15:00+00:00,2025-06-21 06:15:00+00:00,29.7,82.0,1.4,128.0,0.0,0.0,49.0,982.0,,no,3.1,"Ashok Vihar, Delhi - DPCC",6
site_5024,Delhi,Delhi,"Alipur, Delhi - DPCC",2025-06-21 06:15:00+00:00,2025-06-21 06:15:00+00:00,30.2,77.0,,223.0,0.0,0.0,26.0,981.0,,pm25,44.0,"Alipur, Delhi - DPCC",6
site_5024,Delhi,Delhi,"Alipur, Delhi - DPCC",2025-06-21 06:15:00+00:00,2025-06-21 06:15:00+00:00,30.2,77.0,,223.0,0.0,0.0,26.0,981.0,,toluene,0.6,"Alipur, Delhi - DPCC",6
site_1420,Delhi,Delhi,"Ashok Vihar, Delhi - DPCC",2025-06-21 06:15:00+00:00,2025-06-21 06:15:00+00:00,29.7,82.0,1.4,128.0,0.0,0.0,49.0,982.0,,toluene,0.5,"Ashok Vihar, Delhi - DPCC",6
site_1420,Delhi,Delhi,"Ashok Vihar, Delhi - DPCC",2025-06-21 06:15:00+00:00,2025-06-21 06:15:00+00:00,29.7,82.0,1.4,128.0,0.0,0.0,49.0,982.0,,so2,7.3,"Ashok Vihar, Delhi - DPCC",6
site_1420,Delhi,Delhi,"Ashok Vihar, Delhi - DPCC",2025-06-21 06:15:00+00:00,2025-06-21 06:15:00+00:00,29.7,82.0,1.4,128.0,0.0,0.0,49.0,982.0,,pm25,63.0,"Ashok Vihar, Delhi - DPCC",6
site_5024,Delhi,Delhi,"Alipur, Delhi - DPCC",2025-06-21 06:15:00+00:00,2025-06-21 06:15:00+00:00,30.2,77.0,,223.0,0.0,0.0,26.0,981.0,,pm10,79.0,"Alipur, Delhi - DPCC",6
site_5024,Delhi,Delhi,"Alipur, Delhi - DPCC",2025-06-21 06:15:00+00:00,2025-06-21 06:15:00+00:00,30.2,77.0,,223.0,0.0,0.0,26.0,981.0,,ozone,7.5,"Alipur, Delhi - DPCC",6
site_1420,Delhi,Delhi,"Ashok Vihar, Delhi - DPCC",2025-06-21 06:15:00+00:00,2025-06-21 06:15:00+00:00,29.7,82.0,1.4,128.0,0.0,0.0,49.0,982.0,,nh3,31.5,"Ashok Vihar, Delhi - DPCC",6
site_5024,Delhi,Delhi,"Alipur, Delhi - DPCC",2025-06-21 06:15:00+00:00,2025-06-21 06:15:00+00:00,30.2,77.0,,223.0,0.0,0.0,26.0,981.0,,no2,24.1,"Alipur, Delhi - DPCC",6
site_5024,Delhi,Delhi,"Alipur, Delhi - DPCC",2025-06-21 06:15:00+00:00,2025-06-21 06:15:00+00:00,30.2,77.0,,223.0,0.0,0.0,26.0,981.0,,nh3,56.9,"Alipur, Delhi - DPCC",6
site_5024,Delhi,Delhi,"Alipur, Delhi - DPCC",2025-06-21 06:15:00+00:00,2025-06-21 06:15:00+00:00,30.2,77.0,,223.0,0.0,0.0,26.0,981.0,,co,0.68,"Alipur, Delhi - DPCC",6
site_5024,Delhi,Delhi,"Alipur, Delhi - DPCC",2025-06-21 06:15:00+00:00,2025-06-21 06:15:00+00:00,30.2,77.0,,223.0,0.0,0.0,26.0,981.0,,benzene,0.3,"Alipur, Delhi - DPCC",6
site_1420,Delhi,Delhi,"Ashok Vihar, Delhi - DPCC",2025-06-21 06:15:00+00:00,2025-06-21 06:15:00+00:00,29.7,82.0,1.4,128.0,0.0,0.0,49.0,982.0,,pm10,83.0,"Ashok Vihar, Delhi - DPCC",6
site_1420,Delhi,Delhi,"Ashok Vihar, Delhi - DPCC",2025-06-21 06:15:00+00:00,2025-06-21 06:15:00+00:00,29.7,82.0,1.4,128.0,0.0,0.0,49.0,982.0,,ozone,7.5,"Ashok Vihar, Delhi - DPCC",6
site_1420,Delhi,Delhi,"Ashok Vihar, Delhi - DPCC",2025-06-21 06:15:00+00:00,2025-06-21 06:15:00+00:00,29.7,82.0,1.4,128.0,0.0,0.0,49.0,982.0,,no2,21.3,"Ashok Vihar, Delhi - DPCC",6
site_5024,Delhi,Delhi,"Alipur, Delhi - DPCC",2025-06-21 06:15:00+00:00,2025-06-21 06:15:00+00:00,30.2,77.0,,223.0,0.0,0.0,26.0,981.0,,no,3.3,"Alipur, Delhi - DPCC",6
site_104,Delhi,Delhi,"Burari Crossing, Delhi - IMD",2025-06-21 06:15:00+00:00,2025-06-21 06:15:00+00:00,,,,,,0.0,,,,no2,28.24,"Burari Crossing, Delhi - IMD",6
site_104,Delhi,Delhi,"Burari Crossing, Delhi - IMD",2025-06-21 06:15:00+00:00,2025-06-21 06:15:00+00:00,,,,,,0.0,,,,ozone,19.67,"Burari Crossing, Delhi - IMD",6
site_104,Delhi,Delhi,"Burari Crossing, Delhi - IMD",2025-06-21 06:15:00+00:00,2025-06-21 06:15:00+00:00,,,,,,0.0,,,,co,0.73,"Burari Crossing, Delhi - IMD",6
site_108,Delhi,Delhi,"Aya Nagar, Delhi - IMD",2025-06-21 06:15:00+00:00,2025-06-21 06:15:00+00:00,,,,,,0.0,,,,pm10,72.81,"Aya Nagar, Delhi - IMD",6
site_108,Delhi,Delhi,"Aya Nagar, Delhi - IMD",2025-06-21 06:15:00+00:00,2025-06-21 06:15:00+00:00,,,,,,0.0,,,,ozone,21.88,"Aya Nagar, Delhi - IMD",6
site_301,Delhi,Delhi,"Anand Vihar, Delhi - DPCC",2025-06-21 06:15:00+00:00,2025-06-21 06:15:00+00:00,29.9,79.0,0.3,234.0,,0.0,235.0,743.0,,ozone,8.7,"Anand Vihar, Delhi - DPCC",6
site_301,Delhi,Delhi,"Anand Vihar, Delhi - DPCC",2025-06-21 06:15:00+00:00,2025-06-21 06:15:00+00:00,29.9,79.0,0.3,234.0,,0.0,235.0,743.0,,no2,27.1,"Anand Vihar, Delhi - DPCC",6
site_104,Delhi,Delhi,"Burari Crossing, Delhi - IMD",2025-06-21 06:15:00+00:00,2025-06-21 06:15:00+00:00,,,,,,0.0,,,,no,9.63,"Burari Crossing, Delhi - IMD",6
site_301,Delhi,Delhi,"Anand Vihar, Delhi - DPCC",2025-06-21 06:15:00+00:00,2025-06-21 06:15:00+00:00,29.9,79.0,0.3,234.0,,0.0,235.0,743.0,,nh3,53.1,"Anand Vihar, Delhi - DPCC",6
site_301,Delhi,Delhi,"Anand Vihar, Delhi - DPCC",2025-06-21 06:15:00+00:00,2025-06-21 06:15:00+00:00,29.9,79.0,0.3,234.0,,0.0,235.0,743.0,,co,1.12,"Anand Vihar, Delhi - DPCC",6
site_301,Delhi,Delhi,"Anand Vihar, Delhi - DPCC",2025-06-21 06:15:00+00:00,2025-06-21 06:15:00+00:00,29.9,79.0,0.3,234.0,,0.0,235.0,743.0,,benzene,1.0,"Anand Vihar, Delhi - DPCC",6
site_1560,Delhi,Delhi,"Bawana, Delhi - DPCC",2025-06-21 06:15:00+00:00,2025-06-21 06:15:00+00:00,31.0,80.0,1.1,129.0,0.0,0.0,27.0,991.0,,benzene,1.0,"Bawana, Delhi - DPCC",6
site_1560,Delhi,Delhi,"Bawana, Delhi - DPCC",2025-06-21 06:15:00+00:00,2025-06-21 06:15:00+00:00,31.0,80.0,1.1,129.0,0.0,0.0,27.0,991.0,,co,0.66,"Bawana, Delhi - DPCC",6
site_1560,Delhi,Delhi,"Bawana, Delhi - DPCC",2025-06-21 06:15:00+00:00,2025-06-21 06:15:00+00:00,31.0,80.0,1.1,129.0,0.0,0.0,27.0,991.0,,nh3,28.4,"Bawana, Delhi - DPCC",6
site_1560,Delhi,Delhi,"Bawana, Delhi - DPCC",2025-06-21 06:15:00+00:00,2025-06-21 06:15:00+00:00,31.0,80.0,1.1,129.0,0.0,0.0,27.0,991.0,,no,4.2,"Bawana, Delhi - DPCC",6
site_1560,Delhi,Delhi,"Bawana, Delhi - DPCC",2025-06-21 06:15:00+00:00,2025-06-21 06:15:00+00:00,31.0,80.0,1.1,129.0,0.0,0.0,27.0,991.0,,no2,10.1,"Bawana, Delhi - DPCC",6
site_1560,Delhi,Delhi,"Bawana, Delhi - DPCC",2025-06-21 06:15:00+00:00,2025-06-21 06:15:00+00:00,31.0,80.0,1.1,129.0,0.0,0.0,27.0,991.0,,ozone,10.9,"Bawana, Delhi - DPCC",6
site_1560,Delhi,Delhi,"Bawana, Delhi - DPCC",2025-06-21 06:15:00+00:00,2025-06-21 06:15:00+00:00,31.0,80.0,1.1,129.0,0.0,0.0,27.0,991.0,,pm10,67.0,"Bawana, Delhi - DPCC",6
site_1560,Delhi,Delhi,"Bawana, Delhi - DPCC",2025-06-21 06:15:00+00:00,2025-06-21 06:15:00+00:00,31.0,80.0,1.1,129.0,0.0,0.0,27.0,991.0,,pm25,56.0,"Bawana, Delhi - DPCC",6
site_1560,Delhi,Delhi,"Bawana, Delhi - DPCC",2025-06-21 06:15:00+00:00,2025-06-21 06:15:00+00:00,31.0,80.0,1.1,129.0,0.0,0.0,27.0,991.0,,so2,4.1,"Bawana, Delhi - DPCC",6
site_1560,Delhi,Delhi,"Bawana, Delhi - DPCC",2025-06-21 06:15:00+00:00,2025-06-21 06:15:00+00:00,31.0,80.0,1.1,129.0,0.0,0.0,27.0,991.0,,toluene,4.0,"Bawana, Delhi - DPCC",6
site_108,Delhi,Delhi,"Aya Nagar, Delhi - IMD",2025-06-21 06:15:00+00:00,2025-06-21 06:15:00+00:00,,,,,,0.0,,,,no2,8.16,"Aya Nagar, Delhi - IMD",6
site_108,Delhi,Delhi,"Aya Nagar, Delhi - IMD",2025-06-21 06:15:00+00:00,2025-06-21 06:15:00+00:00,,,,,,0.0,,,,no,9.29,"Aya Nagar, Delhi - IMD",6
site_108,Delhi,Delhi,"Aya Nagar, Delhi - IMD",2025-06-21 06:15:00+00:00,2025-06-21 06:15:00+00:00,,,,,,0.0,,,,co,1.04,"Aya Nagar, Delhi - IMD",6
site_108,Delhi,Delhi,"Aya Nagar, Delhi - IMD",2025-06-21 06:15:00+00:00,2025-06-21 06:15:00+00:00,,,,,,0.0,,,,pm25,21.93,"Aya Nagar, Delhi - IMD",6
site_301,Delhi,Delhi,"Anand Vihar, Delhi - DPCC",2025-06-21 06:15:00+00:00,2025-06-21 06:15:00+00:00,29.9,79.0,0.3,234.0,,0.0,235.0,743.0,,pm10,95.0,"Anand Vihar, Delhi - DPCC",6
site_301,Delhi,Delhi,"Anand Vihar, Delhi - DPCC",2025-06-21 06:15:00+00:00,2025-06-21 06:15:00+00:00,29.9,79.0,0.3,234.0,,0.0,235.0,743.0,,no,17.6,"Anand Vihar, Delhi - DPCC",6
site_301,Delhi,Delhi,"Anand Vihar, Delhi - DPCC",2025-06-21 06:15:00+00:00,2025-06-21 06:15:00+00:00,29.9,79.0,0.3,234.0,,0.0,235.0,743.0,,so2,53.1,"Anand Vihar, Delhi - DPCC",6
site_301,Delhi,Delhi,"Anand Vihar, Delhi - DPCC",2025-06-21 06:15:00+00:00,2025-06-21 06:15:00+00:00,29.9,79.0,0.3,234.0,,0.0,235.0,743.0,,pm25,53.0,"Anand Vihar, Delhi - DPCC",6
site_301,Delhi,Delhi,"Anand Vihar, Delhi - DPCC",2025-06-21 06:15:00+00:00,2025-06-21 06:15:00+00:00,29.9,79.0,0.3,234.0,,0.0,235.0,743.0,,toluene,7.1,"Anand Vihar, Delhi - DPCC",6
site_301,Delhi,Delhi,"Anand Vihar, Delhi - DPCC",2025-06-21 06:30:00+00:00,2025-06-21 06:30:00+00:00,30.1,78.0,0.3,272.0,,0.0,262.0,743.0,,ozone,6.8,"Anand Vihar, Delhi - DPCC",6
site_104,Delhi,Delhi,"Burari Crossing, Delhi - IMD",2025-06-21 06:30:00+00:00,2025-06-21 06:30:00+00:00,,,,,,0.0,,,,pm10,38.87,"Burari Crossing, Delhi - IMD",6
site_104,Delhi,Delhi,"Burari Crossing, Delhi - IMD",2025-06-21 06:30:00+00:00,2025-06-21 06:30:00+00:00,,,,,,0.0,,,,ozone,18.42,"Burari Crossing, Delhi - IMD",6
site_104,Delhi,Delhi,"Burari Crossing, Delhi - IMD",2025-06-21 06:30:00+00:00,2025-06-21 06:30:00+00:00,,,,,,0.0,,,,no2,27.45,"Burari Crossing, Delhi - IMD",6
site_104,Delhi,Delhi,"Burari Crossing, Delhi - IMD",2025-06-21 06:30:00+00:00,2025-06-21 06:30:00+00:00,,,,,,0.0,,,,no,9.68,"Burari Crossing, Delhi - IMD",6
site_1560,Delhi,Delhi,"Bawana, Delhi - DPCC",2025-06-21 06:30:00+00:00,2025-06-21 06:30:00+00:00,31.1,79.0,1.5,129.0,0.0,0.0,35.0,991.0,,benzene,1.0,"Bawana, Delhi - DPCC",6
site_1560,Delhi,Delhi,"Bawana, Delhi - DPCC",2025-06-21 06:30:00+00:00,2025-06-21 06:30:00+00:00,31.1,79.0,1.5,129.0,0.0,0.0,35.0,991.0,,co,0.66,"Bawana, Delhi - DPCC",6
site_1560,Delhi,Delhi,"Bawana, Delhi - DPCC",2025-06-21 06:30:00+00:00,2025-06-21 06:30:00+00:00,31.1,79.0,1.5,129.0,0.0,0.0,35.0,991.0,,toluene,3.3,"Bawana, Delhi - DPCC",6
site_1560,Delhi,Delhi,"Bawana, Delhi - DPCC",2025-06-21 06:30:00+00:00,2025-06-21 06:30:00+00:00,31.1,79.0,1.5,129.0,0.0,0.0,35.0,991.0,,pm25,56.0,"Bawana, Delhi - DPCC",6
site_1560,Delhi,Delhi,"Bawana, Delhi - DPCC",2025-06-21 06:30:00+00:00,2025-06-21 06:30:00+00:00,31.1,79.0,1.5,129.0,0.0,0.0,35.0,991.0,,pm10,67.0,"Bawana, Delhi - DPCC",6
site_1560,Delhi,Delhi,"Bawana, Delhi - DPCC",2025-06-21 06:30:00+00:00,2025-06-21 06:30:00+00:00,31.1,79.0,1.5,129.0,0.0,0.0,35.0,991.0,,ozone,9.8,"Bawana, Delhi - DPCC",6
site_1560,Delhi,Delhi,"Bawana, Delhi - DPCC",2025-06-21 06:30:00+00:00,2025-06-21 06:30:00+00:00,31.1,79.0,1.5,129.0,0.0,0.0,35.0,991.0,,no2,10.6,"Bawana, Delhi - DPCC",6
site_104,Delhi,Delhi,"Burari Crossing, Delhi - IMD",2025-06-21 06:30:00+00:00,2025-06-21 06:30:00+00:00,,,,,,0.0,,,,co,0.73,"Burari Crossing, Delhi - IMD",6
site_301,Delhi,Delhi,"Anand Vihar, Delhi - DPCC",2025-06-21 06:30:00+00:00,2025-06-21 06:30:00+00:00,30.1,78.0,0.3,272.0,,0.0,262.0,743.0,,no2,34.4,"Anand Vihar, Delhi - DPCC",6
site_104,Delhi,Delhi,"Burari Crossing, Delhi - IMD",2025-06-21 06:30:00+00:00,2025-06-21 06:30:00+00:00,,,,,,0.0,,,,pm25,29.75,"Burari Crossing, Delhi - IMD",6
site_1560,Delhi,Delhi,"Bawana, Delhi - DPCC",2025-06-21 06:30:00+00:00,2025-06-21 06:30:00+00:00,31.1,79.0,1.5,129.0,0.0,0.0,35.0,991.0,,so2,4.0,"Bawana, Delhi - DPCC",6
site_301,Delhi,Delhi,"Anand Vihar, Delhi - DPCC",2025-06-21 06:30:00+00:00,2025-06-21 06:30:00+00:00,30.1,78.0,0.3,272.0,,0.0,262.0,743.0,,pm10,95.0,"Anand Vihar, Delhi - DPCC",6
site_5024,Delhi,Delhi,"Alipur, Delhi - DPCC",2025-06-21 06:30:00+00:00,2025-06-21 06:30:00+00:00,30.4,77.0,,275.0,0.0,0.0,42.0,982.0,,benzene,0.3,"Alipur, Delhi - DPCC",6
site_301,Delhi,Delhi,"Anand Vihar, Delhi - DPCC",2025-06-21 06:30:00+00:00,2025-06-21 06:30:00+00:00,30.1,78.0,0.3,272.0,,0.0,262.0,743.0,,benzene,0.8,"Anand Vihar, Delhi - DPCC",6
site_301,Delhi,Delhi,"Anand Vihar, Delhi - DPCC",2025-06-21 06:30:00+00:00,2025-06-21 06:30:00+00:00,30.1,78.0,0.3,272.0,,0.0,262.0,743.0,,co,1.16,"Anand Vihar, Delhi - DPCC",6
site_301,Delhi,Delhi,"Anand Vihar, Delhi - DPCC",2025-06-21 06:30:00+00:00,2025-06-21 06:30:00+00:00,30.1,78.0,0.3,272.0,,0.0,262.0,743.0,,nh3,52.0,"Anand Vihar, Delhi - DPCC",6
site_301,Delhi,Delhi,"Anand Vihar, Delhi - DPCC",2025-06-21 06:30:00+00:00,2025-06-21 06:30:00+00:00,30.1,78.0,0.3,272.0,,0.0,262.0,743.0,,no,14.6,"Anand Vihar, Delhi - DPCC",6
site_5024,Delhi,Delhi,"Alipur, Delhi - DPCC",2025-06-21 06:30:00+00:00,2025-06-21 06:30:00+00:00,30.4,77.0,,275.0,0.0,0.0,42.0,982.0,,pm10,79.0,"Alipur, Delhi - DPCC",6
site_5024,Delhi,Delhi,"Alipur, Delhi - DPCC",2025-06-21 06:30:00+00:00,2025-06-21 06:30:00+00:00,30.4,77.0,,275.0,0.0,0.0,42.0,982.0,,pm25,44.0,"Alipur, Delhi - DPCC",6
site_301,Delhi,Delhi,"Anand Vihar, Delhi - DPCC",2025-06-21 06:30:00+00:00,2025-06-21 06:30:00+00:00,30.1,78.0,0.3,272.0,,0.0,262.0,743.0,,so2,52.3,"Anand Vihar, Delhi - DPCC",6
site_5024,Delhi,Delhi,"Alipur, Delhi - DPCC",2025-06-21 06:30:00+00:00,2025-06-21 06:30:00+00:00,30.4,77.0,,275.0,0.0,0.0,42.0,982.0,,so2,7.0,"Alipur, Delhi - DPCC",6
site_1560,Delhi,Delhi,"Bawana, Delhi - DPCC",2025-06-21 06:30:00+00:00,2025-06-21 06:30:00+00:00,31.1,79.0,1.5,129.0,0.0,0.0,35.0,991.0,,no,4.3,"Bawana, Delhi - DPCC",6
site_301,Delhi,Delhi,"Anand Vihar, Delhi - DPCC",2025-06-21 06:30:00+00:00,2025-06-21 06:30:00+00:00,30.1,78.0,0.3,272.0,,0.0,262.0,743.0,,toluene,6.6,"Anand Vihar, Delhi - DPCC",6
site_5024,Delhi,Delhi,"Alipur, Delhi - DPCC",2025-06-21 06:30:00+00:00,2025-06-21 06:30:00+00:00,30.4,77.0,,275.0,0.0,0.0,42.0,982.0,,ozone,8.0,"Alipur, Delhi - DPCC",6
site_5024,Delhi,Delhi,"Alipur, Delhi - DPCC",2025-06-21 06:30:00+00:00,2025-06-21 06:30:00+00:00,30.4,77.0,,275.0,0.0,0.0,42.0,982.0,,no2,23.8,"Alipur, Delhi - DPCC",6
site_5024,Delhi,Delhi,"Alipur, Delhi - DPCC",2025-06-21 06:30:00+00:00,2025-06-21 06:30:00+00:00,30.4,77.0,,275.0,0.0,0.0,42.0,982.0,,no,3.8,"Alipur, Delhi - DPCC",6
site_5024,Delhi,Delhi,"Alipur, Delhi - DPCC",2025-06-21 06:30:00+00:00,2025-06-21 06:30:00+00:00,30.4,77.0,,275.0,0.0,0.0,42.0,982.0,,co,0.68,"Alipur, Delhi - DPCC",6
site_5024,Delhi,Delhi,"Alipur, Delhi - DPCC",2025-06-21 06:30:00+00:00,2025-06-21 06:30:00+00:00,30.4,77.0,,275.0,0.0,0.0,42.0,982.0,,toluene,0.7,"Alipur, Delhi - DPCC",6
site_301,Delhi,Delhi,"Anand Vihar, Delhi - DPCC",2025-06-21 06:30:00+00:00,2025-06-21 06:30:00+00:00,30.1,78.0,0.3,272.0,,0.0,262.0,743.0,,pm25,53.0,"Anand Vihar, Delhi - DPCC",6
site_1560,Delhi,Delhi,"Bawana, Delhi - DPCC",2025-06-21 06:30:00+00:00,2025-06-21 06:30:00+00:00,31.1,79.0,1.5,129.0,0.0,0.0,35.0,991.0,,nh3,27.4,"Bawana, Delhi - DPCC",6
site_108,Delhi,Delhi,"Aya Nagar, Delhi - IMD",2025-06-21 06:30:00+00:00,2025-06-21 06:30:00+00:00,,,,,,0.0,,,,no,10.17,"Aya Nagar, Delhi - IMD",6
site_108,Delhi,Delhi,"Aya Nagar, Delhi - IMD",2025-06-21 06:30:00+00:00,2025-06-21 06:30:00+00:00,,,,,,0.0,,,,co,1.05,"Aya Nagar, Delhi - IMD",6
site_108,Delhi,Delhi,"Aya Nagar, Delhi - IMD",2025-06-21 06:30:00+00:00,2025-06-21 06:30:00+00:00,,,,,,0.0,,,,no2,7.95,"Aya Nagar, Delhi - IMD",6
site_1420,Delhi,Delhi,"Ashok Vihar, Delhi - DPCC",2025-06-21 06:30:00+00:00,2025-06-21 06:30:00+00:00,30.0,81.0,1.4,152.0,0.0,0.0,71.0,982.0,,benzene,0.1,"Ashok Vihar, Delhi - DPCC",6
site_1420,Delhi,Delhi,"Ashok Vihar, Delhi - DPCC",2025-06-21 06:30:00+00:00,2025-06-21 06:30:00+00:00,30.0,81.0,1.4,152.0,0.0,0.0,71.0,982.0,,co,0.79,"Ashok Vihar, Delhi - DPCC",6
site_1420,Delhi,Delhi,"Ashok Vihar, Delhi - DPCC",2025-06-21 06:30:00+00:00,2025-06-21 06:30:00+00:00,30.0,81.0,1.4,152.0,0.0,0.0,71.0,982.0,,nh3,31.1,"Ashok Vihar, Delhi - DPCC",6
site_1420,Delhi,Delhi,"Ashok Vihar, Delhi - DPCC",2025-06-21 06:30:00+00:00,2025-06-21 06:30:00+00:00,30.0,81.0,1.4,152.0,0.0,0.0,71.0,982.0,,no2,18.5,"Ashok Vihar, Delhi - DPCC",6
site_1420,Delhi,Delhi,"Ashok Vihar, Delhi - DPCC",2025-06-21 06:30:00+00:00,2025-06-21 06:30:00+00:00,30.0,81.0,1.4,152.0,0.0,0.0,71.0,982.0,,ozone,8.7,"Ashok Vihar, Delhi - DPCC",6
site_1420,Delhi,Delhi,"Ashok Vihar, Delhi - DPCC",2025-06-21 06:30:00+00:00,2025-06-21 06:30:00+00:00,30.0,81.0,1.4,152.0,0.0,0.0,71.0,982.0,,no,4.0,"Ashok Vihar, Delhi - DPCC",6
site_1420,Delhi,Delhi,"Ashok Vihar, Delhi - DPCC",2025-06-21 06:30:00+00:00,2025-06-21 06:30:00+00:00,30.0,81.0,1.4,152.0,0.0,0.0,71.0,982.0,,pm25,63.0,"Ashok Vihar, Delhi - DPCC",6
site_1420,Delhi,Delhi,"Ashok Vihar, Delhi - DPCC",2025-06-21 06:30:00+00:00,2025-06-21 06:30:00+00:00,30.0,81.0,1.4,152.0,0.0,0.0,71.0,982.0,,so2,7.4,"Ashok Vihar, Delhi - DPCC",6
site_1420,Delhi,Delhi,"Ashok Vihar, Delhi - DPCC",2025-06-21 06:30:00+00:00,2025-06-21 06:30:00+00:00,30.0,81.0,1.4,152.0,0.0,0.0,71.0,982.0,,toluene,0.4,"Ashok Vihar, Delhi - DPCC",6
site_108,Delhi,Delhi,"Aya Nagar, Delhi - IMD",2025-06-21 06:30:00+00:00,2025-06-21 06:30:00+00:00,,,,,,0.0,,,,ozone,26.51,"Aya Nagar, Delhi - IMD",6
site_108,Delhi,Delhi,"Aya Nagar, Delhi - IMD",2025-06-21 06:30:00+00:00,2025-06-21 06:30:00+00:00,,,,,,0.0,,,,pm10,71.2,"Aya Nagar, Delhi - IMD",6
site_108,Delhi,Delhi,"Aya Nagar, Delhi - IMD",2025-06-21 06:30:00+00:00,2025-06-21 06:30:00+00:00,,,,,,0.0,,,,pm25,21.73,"Aya Nagar, Delhi - IMD",6
site_1420,Delhi,Delhi,"Ashok Vihar, Delhi - DPCC",2025-06-21 06:30:00+00:00,2025-06-21 06:30:00+00:00,30.0,81.0,1.4,152.0,0.0,0.0,71.0,982.0,,pm10,83.0,"Ashok Vihar, Delhi - DPCC",6
site_104,Delhi,Delhi,"Burari Crossing, Delhi - IMD",2025-06-21 06:45:00+00:00,2025-06-21 06:45:00+00:00,,,,,,0.0,,,,no2,26.82,"Burari Crossing, Delhi - IMD",6
site_108,Delhi,Delhi,"Aya Nagar, Delhi - IMD",2025-06-21 06:45:00+00:00,2025-06-21 06:45:00+00:00,,,,,,0.0,,,,pm25,29.5,"Aya Nagar, Delhi - IMD",6
site_104,Delhi,Delhi,"Burari Crossing, Delhi - IMD",2025-06-21 06:45:00+00:00,2025-06-21 06:45:00+00:00,,,,,,0.0,,,,co,0.73,"Burari Crossing, Delhi - IMD",6
site_104,Delhi,Delhi,"Burari Crossing, Delhi - IMD",2025-06-21 06:45:00+00:00,2025-06-21 06:45:00+00:00,,,,,,0.0,,,,no,9.91,"Burari Crossing, Delhi - IMD",6
site_104,Delhi,Delhi,"Burari Crossing, Delhi - IMD",2025-06-21 06:45:00+00:00,2025-06-21 06:45:00+00:00,,,,,,0.0,,,,ozone,19.73,"Burari Crossing, Delhi - IMD",6
site_301,Delhi,Delhi,"Anand Vihar, Delhi - DPCC",2025-06-21 06:45:00+00:00,2025-06-21 06:45:00+00:00,30.4,77.0,0.3,256.0,,0.0,275.0,743.0,,nh3,56.0,"Anand Vihar, Delhi - DPCC",6
site_1420,Delhi,Delhi,"Ashok Vihar, Delhi - DPCC",2025-06-21 06:45:00+00:00,2025-06-21 06:45:00+00:00,30.3,79.0,2.0,143.0,0.0,0.0,89.0,982.0,,no2,23.1,"Ashok Vihar, Delhi - DPCC",6
site_301,Delhi,Delhi,"Anand Vihar, Delhi - DPCC",2025-06-21 06:45:00+00:00,2025-06-21 06:45:00+00:00,30.4,77.0,0.3,256.0,,0.0,275.0,743.0,,benzene,0.8,"Anand Vihar, Delhi - DPCC",6
site_301,Delhi,Delhi,"Anand Vihar, Delhi - DPCC",2025-06-21 06:45:00+00:00,2025-06-21 06:45:00+00:00,30.4,77.0,0.3,256.0,,0.0,275.0,743.0,,co,1.21,"Anand Vihar, Delhi - DPCC",6
site_108,Delhi,Delhi,"Aya Nagar, Delhi - IMD",2025-06-21 06:45:00+00:00,2025-06-21 06:45:00+00:00,,,,,,0.0,,,,pm10,67.46,"Aya Nagar, Delhi - IMD",6
site_301,Delhi,Delhi,"Anand Vihar, Delhi - DPCC",2025-06-21 06:45:00+00:00,2025-06-21 06:45:00+00:00,30.4,77.0,0.3,256.0,,0.0,275.0,743.0,,no,19.7,"Anand Vihar, Delhi - DPCC",6
site_301,Delhi,Delhi,"Anand Vihar, Delhi - DPCC",2025-06-21 06:45:00+00:00,2025-06-21 06:45:00+00:00,30.4,77.0,0.3,256.0,,0.0,275.0,743.0,,no2,34.0,"Anand Vihar, Delhi - DPCC",6
site_301,Delhi,Delhi,"Anand Vihar, Delhi - DPCC",2025-06-21 06:45:00+00:00,2025-06-21 06:45:00+00:00,30.4,77.0,0.3,256.0,,0.0,275.0,743.0,,ozone,6.7,"Anand Vihar, Delhi - DPCC",6
site_301,Delhi,Delhi,"Anand Vihar, Delhi - DPCC",2025-06-21 06:45:00+00:00,2025-06-21 06:45:00+00:00,30.4,77.0,0.3,256.0,,0.0,275.0,743.0,,pm10,95.0,"Anand Vihar, Delhi - DPCC",6
site_301,Delhi,Delhi,"Anand Vihar, Delhi - DPCC",2025-06-21 06:45:00+00:00,2025-06-21 06:45:00+00:00,30.4,77.0,0.3,256.0,,0.0,275.0,743.0,,pm25,53.0,"Anand Vihar, Delhi - DPCC",6
site_104,Delhi,Delhi,"Burari Crossing, Delhi - IMD",2025-06-21 06:45:00+00:00,2025-06-21 06:45:00+00:00,,,,,,0.0,,,,pm10,39.66,"Burari Crossing, Delhi - IMD",6
site_108,Delhi,Delhi,"Aya Nagar, Delhi - IMD",2025-06-21 06:45:00+00:00,2025-06-21 06:45:00+00:00,,,,,,0.0,,,,ozone,30.61,"Aya Nagar, Delhi - IMD",6
site_1420,Delhi,Delhi,"Ashok Vihar, Delhi - DPCC",2025-06-21 06:45:00+00:00,2025-06-21 06:45:00+00:00,30.3,79.0,2.0,143.0,0.0,0.0,89.0,982.0,,no,4.5,"Ashok Vihar, Delhi - DPCC",6
site_108,Delhi,Delhi,"Aya Nagar, Delhi - IMD",2025-06-21 06:45:00+00:00,2025-06-21 06:45:00+00:00,,,,,,0.0,,,,no,12.45,"Aya Nagar, Delhi - IMD",6
site_1560,Delhi,Delhi,"Bawana, Delhi - DPCC",2025-06-21 06:45:00+00:00,2025-06-21 06:45:00+00:00,31.3,78.0,2.2,121.0,0.0,0.0,71.0,990.0,,benzene,1.2,"Bawana, Delhi - DPCC",6
site_1560,Delhi,Delhi,"Bawana, Delhi - DPCC",2025-06-21 06:45:00+00:00,2025-06-21 06:45:00+00:00,31.3,78.0,2.2,121.0,0.0,0.0,71.0,990.0,,co,0.66,"Bawana, Delhi - DPCC",6
site_1560,Delhi,Delhi,"Bawana, Delhi - DPCC",2025-06-21 06:45:00+00:00,2025-06-21 06:45:00+00:00,31.3,78.0,2.2,121.0,0.0,0.0,71.0,990.0,,nh3,27.7,"Bawana, Delhi - DPCC",6
site_1560,Delhi,Delhi,"Bawana, Delhi - DPCC",2025-06-21 06:45:00+00:00,2025-06-21 06:45:00+00:00,31.3,78.0,2.2,121.0,0.0,0.0,71.0,990.0,,no,4.8,"Bawana, Delhi - DPCC",6
site_1560,Delhi,Delhi,"Bawana, Delhi - DPCC",2025-06-21 06:45:00+00:00,2025-06-21 06:45:00+00:00,31.3,78.0,2.2,121.0,0.0,0.0,71.0,990.0,,no2,10.6,"Bawana, Delhi - DPCC",6
site_1560,Delhi,Delhi,"Bawana, Delhi - DPCC",2025-06-21 06:45:00+00:00,2025-06-21 06:45:00+00:00,31.3,78.0,2.2,121.0,0.0,0.0,71.0,990.0,,ozone,8.6,"Bawana, Delhi - DPCC",6
site_1560,Delhi,Delhi,"Bawana, Delhi - DPCC",2025-06-21 06:45:00+00:00,2025-06-21 06:45:00+00:00,31.3,78.0,2.2,121.0,0.0,0.0,71.0,990.0,,pm10,67.0,"Bawana, Delhi - DPCC",6
site_108,Delhi,Delhi,"Aya Nagar, Delhi - IMD",2025-06-21 06:45:00+00:00,2025-06-21 06:45:00+00:00,,,,,,0.0,,,,no2,9.01,"Aya Nagar, Delhi - IMD",6
site_1560,Delhi,Delhi,"Bawana, Delhi - DPCC",2025-06-21 06:45:00+00:00,2025-06-21 06:45:00+00:00,31.3,78.0,2.2,121.0,0.0,0.0,71.0,990.0,,pm25,56.0,"Bawana, Delhi - DPCC",6
site_1560,Delhi,Delhi,"Bawana, Delhi - DPCC",2025-06-21 06:45:00+00:00,2025-06-21 06:45:00+00:00,31.3,78.0,2.2,121.0,0.0,0.0,71.0,990.0,,toluene,3.6,"Bawana, Delhi - DPCC",6
site_1420,Delhi,Delhi,"Ashok Vihar, Delhi - DPCC",2025-06-21 06:45:00+00:00,2025-06-21 06:45:00+00:00,30.3,79.0,2.0,143.0,0.0,0.0,89.0,982.0,,toluene,0.4,"Ashok Vihar, Delhi - DPCC",6
site_1420,Delhi,Delhi,"Ashok Vihar, Delhi - DPCC",2025-06-21 06:45:00+00:00,2025-06-21 06:45:00+00:00,30.3,79.0,2.0,143.0,0.0,0.0,89.0,982.0,,so2,5.7,"Ashok Vihar, Delhi - DPCC",6
site_1420,Delhi,Delhi,"Ashok Vihar, Delhi - DPCC",2025-06-21 06:45:00+00:00,2025-06-21 06:45:00+00:00,30.3,79.0,2.0,143.0,0.0,0.0,89.0,982.0,,pm25,63.0,"Ashok Vihar, Delhi - DPCC",6
site_1420,Delhi,Delhi,"Ashok Vihar, Delhi - DPCC",2025-06-21 06:45:00+00:00,2025-06-21 06:45:00+00:00,30.3,79.0,2.0,143.0,0.0,0.0,89.0,982.0,,pm10,83.0,"Ashok Vihar, Delhi - DPCC",6
site_301,Delhi,Delhi,"Anand Vihar, Delhi - DPCC",2025-06-21 06:45:00+00:00,2025-06-21 06:45:00+00:00,30.4,77.0,0.3,256.0,,0.0,275.0,743.0,,so2,52.1,"Anand Vihar, Delhi - DPCC",6
site_108,Delhi,Delhi,"Aya Nagar, Delhi - IMD",2025-06-21 06:45:00+00:00,2025-06-21 06:45:00+00:00,,,,,,0.0,,,,co,1.07,"Aya Nagar, Delhi - IMD",6
site_1560,Delhi,Delhi,"Bawana, Delhi - DPCC",2025-06-21 06:45:00+00:00,2025-06-21 06:45:00+00:00,31.3,78.0,2.2,121.0,0.0,0.0,71.0,990.0,,so2,3.9,"Bawana, Delhi - DPCC",6
site_301,Delhi,Delhi,"Anand Vihar, Delhi - DPCC",2025-06-21 06:45:00+00:00,2025-06-21 06:45:00+00:00,30.4,77.0,0.3,256.0,,0.0,275.0,743.0,,toluene,6.6,"Anand Vihar, Delhi - DPCC",6
site_104,Delhi,Delhi,"Burari Crossing, Delhi - IMD",2025-06-21 06:45:00+00:00,2025-06-21 06:45:00+00:00,,,,,,0.0,,,,pm25,33.84,"Burari Crossing, Delhi - IMD",6
site_5024,Delhi,Delhi,"Alipur, Delhi - DPCC",2025-06-21 06:45:00+00:00,2025-06-21 06:45:00+00:00,30.6,76.0,,269.0,0.0,0.0,65.0,982.0,,so2,8.4,"Alipur, Delhi - DPCC",6
site_1420,Delhi,Delhi,"Ashok Vihar, Delhi - DPCC",2025-06-21 06:45:00+00:00,2025-06-21 06:45:00+00:00,30.3,79.0,2.0,143.0,0.0,0.0,89.0,982.0,,nh3,31.5,"Ashok Vihar, Delhi - DPCC",6
site_1420,Delhi,Delhi,"Ashok Vihar, Delhi - DPCC",2025-06-21 06:45:00+00:00,2025-06-21 06:45:00+00:00,30.3,79.0,2.0,143.0,0.0,0.0,89.0,982.0,,co,0.79,"Ashok Vihar, Delhi - DPCC",6
site_1420,Delhi,Delhi,"Ashok Vihar, Delhi - DPCC",2025-06-21 06:45:00+00:00,2025-06-21 06:45:00+00:00,30.3,79.0,2.0,143.0,0.0,0.0,89.0,982.0,,benzene,0.1,"Ashok Vihar, Delhi - DPCC",6
site_5024,Delhi,Delhi,"Alipur, Delhi - DPCC",2025-06-21 06:45:00+00:00,2025-06-21 06:45:00+00:00,30.6,76.0,,269.0,0.0,0.0,65.0,982.0,,benzene,0.3,"Alipur, Delhi - DPCC",6
site_5024,Delhi,Delhi,"Alipur, Delhi - DPCC",2025-06-21 06:45:00+00:00,2025-06-21 06:45:00+00:00,30.6,76.0,,269.0,0.0,0.0,65.0,982.0,,co,0.66,"Alipur, Delhi - DPCC",6
site_5024,Delhi,Delhi,"Alipur, Delhi - DPCC",2025-06-21 06:45:00+00:00,2025-06-21 06:45:00+00:00,30.6,76.0,,269.0,0.0,0.0,65.0,982.0,,no,3.8,"Alipur, Delhi - DPCC",6
site_5024,Delhi,Delhi,"Alipur, Delhi - DPCC",2025-06-21 06:45:00+00:00,2025-06-21 06:45:00+00:00,30.6,76.0,,269.0,0.0,0.0,65.0,982.0,,ozone,8.6,"Alipur, Delhi - DPCC",6
site_5024,Delhi,Delhi,"Alipur, Delhi - DPCC",2025-06-21 06:45:00+00:00,2025-06-21 06:45:00+00:00,30.6,76.0,,269.0,0.0,0.0,65.0,982.0,,pm10,79.0,"Alipur, Delhi - DPCC",6
site_5024,Delhi,Delhi,"Alipur, Delhi - DPCC",2025-06-21 06:45:00+00:00,2025-06-21 06:45:00+00:00,30.6,76.0,,269.0,0.0,0.0,65.0,982.0,,pm25,44.0,"Alipur, Delhi - DPCC",6
site_5024,Delhi,Delhi,"Alipur, Delhi - DPCC",2025-06-21 06:45:00+00:00,2025-06-21 06:45:00+00:00,30.6,76.0,,269.0,0.0,0.0,65.0,982.0,,toluene,0.5,"Alipur, Delhi - DPCC",6
site_1420,Delhi,Delhi,"Ashok Vihar, Delhi - DPCC",2025-06-21 06:45:00+00:00,2025-06-21 06:45:00+00:00,30.3,79.0,2.0,143.0,0.0,0.0,89.0,982.0,,ozone,8.4,"Ashok Vihar, Delhi - DPCC",6
site_5024,Delhi,Delhi,"Alipur, Delhi - DPCC",2025-06-21 06:45:00+00:00,2025-06-21 06:45:00+00:00,30.6,76.0,,269.0,0.0,0.0,65.0,982.0,,no2,24.0,"Alipur, Delhi - DPCC",6
site_5024,Delhi,Delhi,"Alipur, Delhi - DPCC",2025-06-21 07:00:00+00:00,2025-06-21 07:00:00+00:00,31.1,74.0,,281.0,0.0,0.0,113.0,982.0,,benzene,0.2,"Alipur, Delhi - DPCC",7
site_5024,Delhi,Delhi,"Alipur, Delhi - DPCC",2025-06-21 07:00:00+00:00,2025-06-21 07:00:00+00:00,31.1,74.0,,281.0,0.0,0.0,113.0,982.0,,co,0.82,"Alipur, Delhi - DPCC",7
site_5024,Delhi,Delhi,"Alipur, Delhi - DPCC",2025-06-21 07:00:00+00:00,2025-06-21 07:00:00+00:00,31.1,74.0,,281.0,0.0,0.0,113.0,982.0,,nh3,55.8,"Alipur, Delhi - DPCC",7
site_5024,Delhi,Delhi,"Alipur, Delhi - DPCC",2025-06-21 07:00:00+00:00,2025-06-21 07:00:00+00:00,31.1,74.0,,281.0,0.0,0.0,113.0,982.0,,pm25,44.0,"Alipur, Delhi - DPCC",7
site_5024,Delhi,Delhi,"Alipur, Delhi - DPCC",2025-06-21 07:00:00+00:00,2025-06-21 07:00:00+00:00,31.1,74.0,,281.0,0.0,0.0,113.0,982.0,,ozone,9.9,"Alipur, Delhi - DPCC",7
site_5024,Delhi,Delhi,"Alipur, Delhi - DPCC",2025-06-21 07:00:00+00:00,2025-06-21 07:00:00+00:00,31.1,74.0,,281.0,0.0,0.0,113.0,982.0,,pm10,84.0,"Alipur, Delhi - DPCC",7
site_5024,Delhi,Delhi,"Alipur, Delhi - DPCC",2025-06-21 07:00:00+00:00,2025-06-21 07:00:00+00:00,31.1,74.0,,281.0,0.0,0.0,113.0,982.0,,so2,9.7,"Alipur, Delhi - DPCC",7
site_5024,Delhi,Delhi,"Alipur, Delhi - DPCC",2025-06-21 07:00:00+00:00,2025-06-21 07:00:00+00:00,31.1,74.0,,281.0,0.0,0.0,113.0,982.0,,toluene,0.6,"Alipur, Delhi - DPCC",7
site_108,Delhi,Delhi,"Aya Nagar, Delhi - IMD",2025-06-21 07:00:00+00:00,2025-06-21 07:00:00+00:00,,,,,,0.0,,,,co,1.03,"Aya Nagar, Delhi - IMD",7
site_108,Delhi,Delhi,"Aya Nagar, Delhi - IMD",2025-06-21 07:00:00+00:00,2025-06-21 07:00:00+00:00,,,,,,0.0,,,,no,12.07,"Aya Nagar, Delhi - IMD",7
site_108,Delhi,Delhi,"Aya Nagar, Delhi - IMD",2025-06-21 07:00:00+00:00,2025-06-21 07:00:00+00:00,,,,,,0.0,,,,no2,8.13,"Aya Nagar, Delhi - IMD",7
site_108,Delhi,Delhi,"Aya Nagar, Delhi - IMD",2025-06-21 07:00:00+00:00,2025-06-21 07:00:00+00:00,,,,,,0.0,,,,ozone,39.59,"Aya Nagar, Delhi - IMD",7
site_5024,Delhi,Delhi,"Alipur, Delhi - DPCC",2025-06-21 07:00:00+00:00,2025-06-21 07:00:00+00:00,31.1,74.0,,281.0,0.0,0.0,113.0,982.0,,no,3.9,"Alipur, Delhi - DPCC",7
site_1420,Delhi,Delhi,"Ashok Vihar, Delhi - DPCC",2025-06-21 07:00:00+00:00,2025-06-21 07:00:00+00:00,30.5,78.0,2.0,138.0,0.0,0.0,116.0,982.0,,benzene,0.1,"Ashok Vihar, Delhi - DPCC",7
site_1420,Delhi,Delhi,"Ashok Vihar, Delhi - DPCC",2025-06-21 07:00:00+00:00,2025-06-21 07:00:00+00:00,30.5,78.0,2.0,138.0,0.0,0.0,116.0,982.0,,no2,15.8,"Ashok Vihar, Delhi - DPCC",7
site_1420,Delhi,Delhi,"Ashok Vihar, Delhi - DPCC",2025-06-21 07:00:00+00:00,2025-06-21 07:00:00+00:00,30.5,78.0,2.0,138.0,0.0,0.0,116.0,982.0,,nh3,33.2,"Ashok Vihar, Delhi - DPCC",7
site_1560,Delhi,Delhi,"Bawana, Delhi - DPCC",2025-06-21 07:00:00+00:00,2025-06-21 07:00:00+00:00,31.9,76.0,1.9,128.0,0.0,0.0,102.0,989.0,,benzene,1.2,"Bawana, Delhi - DPCC",7
site_1560,Delhi,Delhi,"Bawana, Delhi - DPCC",2025-06-21 07:00:00+00:00,2025-06-21 07:00:00+00:00,31.9,76.0,1.9,128.0,0.0,0.0,102.0,989.0,,co,0.62,"Bawana, Delhi - DPCC",7
site_1560,Delhi,Delhi,"Bawana, Delhi - DPCC",2025-06-21 07:00:00+00:00,2025-06-21 07:00:00+00:00,31.9,76.0,1.9,128.0,0.0,0.0,102.0,989.0,,nh3,28.2,"Bawana, Delhi - DPCC",7
site_1560,Delhi,Delhi,"Bawana, Delhi - DPCC",2025-06-21 07:00:00+00:00,2025-06-21 07:00:00+00:00,31.9,76.0,1.9,128.0,0.0,0.0,102.0,989.0,,no,5.3,"Bawana, Delhi - DPCC",7
site_1560,Delhi,Delhi,"Bawana, Delhi - DPCC",2025-06-21 07:00:00+00:00,2025-06-21 07:00:00+00:00,31.9,76.0,1.9,128.0,0.0,0.0,102.0,989.0,,no2,9.6,"Bawana, Delhi - DPCC",7
site_1560,Delhi,Delhi,"Bawana, Delhi - DPCC",2025-06-21 07:00:00+00:00,2025-06-21 07:00:00+00:00,31.9,76.0,1.9,128.0,0.0,0.0,102.0,989.0,,ozone,9.0,"Bawana, Delhi - DPCC",7
site_1560,Delhi,Delhi,"Bawana, Delhi - DPCC",2025-06-21 07:00:00+00:00,2025-06-21 07:00:00+00:00,31.9,76.0,1.9,128.0,0.0,0.0,102.0,989.0,,pm10,67.0,"Bawana, Delhi - DPCC",7
site_1560,Delhi,Delhi,"Bawana, Delhi - DPCC",2025-06-21 07:00:00+00:00,2025-06-21 07:00:00+00:00,31.9,76.0,1.9,128.0,0.0,0.0,102.0,989.0,,pm25,59.0,"Bawana, Delhi - DPCC",7
site_1560,Delhi,Delhi,"Bawana, Delhi - DPCC",2025-06-21 07:00:00+00:00,2025-06-21 07:00:00+00:00,31.9,76.0,1.9,128.0,0.0,0.0,102.0,989.0,,so2,4.2,"Bawana, Delhi - DPCC",7
site_1560,Delhi,Delhi,"Bawana, Delhi - DPCC",2025-06-21 07:00:00+00:00,2025-06-21 07:00:00+00:00,31.9,76.0,1.9,128.0,0.0,0.0,102.0,989.0,,toluene,4.1,"Bawana, Delhi - DPCC",7
site_1420,Delhi,Delhi,"Ashok Vihar, Delhi - DPCC",2025-06-21 07:00:00+00:00,2025-06-21 07:00:00+00:00,30.5,78.0,2.0,138.0,0.0,0.0,116.0,982.0,,toluene,0.5,"Ashok Vihar, Delhi - DPCC",7
site_1420,Delhi,Delhi,"Ashok Vihar, Delhi - DPCC",2025-06-21 07:00:00+00:00,2025-06-21 07:00:00+00:00,30.5,78.0,2.0,138.0,0.0,0.0,116.0,982.0,,so2,5.6,"Ashok Vihar, Delhi - DPCC",7
site_1420,Delhi,Delhi,"Ashok Vihar, Delhi - DPCC",2025-06-21 07:00:00+00:00,2025-06-21 07:00:00+00:00,30.5,78.0,2.0,138.0,0.0,0.0,116.0,982.0,,pm25,56.0,"Ashok Vihar, Delhi - DPCC",7
site_1420,Delhi,Delhi,"Ashok Vihar, Delhi - DPCC",2025-06-21 07:00:00+00:00,2025-06-21 07:00:00+00:00,30.5,78.0,2.0,138.0,0.0,0.0,116.0,982.0,,pm10,73.0,"Ashok Vihar, Delhi - DPCC",7
site_1420,Delhi,Delhi,"Ashok Vihar, Delhi - DPCC",2025-06-21 07:00:00+00:00,2025-06-21 07:00:00+00:00,30.5,78.0,2.0,138.0,0.0,0.0,116.0,982.0,,ozone,5.6,"Ashok Vihar, Delhi - DPCC",7
site_108,Delhi,Delhi,"Aya Nagar, Delhi - IMD",2025-06-21 07:00:00+00:00,2025-06-21 07:00:00+00:00,,,,,,0.0,,,,pm10,66.36,"Aya Nagar, Delhi - IMD",7
site_1420,Delhi,Delhi,"Ashok Vihar, Delhi - DPCC",2025-06-21 07:00:00+00:00,2025-06-21 07:00:00+00:00,30.5,78.0,2.0,138.0,0.0,0.0,116.0,982.0,,no,4.3,"Ashok Vihar, Delhi - DPCC",7
site_1420,Delhi,Delhi,"Ashok Vihar, Delhi - DPCC",2025-06-21 07:00:00+00:00,2025-06-21 07:00:00+00:00,30.5,78.0,2.0,138.0,0.0,0.0,116.0,982.0,,co,0.74,"Ashok Vihar, Delhi - DPCC",7
site_108,Delhi,Delhi,"Aya Nagar, Delhi - IMD",2025-06-21 07:00:00+00:00,2025-06-21 07:00:00+00:00,,,,,,0.0,,,,pm25,27.35,"Aya Nagar, Delhi - IMD",7
site_5024,Delhi,Delhi,"Alipur, Delhi - DPCC",2025-06-21 07:00:00+00:00,2025-06-21 07:00:00+00:00,31.1,74.0,,281.0,0.0,0.0,113.0,982.0,,no2,23.3,"Alipur, Delhi - DPCC",7
site_301,Delhi,Delhi,"Anand Vihar, Delhi - DPCC",2025-06-21 07:00:00+00:00,2025-06-21 07:00:00+00:00,30.6,75.0,0.3,274.0,,0.0,283.0,743.0,,ozone,5.9,"Anand Vihar, Delhi - DPCC",7
site_301,Delhi,Delhi,"Anand Vihar, Delhi - DPCC",2025-06-21 07:00:00+00:00,2025-06-21 07:00:00+00:00,30.6,75.0,0.3,274.0,,0.0,283.0,743.0,,benzene,0.9,"Anand Vihar, Delhi - DPCC",7
site_301,Delhi,Delhi,"Anand Vihar, Delhi - DPCC",2025-06-21 07:00:00+00:00,2025-06-21 07:00:00+00:00,30.6,75.0,0.3,274.0,,0.0,283.0,743.0,,co,1.19,"Anand Vihar, Delhi - DPCC",7
site_301,Delhi,Delhi,"Anand Vihar, Delhi - DPCC",2025-06-21 07:00:00+00:00,2025-06-21 07:00:00+00:00,30.6,75.0,0.3,274.0,,0.0,283.0,743.0,,nh3,60.8,"Anand Vihar, Delhi - DPCC",7
site_301,Delhi,Delhi,"Anand Vihar, Delhi - DPCC",2025-06-21 07:00:00+00:00,2025-06-21 07:00:00+00:00,30.6,75.0,0.3,274.0,,0.0,283.0,743.0,,no,17.5,"Anand Vihar, Delhi - DPCC",7
site_301,Delhi,Delhi,"Anand Vihar, Delhi - DPCC",2025-06-21 07:00:00+00:00,2025-06-21 07:00:00+00:00,30.6,75.0,0.3,274.0,,0.0,283.0,743.0,,no2,36.9,"Anand Vihar, Delhi - DPCC",7
site_301,Delhi,Delhi,"Anand Vihar, Delhi - DPCC",2025-06-21 07:00:00+00:00,2025-06-21 07:00:00+00:00,30.6,75.0,0.3,274.0,,0.0,283.0,743.0,,pm10,69.0,"Anand Vihar, Delhi - DPCC",7
site_301,Delhi,Delhi,"Anand Vihar, Delhi - DPCC",2025-06-21 07:00:00+00:00,2025-06-21 07:00:00+00:00,30.6,75.0,0.3,274.0,,0.0,283.0,743.0,,pm25,33.0,"Anand Vihar, Delhi - DPCC",7
site_301,Delhi,Delhi,"Anand Vihar, Delhi - DPCC",2025-06-21 07:00:00+00:00,2025-06-21 07:00:00+00:00,30.6,75.0,0.3,274.0,,0.0,283.0,743.0,,so2,52.3,"Anand Vihar, Delhi - DPCC",7
site_301,Delhi,Delhi,"Anand Vihar, Delhi - DPCC",2025-06-21 07:00:00+00:00,2025-06-21 07:00:00+00:00,30.6,75.0,0.3,274.0,,0.0,283.0,743.0,,toluene,8.2,"Anand Vihar, Delhi - DPCC",7
site_104,Delhi,Delhi,"Burari Crossing, Delhi - IMD",2025-06-21 07:00:00+00:00,2025-06-21 07:00:00+00:00,,,,,,0.0,,,,pm25,33.55,"Burari Crossing, Delhi - IMD",7
site_104,Delhi,Delhi,"Burari Crossing, Delhi - IMD",2025-06-21 07:00:00+00:00,2025-06-21 07:00:00+00:00,,,,,,0.0,,,,pm10,39.81,"Burari Crossing, Delhi - IMD",7
site_104,Delhi,Delhi,"Burari Crossing, Delhi - IMD",2025-06-21 07:00:00+00:00,2025-06-21 07:00:00+00:00,,,,,,0.0,,,,ozone,21.29,"Burari Crossing, Delhi - IMD",7
site_104,Delhi,Delhi,"Burari Crossing, Delhi - IMD",2025-06-21 07:00:00+00:00,2025-06-21 07:00:00+00:00,,,,,,0.0,,,,no,10.08,"Burari Crossing, Delhi - IMD",7
site_104,Delhi,Delhi,"Burari Crossing, Delhi - IMD",2025-06-21 07:00:00+00:00,2025-06-21 07:00:00+00:00,,,,,,0.0,,,,co,0.75,"Burari Crossing, Delhi - IMD",7
site_104,Delhi,Delhi,"Burari Crossing, Delhi - IMD",2025-06-21 07:00:00+00:00,2025-06-21 07:00:00+00:00,,,,,,0.0,,,,no2,27.84,"Burari Crossing, Delhi - IMD",7
site_1560,Delhi,Delhi,"Bawana, Delhi - DPCC",2025-06-21 07:15:00+00:00,2025-06-21 07:15:00+00:00,32.3,73.0,2.6,146.0,0.0,0.0,129.0,988.0,,benzene,1.1,"Bawana, Delhi - DPCC",7
site_1560,Delhi,Delhi,"Bawana, Delhi - DPCC",2025-06-21 07:15:00+00:00,2025-06-21 07:15:00+00:00,32.3,73.0,2.6,146.0,0.0,0.0,129.0,988.0,,nh3,28.0,"Bawana, Delhi - DPCC",7
site_1560,Delhi,Delhi,"Bawana, Delhi - DPCC",2025-06-21 07:15:00+00:00,2025-06-21 07:15:00+00:00,32.3,73.0,2.6,146.0,0.0,0.0,129.0,988.0,,no,6.0,"Bawana, Delhi - DPCC",7
site_1560,Delhi,Delhi,"Bawana, Delhi - DPCC",2025-06-21 07:15:00+00:00,2025-06-21 07:15:00+00:00,32.3,73.0,2.6,146.0,0.0,0.0,129.0,988.0,,no2,9.4,"Bawana, Delhi - DPCC",7
site_1560,Delhi,Delhi,"Bawana, Delhi - DPCC",2025-06-21 07:15:00+00:00,2025-06-21 07:15:00+00:00,32.3,73.0,2.6,146.0,0.0,0.0,129.0,988.0,,ozone,9.4,"Bawana, Delhi - DPCC",7
site_1560,Delhi,Delhi,"Bawana, Delhi - DPCC",2025-06-21 07:15:00+00:00,2025-06-21 07:15:00+00:00,32.3,73.0,2.6,146.0,0.0,0.0,129.0,988.0,,co,0.66,"Bawana, Delhi - DPCC",7
site_1560,Delhi,Delhi,"Bawana, Delhi - DPCC",2025-06-21 07:15:00+00:00,2025-06-21 07:15:00+00:00,32.3,73.0,2.6,146.0,0.0,0.0,129.0,988.0,,pm10,67.0,"Bawana, Delhi - DPCC",7
site_1560,Delhi,Delhi,"Bawana, Delhi - DPCC",2025-06-21 07:15:00+00:00,2025-06-21 07:15:00+00:00,32.3,73.0,2.6,146.0,0.0,0.0,129.0,988.0,,pm25,59.0,"Bawana, Delhi - DPCC",7
site_1560,Delhi,Delhi,"Bawana, Delhi - DPCC",2025-06-21 07:15:00+00:00,2025-06-21 07:15:00+00:00,32.3,73.0,2.6,146.0,0.0,0.0,129.0,988.0,,so2,4.4,"Bawana, Delhi - DPCC",7
site_1560,Delhi,Delhi,"Bawana, Delhi - DPCC",2025-06-21 07:15:00+00:00,2025-06-21 07:15:00+00:00,32.3,73.0,2.6,146.0,0.0,0.0,129.0,988.0,,toluene,3.0,"Bawana, Delhi - DPCC",7
site_1420,Delhi,Delhi,"Ashok Vihar, Delhi - DPCC",2025-06-21 07:15:00+00:00,2025-06-21 07:15:00+00:00,30.6,77.0,3.2,104.0,0.0,0.0,142.0,982.0,,no,3.5,"Ashok Vihar, Delhi - DPCC",7
site_301,Delhi,Delhi,"Anand Vihar, Delhi - DPCC",2025-06-21 07:15:00+00:00,2025-06-21 07:15:00+00:00,30.9,74.0,0.4,270.0,,0.0,290.0,743.0,,pm25,33.0,"Anand Vihar, Delhi - DPCC",7
site_108,Delhi,Delhi,"Aya Nagar, Delhi - IMD",2025-06-21 07:15:00+00:00,2025-06-21 07:15:00+00:00,,,,,,0.0,,,,no,8.54,"Aya Nagar, Delhi - IMD",7
site_301,Delhi,Delhi,"Anand Vihar, Delhi - DPCC",2025-06-21 07:15:00+00:00,2025-06-21 07:15:00+00:00,30.9,74.0,0.4,270.0,,0.0,290.0,743.0,,ozone,7.2,"Anand Vihar, Delhi - DPCC",7
site_1420,Delhi,Delhi,"Ashok Vihar, Delhi - DPCC",2025-06-21 07:15:00+00:00,2025-06-21 07:15:00+00:00,30.6,77.0,3.2,104.0,0.0,0.0,142.0,982.0,,nh3,36.1,"Ashok Vihar, Delhi - DPCC",7
site_301,Delhi,Delhi,"Anand Vihar, Delhi - DPCC",2025-06-21 07:15:00+00:00,2025-06-21 07:15:00+00:00,30.9,74.0,0.4,270.0,,0.0,290.0,743.0,,benzene,0.8,"Anand Vihar, Delhi - DPCC",7
site_301,Delhi,Delhi,"Anand Vihar, Delhi - DPCC",2025-06-21 07:15:00+00:00,2025-06-21 07:15:00+00:00,30.9,74.0,0.4,270.0,,0.0,290.0,743.0,,co,1.23,"Anand Vihar, Delhi - DPCC",7
site_301,Delhi,Delhi,"Anand Vihar, Delhi - DPCC",2025-06-21 07:15:00+00:00,2025-06-21 07:15:00+00:00,30.9,74.0,0.4,270.0,,0.0,290.0,743.0,,nh3,48.3,"Anand Vihar, Delhi - DPCC",7
site_1420,Delhi,Delhi,"Ashok Vihar, Delhi - DPCC",2025-06-21 07:15:00+00:00,2025-06-21 07:15:00+00:00,30.6,77.0,3.2,104.0,0.0,0.0,142.0,982.0,,no2,13.8,"Ashok Vihar, Delhi - DPCC",7
site_1420,Delhi,Delhi,"Ashok Vihar, Delhi - DPCC",2025-06-21 07:15:00+00:00,2025-06-21 07:15:00+00:00,30.6,77.0,3.2,104.0,0.0,0.0,142.0,982.0,,ozone,15.8,"Ashok Vihar, Delhi - DPCC",7
site_1420,Delhi,Delhi,"Ashok Vihar, Delhi - DPCC",2025-06-21 07:15:00+00:00,2025-06-21 07:15:00+00:00,30.6,77.0,3.2,104.0,0.0,0.0,142.0,982.0,,pm10,73.0,"Ashok Vihar, Delhi - DPCC",7
site_1420,Delhi,Delhi,"Ashok Vihar, Delhi - DPCC",2025-06-21 07:15:00+00:00,2025-06-21 07:15:00+00:00,30.6,77.0,3.2,104.0,0.0,0.0,142.0,982.0,,pm25,56.0,"Ashok Vihar, Delhi - DPCC",7
site_1420,Delhi,Delhi,"Ashok Vihar, Delhi - DPCC",2025-06-21 07:15:00+00:00,2025-06-21 07:15:00+00:00,30.6,77.0,3.2,104.0,0.0,0.0,142.0,982.0,,so2,5.2,"Ashok Vihar, Delhi - DPCC",7
site_1420,Delhi,Delhi,"Ashok Vihar, Delhi - DPCC",2025-06-21 07:15:00+00:00,2025-06-21 07:15:00+00:00,30.6,77.0,3.2,104.0,0.0,0.0,142.0,982.0,,toluene,0.4,"Ashok Vihar, Delhi - DPCC",7
site_301,Delhi,Delhi,"Anand Vihar, Delhi - DPCC",2025-06-21 07:15:00+00:00,2025-06-21 07:15:00+00:00,30.9,74.0,0.4,270.0,,0.0,290.0,743.0,,pm10,69.0,"Anand Vihar, Delhi - DPCC",7
site_1420,Delhi,Delhi,"Ashok Vihar, Delhi - DPCC",2025-06-21 07:15:00+00:00,2025-06-21 07:15:00+00:00,30.6,77.0,3.2,104.0,0.0,0.0,142.0,982.0,,co,0.79,"Ashok Vihar, Delhi - DPCC",7
site_301,Delhi,Delhi,"Anand Vihar, Delhi - DPCC",2025-06-21 07:15:00+00:00,2025-06-21 07:15:00+00:00,30.9,74.0,0.4,270.0,,0.0,290.0,743.0,,so2,52.6,"Anand Vihar, Delhi - DPCC",7
site_108,Delhi,Delhi,"Aya Nagar, Delhi - IMD",2025-06-21 07:15:00+00:00,2025-06-21 07:15:00+00:00,,,,,,0.0,,,,co,1.0,"Aya Nagar, Delhi - IMD",7
site_108,Delhi,Delhi,"Aya Nagar, Delhi - IMD",2025-06-21 07:15:00+00:00,2025-06-21 07:15:00+00:00,,,,,,0.0,,,,no2,6.83,"Aya Nagar, Delhi - IMD",7
site_108,Delhi,Delhi,"Aya Nagar, Delhi - IMD",2025-06-21 07:15:00+00:00,2025-06-21 07:15:00+00:00,,,,,,0.0,,,,ozone,51.88,"Aya Nagar, Delhi - IMD",7
site_104,Delhi,Delhi,"Burari Crossing, Delhi - IMD",2025-06-21 07:15:00+00:00,2025-06-21 07:15:00+00:00,,,,,,0.0,,,,co,0.71,"Burari Crossing, Delhi - IMD",7
site_301,Delhi,Delhi,"Anand Vihar, Delhi - DPCC",2025-06-21 07:15:00+00:00,2025-06-21 07:15:00+00:00,30.9,74.0,0.4,270.0,,0.0,290.0,743.0,,no2,32.3,"Anand Vihar, Delhi - DPCC",7
site_5024,Delhi,Delhi,"Alipur, Delhi - DPCC",2025-06-21 07:15:00+00:00,2025-06-21 07:15:00+00:00,31.7,71.0,,257.0,0.0,0.0,159.0,982.0,,toluene,0.6,"Alipur, Delhi - DPCC",7
site_5024,Delhi,Delhi,"Alipur, Delhi - DPCC",2025-06-21 07:15:00+00:00,2025-06-21 07:15:00+00:00,31.7,71.0,,257.0,0.0,0.0,159.0,982.0,,so2,9.9,"Alipur, Delhi - DPCC",7
site_5024,Delhi,Delhi,"Alipur, Delhi - DPCC",2025-06-21 07:15:00+00:00,2025-06-21 07:15:00+00:00,31.7,71.0,,257.0,0.0,0.0,159.0,982.0,,pm25,44.0,"Alipur, Delhi - DPCC",7
site_1420,Delhi,Delhi,"Ashok Vihar, Delhi - DPCC",2025-06-21 07:15:00+00:00,2025-06-21 07:15:00+00:00,30.6,77.0,3.2,104.0,0.0,0.0,142.0,982.0,,benzene,0.1,"Ashok Vihar, Delhi - DPCC",7
site_5024,Delhi,Delhi,"Alipur, Delhi - DPCC",2025-06-21 07:15:00+00:00,2025-06-21 07:15:00+00:00,31.7,71.0,,257.0,0.0,0.0,159.0,982.0,,ozone,10.5,"Alipur, Delhi - DPCC",7
site_5024,Delhi,Delhi,"Alipur, Delhi - DPCC",2025-06-21 07:15:00+00:00,2025-06-21 07:15:00+00:00,31.7,71.0,,257.0,0.0,0.0,159.0,982.0,,no2,22.4,"Alipur, Delhi - DPCC",7
site_5024,Delhi,Delhi,"Alipur, Delhi - DPCC",2025-06-21 07:15:00+00:00,2025-06-21 07:15:00+00:00,31.7,71.0,,257.0,0.0,0.0,159.0,982.0,,no,3.8,"Alipur, Delhi - DPCC",7
site_5024,Delhi,Delhi,"Alipur, Delhi - DPCC",2025-06-21 07:15:00+00:00,2025-06-21 07:15:00+00:00,31.7,71.0,,257.0,0.0,0.0,159.0,982.0,,nh3,56.0,"Alipur, Delhi - DPCC",7
site_5024,Delhi,Delhi,"Alipur, Delhi - DPCC",2025-06-21 07:15:00+00:00,2025-06-21 07:15:00+00:00,31.7,71.0,,257.0,0.0,0.0,159.0,982.0,,co,0.78,"Alipur, Delhi - DPCC",7
site_5024,Delhi,Delhi,"Alipur, Delhi - DPCC",2025-06-21 07:15:00+00:00,2025-06-21 07:15:00+00:00,31.7,71.0,,257.0,0.0,0.0,159.0,982.0,,pm10,84.0,"Alipur, Delhi - DPCC",7
site_104,Delhi,Delhi,"Burari Crossing, Delhi - IMD",2025-06-21 07:15:00+00:00,2025-06-21 07:15:00+00:00,,,,,,0.0,,,,no,10.42,"Burari Crossing, Delhi - IMD",7
site_301,Delhi,Delhi,"Anand Vihar, Delhi - DPCC",2025-06-21 07:15:00+00:00,2025-06-21 07:15:00+00:00,30.9,74.0,0.4,270.0,,0.0,290.0,743.0,,toluene,8.1,"Anand Vihar, Delhi - DPCC",7
site_5024,Delhi,Delhi,"Alipur, Delhi - DPCC",2025-06-21 07:15:00+00:00,2025-06-21 07:15:00+00:00,31.7,71.0,,257.0,0.0,0.0,159.0,982.0,,benzene,0.3,"Alipur, Delhi - DPCC",7
site_108,Delhi,Delhi,"Aya Nagar, Delhi - IMD",2025-06-21 07:15:00+00:00,2025-06-21 07:15:00+00:00,,,,,,0.0,,,,pm25,18.68,"Aya Nagar, Delhi - IMD",7
site_108,Delhi,Delhi,"Aya Nagar, Delhi - IMD",2025-06-21 07:15:00+00:00,2025-06-21 07:15:00+00:00,,,,,,0.0,,,,pm10,60.3,"Aya Nagar, Delhi - IMD",7
site_301,Delhi,Delhi,"Anand Vihar, Delhi - DPCC",2025-06-21 07:15:00+00:00,2025-06-21 07:15:00+00:00,30.9,74.0,0.4,270.0,,0.0,290.0,743.0,,no,14.8,"Anand Vihar, Delhi - DPCC",7
site_104,Delhi,Delhi,"Burari Crossing, Delhi - IMD",2025-06-21 07:15:00+00:00,2025-06-21 07:15:00+00:00,,,,,,0.0,,,,pm10,38.77,"Burari Crossing, Delhi - IMD",7
site_104,Delhi,Delhi,"Burari Crossing, Delhi - IMD",2025-06-21 07:15:00+00:00,2025-06-21 07:15:00+00:00,,,,,,0.0,,,,no2,28.03,"Burari Crossing, Delhi - IMD",7
site_104,Delhi,Delhi,"Burari Crossing, Delhi - IMD",2025-06-21 07:15:00+00:00,2025-06-21 07:15:00+00:00,,,,,,0.0,,,,ozone,22.94,"Burari Crossing, Delhi - IMD",7
site_104,Delhi,Delhi,"Burari Crossing, Delhi - IMD",2025-06-21 07:15:00+00:00,2025-06-21 07:15:00+00:00,,,,,,0.0,,,,pm25,33.27,"Burari Crossing, Delhi - IMD",7
site_301,Delhi,Delhi,"Anand Vihar, Delhi - DPCC",2025-06-21 07:30:00+00:00,2025-06-21 07:30:00+00:00,31.2,72.0,0.8,263.0,,0.0,296.0,743.0,,benzene,0.8,"Anand Vihar, Delhi - DPCC",7
site_301,Delhi,Delhi,"Anand Vihar, Delhi - DPCC",2025-06-21 07:30:00+00:00,2025-06-21 07:30:00+00:00,31.2,72.0,0.8,263.0,,0.0,296.0,743.0,,toluene,7.5,"Anand Vihar, Delhi - DPCC",7
site_301,Delhi,Delhi,"Anand Vihar, Delhi - DPCC",2025-06-21 07:30:00+00:00,2025-06-21 07:30:00+00:00,31.2,72.0,0.8,263.0,,0.0,296.0,743.0,,so2,53.4,"Anand Vihar, Delhi - DPCC",7
site_301,Delhi,Delhi,"Anand Vihar, Delhi - DPCC",2025-06-21 07:30:00+00:00,2025-06-21 07:30:00+00:00,31.2,72.0,0.8,263.0,,0.0,296.0,743.0,,pm25,33.0,"Anand Vihar, Delhi - DPCC",7
site_301,Delhi,Delhi,"Anand Vihar, Delhi - DPCC",2025-06-21 07:30:00+00:00,2025-06-21 07:30:00+00:00,31.2,72.0,0.8,263.0,,0.0,296.0,743.0,,pm10,69.0,"Anand Vihar, Delhi - DPCC",7
site_301,Delhi,Delhi,"Anand Vihar, Delhi - DPCC",2025-06-21 07:30:00+00:00,2025-06-21 07:30:00+00:00,31.2,72.0,0.8,263.0,,0.0,296.0,743.0,,ozone,8.0,"Anand Vihar, Delhi - DPCC",7
site_108,Delhi,Delhi,"Aya Nagar, Delhi - IMD",2025-06-21 07:30:00+00:00,2025-06-21 07:30:00+00:00,,,,,,0.0,,,,no,5.35,"Aya Nagar, Delhi - IMD",7
site_108,Delhi,Delhi,"Aya Nagar, Delhi - IMD",2025-06-21 07:30:00+00:00,2025-06-21 07:30:00+00:00,,,,,,0.0,,,,pm25,5.99,"Aya Nagar, Delhi - IMD",7
site_108,Delhi,Delhi,"Aya Nagar, Delhi - IMD",2025-06-21 07:30:00+00:00,2025-06-21 07:30:00+00:00,,,,,,0.0,,,,pm10,44.19,"Aya Nagar, Delhi - IMD",7
site_108,Delhi,Delhi,"Aya Nagar, Delhi - IMD",2025-06-21 07:30:00+00:00,2025-06-21 07:30:00+00:00,,,,,,0.0,,,,no2,7.81,"Aya Nagar, Delhi - IMD",7
site_301,Delhi,Delhi,"Anand Vihar, Delhi - DPCC",2025-06-21 07:30:00+00:00,2025-06-21 07:30:00+00:00,31.2,72.0,0.8,263.0,,0.0,296.0,743.0,,co,1.24,"Anand Vihar, Delhi - DPCC",7
site_301,Delhi,Delhi,"Anand Vihar, Delhi - DPCC",2025-06-21 07:30:00+00:00,2025-06-21 07:30:00+00:00,31.2,72.0,0.8,263.0,,0.0,296.0,743.0,,nh3,49.0,"Anand Vihar, Delhi - DPCC",7
site_301,Delhi,Delhi,"Anand Vihar, Delhi - DPCC",2025-06-21 07:30:00+00:00,2025-06-21 07:30:00+00:00,31.2,72.0,0.8,263.0,,0.0,296.0,743.0,,no,17.0,"Anand Vihar, Delhi - DPCC",7
site_108,Delhi,Delhi,"Aya Nagar, Delhi - IMD",2025-06-21 07:30:00+00:00,2025-06-21 07:30:00+00:00,,,,,,0.0,,,,co,1.0,"Aya Nagar, Delhi - IMD",7
site_301,Delhi,Delhi,"Anand Vihar, Delhi - DPCC",2025-06-21 07:30:00+00:00,2025-06-21 07:30:00+00:00,31.2,72.0,0.8,263.0,,0.0,296.0,743.0,,no2,29.2,"Anand Vihar, Delhi - DPCC",7
site_108,Delhi,Delhi,"Aya Nagar, Delhi - IMD",2025-06-21 07:30:00+00:00,2025-06-21 07:30:00+00:00,,,,,,0.0,,,,ozone,40.63,"Aya Nagar, Delhi - IMD",7
site_1420,Delhi,Delhi,"Ashok Vihar, Delhi - DPCC",2025-06-21 07:30:00+00:00,2025-06-21 07:30:00+00:00,30.9,76.0,2.6,110.0,0.0,0.0,184.0,982.0,,toluene,0.3,"Ashok Vihar, Delhi - DPCC",7
site_1560,Delhi,Delhi,"Bawana, Delhi - DPCC",2025-06-21 07:30:00+00:00,2025-06-21 07:30:00+00:00,32.4,72.0,3.4,141.0,0.0,0.0,162.0,987.0,,co,0.7,"Bawana, Delhi - DPCC",7
site_1420,Delhi,Delhi,"Ashok Vihar, Delhi - DPCC",2025-06-21 07:30:00+00:00,2025-06-21 07:30:00+00:00,30.9,76.0,2.6,110.0,0.0,0.0,184.0,982.0,,so2,5.3,"Ashok Vihar, Delhi - DPCC",7
site_1420,Delhi,Delhi,"Ashok Vihar, Delhi - DPCC",2025-06-21 07:30:00+00:00,2025-06-21 07:30:00+00:00,30.9,76.0,2.6,110.0,0.0,0.0,184.0,982.0,,pm25,56.0,"Ashok Vihar, Delhi - DPCC",7
site_1420,Delhi,Delhi,"Ashok Vihar, Delhi - DPCC",2025-06-21 07:30:00+00:00,2025-06-21 07:30:00+00:00,30.9,76.0,2.6,110.0,0.0,0.0,184.0,982.0,,pm10,73.0,"Ashok Vihar, Delhi - DPCC",7
site_1420,Delhi,Delhi,"Ashok Vihar, Delhi - DPCC",2025-06-21 07:30:00+00:00,2025-06-21 07:30:00+00:00,30.9,76.0,2.6,110.0,0.0,0.0,184.0,982.0,,ozone,22.0,"Ashok Vihar, Delhi - DPCC",7
site_1420,Delhi,Delhi,"Ashok Vihar, Delhi - DPCC",2025-06-21 07:30:00+00:00,2025-06-21 07:30:00+00:00,30.9,76.0,2.6,110.0,0.0,0.0,184.0,982.0,,no2,16.0,"Ashok Vihar, Delhi - DPCC",7
site_1420,Delhi,Delhi,"Ashok Vihar, Delhi - DPCC",2025-06-21 07:30:00+00:00,2025-06-21 07:30:00+00:00,30.9,76.0,2.6,110.0,0.0,0.0,184.0,982.0,,no,6.8,"Ashok Vihar, Delhi - DPCC",7
site_1420,Delhi,Delhi,"Ashok Vihar, Delhi - DPCC",2025-06-21 07:30:00+00:00,2025-06-21 07:30:00+00:00,30.9,76.0,2.6,110.0,0.0,0.0,184.0,982.0,,nh3,37.8,"Ashok Vihar, Delhi - DPCC",7
site_104,Delhi,Delhi,"Burari Crossing, Delhi - IMD",2025-06-21 07:30:00+00:00,2025-06-21 07:30:00+00:00,,,,,,0.0,,,,pm10,43.73,"Burari Crossing, Delhi - IMD",7
site_104,Delhi,Delhi,"Burari Crossing, Delhi - IMD",2025-06-21 07:30:00+00:00,2025-06-21 07:30:00+00:00,,,,,,0.0,,,,ozone,22.45,"Burari Crossing, Delhi - IMD",7
site_104,Delhi,Delhi,"Burari Crossing, Delhi - IMD",2025-06-21 07:30:00+00:00,2025-06-21 07:30:00+00:00,,,,,,0.0,,,,no2,27.98,"Burari Crossing, Delhi - IMD",7
site_104,Delhi,Delhi,"Burari Crossing, Delhi - IMD",2025-06-21 07:30:00+00:00,2025-06-21 07:30:00+00:00,,,,,,0.0,,,,no,10.74,"Burari Crossing, Delhi - IMD",7
site_5024,Delhi,Delhi,"Alipur, Delhi - DPCC",2025-06-21 07:30:00+00:00,2025-06-21 07:30:00+00:00,32.4,68.0,,263.0,0.0,0.0,194.0,982.0,,pm25,44.0,"Alipur, Delhi - DPCC",7
site_104,Delhi,Delhi,"Burari Crossing, Delhi - IMD",2025-06-21 07:30:00+00:00,2025-06-21 07:30:00+00:00,,,,,,0.0,,,,co,0.75,"Burari Crossing, Delhi - IMD",7
site_5024,Delhi,Delhi,"Alipur, Delhi - DPCC",2025-06-21 07:30:00+00:00,2025-06-21 07:30:00+00:00,32.4,68.0,,263.0,0.0,0.0,194.0,982.0,,so2,9.3,"Alipur, Delhi - DPCC",7
site_5024,Delhi,Delhi,"Alipur, Delhi - DPCC",2025-06-21 07:30:00+00:00,2025-06-21 07:30:00+00:00,32.4,68.0,,263.0,0.0,0.0,194.0,982.0,,toluene,0.6,"Alipur, Delhi - DPCC",7
site_104,Delhi,Delhi,"Burari Crossing, Delhi - IMD",2025-06-21 07:30:00+00:00,2025-06-21 07:30:00+00:00,,,,,,0.0,,,,pm25,27.81,"Burari Crossing, Delhi - IMD",7
site_1560,Delhi,Delhi,"Bawana, Delhi - DPCC",2025-06-21 07:30:00+00:00,2025-06-21 07:30:00+00:00,32.4,72.0,3.4,141.0,0.0,0.0,162.0,987.0,,benzene,0.9,"Bawana, Delhi - DPCC",7
site_5024,Delhi,Delhi,"Alipur, Delhi - DPCC",2025-06-21 07:30:00+00:00,2025-06-21 07:30:00+00:00,32.4,68.0,,263.0,0.0,0.0,194.0,982.0,,pm10,84.0,"Alipur, Delhi - DPCC",7
site_1560,Delhi,Delhi,"Bawana, Delhi - DPCC",2025-06-21 07:30:00+00:00,2025-06-21 07:30:00+00:00,32.4,72.0,3.4,141.0,0.0,0.0,162.0,987.0,,toluene,2.8,"Bawana, Delhi - DPCC",7
site_1560,Delhi,Delhi,"Bawana, Delhi - DPCC",2025-06-21 07:30:00+00:00,2025-06-21 07:30:00+00:00,32.4,72.0,3.4,141.0,0.0,0.0,162.0,987.0,,no2,10.0,"Bawana, Delhi - DPCC",7
site_1560,Delhi,Delhi,"Bawana, Delhi - DPCC",2025-06-21 07:30:00+00:00,2025-06-21 07:30:00+00:00,32.4,72.0,3.4,141.0,0.0,0.0,162.0,987.0,,ozone,8.6,"Bawana, Delhi - DPCC",7
site_1560,Delhi,Delhi,"Bawana, Delhi - DPCC",2025-06-21 07:30:00+00:00,2025-06-21 07:30:00+00:00,32.4,72.0,3.4,141.0,0.0,0.0,162.0,987.0,,pm10,67.0,"Bawana, Delhi - DPCC",7
site_1560,Delhi,Delhi,"Bawana, Delhi - DPCC",2025-06-21 07:30:00+00:00,2025-06-21 07:30:00+00:00,32.4,72.0,3.4,141.0,0.0,0.0,162.0,987.0,,pm25,59.0,"Bawana, Delhi - DPCC",7
site_1560,Delhi,Delhi,"Bawana, Delhi - DPCC",2025-06-21 07:30:00+00:00,2025-06-21 07:30:00+00:00,32.4,72.0,3.4,141.0,0.0,0.0,162.0,987.0,,so2,4.5,"Bawana, Delhi - DPCC",7
site_5024,Delhi,Delhi,"Alipur, Delhi - DPCC",2025-06-21 07:30:00+00:00,2025-06-21 07:30:00+00:00,32.4,68.0,,263.0,0.0,0.0,194.0,982.0,,ozone,13.2,"Alipur, Delhi - DPCC",7
site_1560,Delhi,Delhi,"Bawana, Delhi - DPCC",2025-06-21 07:30:00+00:00,2025-06-21 07:30:00+00:00,32.4,72.0,3.4,141.0,0.0,0.0,162.0,987.0,,no,6.6,"Bawana, Delhi - DPCC",7
site_1560,Delhi,Delhi,"Bawana, Delhi - DPCC",2025-06-21 07:30:00+00:00,2025-06-21 07:30:00+00:00,32.4,72.0,3.4,141.0,0.0,0.0,162.0,987.0,,nh3,26.7,"Bawana, Delhi - DPCC",7
site_1420,Delhi,Delhi,"Ashok Vihar, Delhi - DPCC",2025-06-21 07:30:00+00:00,2025-06-21 07:30:00+00:00,30.9,76.0,2.6,110.0,0.0,0.0,184.0,982.0,,benzene,0.1,"Ashok Vihar, Delhi - DPCC",7
site_5024,Delhi,Delhi,"Alipur, Delhi - DPCC",2025-06-21 07:30:00+00:00,2025-06-21 07:30:00+00:00,32.4,68.0,,263.0,0.0,0.0,194.0,982.0,,benzene,0.2,"Alipur, Delhi - DPCC",7
site_5024,Delhi,Delhi,"Alipur, Delhi - DPCC",2025-06-21 07:30:00+00:00,2025-06-21 07:30:00+00:00,32.4,68.0,,263.0,0.0,0.0,194.0,982.0,,co,0.68,"Alipur, Delhi - DPCC",7
site_5024,Delhi,Delhi,"Alipur, Delhi - DPCC",2025-06-21 07:30:00+00:00,2025-06-21 07:30:00+00:00,32.4,68.0,,263.0,0.0,0.0,194.0,982.0,,nh3,55.4,"Alipur, Delhi - DPCC",7
site_5024,Delhi,Delhi,"Alipur, Delhi - DPCC",2025-06-21 07:30:00+00:00,2025-06-21 07:30:00+00:00,32.4,68.0,,263.0,0.0,0.0,194.0,982.0,,no,4.0,"Alipur, Delhi - DPCC",7
site_5024,Delhi,Delhi,"Alipur, Delhi - DPCC",2025-06-21 07:30:00+00:00,2025-06-21 07:30:00+00:00,32.4,68.0,,263.0,0.0,0.0,194.0,982.0,,no2,22.0,"Alipur, Delhi - DPCC",7
site_1420,Delhi,Delhi,"Ashok Vihar, Delhi - DPCC",2025-06-21 07:30:00+00:00,2025-06-21 07:30:00+00:00,30.9,76.0,2.6,110.0,0.0,0.0,184.0,982.0,,co,0.79,"Ashok Vihar, Delhi - DPCC",7
site_5024,Delhi,Delhi,"Alipur, Delhi - DPCC",2025-06-21 07:45:00+00:00,2025-06-21 07:45:00+00:00,32.9,65.0,,290.0,0.0,0.0,244.0,983.0,,co,0.7,"Alipur, Delhi - DPCC",7
site_5024,Delhi,Delhi,"Alipur, Delhi - DPCC",2025-06-21 07:45:00+00:00,2025-06-21 07:45:00+00:00,32.9,65.0,,290.0,0.0,0.0,244.0,983.0,,nh3,54.6,"Alipur, Delhi - DPCC",7
site_1420,Delhi,Delhi,"Ashok Vihar, Delhi - DPCC",2025-06-21 07:45:00+00:00,2025-06-21 07:45:00+00:00,31.1,75.0,3.9,86.0,0.0,0.0,225.0,982.0,,toluene,0.3,"Ashok Vihar, Delhi - DPCC",7
site_5024,Delhi,Delhi,"Alipur, Delhi - DPCC",2025-06-21 07:45:00+00:00,2025-06-21 07:45:00+00:00,32.9,65.0,,290.0,0.0,0.0,244.0,983.0,,no,4.3,"Alipur, Delhi - DPCC",7
site_301,Delhi,Delhi,"Anand Vihar, Delhi - DPCC",2025-06-21 07:45:00+00:00,2025-06-21 07:45:00+00:00,31.4,71.0,1.2,292.0,,0.0,303.0,743.0,,no2,25.2,"Anand Vihar, Delhi - DPCC",7
site_5024,Delhi,Delhi,"Alipur, Delhi - DPCC",2025-06-21 07:45:00+00:00,2025-06-21 07:45:00+00:00,32.9,65.0,,290.0,0.0,0.0,244.0,983.0,,ozone,16.5,"Alipur, Delhi - DPCC",7
site_108,Delhi,Delhi,"Aya Nagar, Delhi - IMD",2025-06-21 07:45:00+00:00,2025-06-21 07:45:00+00:00,,,,,,0.0,,,,pm25,9.2,"Aya Nagar, Delhi - IMD",7
site_108,Delhi,Delhi,"Aya Nagar, Delhi - IMD",2025-06-21 07:45:00+00:00,2025-06-21 07:45:00+00:00,,,,,,0.0,,,,pm10,37.91,"Aya Nagar, Delhi - IMD",7
site_108,Delhi,Delhi,"Aya Nagar, Delhi - IMD",2025-06-21 07:45:00+00:00,2025-06-21 07:45:00+00:00,,,,,,0.0,,,,ozone,37.18,"Aya Nagar, Delhi - IMD",7
site_108,Delhi,Delhi,"Aya Nagar, Delhi - IMD",2025-06-21 07:45:00+00:00,2025-06-21 07:45:00+00:00,,,,,,0.0,,,,no2,7.57,"Aya Nagar, Delhi - IMD",7
site_108,Delhi,Delhi,"Aya Nagar, Delhi - IMD",2025-06-21 07:45:00+00:00,2025-06-21 07:45:00+00:00,,,,,,0.0,,,,no,5.29,"Aya Nagar, Delhi - IMD",7
site_108,Delhi,Delhi,"Aya Nagar, Delhi - IMD",2025-06-21 07:45:00+00:00,2025-06-21 07:45:00+00:00,,,,,,0.0,,,,co,0.97,"Aya Nagar, Delhi - IMD",7
site_5024,Delhi,Delhi,"Alipur, Delhi - DPCC",2025-06-21 07:45:00+00:00,2025-06-21 07:45:00+00:00,32.9,65.0,,290.0,0.0,0.0,244.0,983.0,,toluene,0.5,"Alipur, Delhi - DPCC",7
site_5024,Delhi,Delhi,"Alipur, Delhi - DPCC",2025-06-21 07:45:00+00:00,2025-06-21 07:45:00+00:00,32.9,65.0,,290.0,0.0,0.0,244.0,983.0,,so2,10.5,"Alipur, Delhi - DPCC",7
site_5024,Delhi,Delhi,"Alipur, Delhi - DPCC",2025-06-21 07:45:00+00:00,2025-06-21 07:45:00+00:00,32.9,65.0,,290.0,0.0,0.0,244.0,983.0,,pm25,44.0,"Alipur, Delhi - DPCC",7
site_5024,Delhi,Delhi,"Alipur, Delhi - DPCC",2025-06-21 07:45:00+00:00,2025-06-21 07:45:00+00:00,32.9,65.0,,290.0,0.0,0.0,244.0,983.0,,no2,21.2,"Alipur, Delhi - DPCC",7
site_301,Delhi,Delhi,"Anand Vihar, Delhi - DPCC",2025-06-21 07:45:00+00:00,2025-06-21 07:45:00+00:00,31.4,71.0,1.2,292.0,,0.0,303.0,743.0,,toluene,10.2,"Anand Vihar, Delhi - DPCC",7
site_301,Delhi,Delhi,"Anand Vihar, Delhi - DPCC",2025-06-21 07:45:00+00:00,2025-06-21 07:45:00+00:00,31.4,71.0,1.2,292.0,,0.0,303.0,743.0,,pm25,33.0,"Anand Vihar, Delhi - DPCC",7
site_301,Delhi,Delhi,"Anand Vihar, Delhi - DPCC",2025-06-21 07:45:00+00:00,2025-06-21 07:45:00+00:00,31.4,71.0,1.2,292.0,,0.0,303.0,743.0,,pm10,69.0,"Anand Vihar, Delhi - DPCC",7
site_301,Delhi,Delhi,"Anand Vihar, Delhi - DPCC",2025-06-21 07:45:00+00:00,2025-06-21 07:45:00+00:00,31.4,71.0,1.2,292.0,,0.0,303.0,743.0,,ozone,5.2,"Anand Vihar, Delhi - DPCC",7
site_1420,Delhi,Delhi,"Ashok Vihar, Delhi - DPCC",2025-06-21 07:45:00+00:00,2025-06-21 07:45:00+00:00,31.1,75.0,3.9,86.0,0.0,0.0,225.0,982.0,,so2,4.8,"Ashok Vihar, Delhi - DPCC",7
site_301,Delhi,Delhi,"Anand Vihar, Delhi - DPCC",2025-06-21 07:45:00+00:00,2025-06-21 07:45:00+00:00,31.4,71.0,1.2,292.0,,0.0,303.0,743.0,,no,16.9,"Anand Vihar, Delhi - DPCC",7
site_301,Delhi,Delhi,"Anand Vihar, Delhi - DPCC",2025-06-21 07:45:00+00:00,2025-06-21 07:45:00+00:00,31.4,71.0,1.2,292.0,,0.0,303.0,743.0,,nh3,54.5,"Anand Vihar, Delhi - DPCC",7
site_301,Delhi,Delhi,"Anand Vihar, Delhi - DPCC",2025-06-21 07:45:00+00:00,2025-06-21 07:45:00+00:00,31.4,71.0,1.2,292.0,,0.0,303.0,743.0,,co,1.2,"Anand Vihar, Delhi - DPCC",7
site_301,Delhi,Delhi,"Anand Vihar, Delhi - DPCC",2025-06-21 07:45:00+00:00,2025-06-21 07:45:00+00:00,31.4,71.0,1.2,292.0,,0.0,303.0,743.0,,benzene,0.7,"Anand Vihar, Delhi - DPCC",7
site_5024,Delhi,Delhi,"Alipur, Delhi - DPCC",2025-06-21 07:45:00+00:00,2025-06-21 07:45:00+00:00,32.9,65.0,,290.0,0.0,0.0,244.0,983.0,,pm10,84.0,"Alipur, Delhi - DPCC",7
site_301,Delhi,Delhi,"Anand Vihar, Delhi - DPCC",2025-06-21 07:45:00+00:00,2025-06-21 07:45:00+00:00,31.4,71.0,1.2,292.0,,0.0,303.0,743.0,,so2,55.6,"Anand Vihar, Delhi - DPCC",7
site_1420,Delhi,Delhi,"Ashok Vihar, Delhi - DPCC",2025-06-21 07:45:00+00:00,2025-06-21 07:45:00+00:00,31.1,75.0,3.9,86.0,0.0,0.0,225.0,982.0,,pm25,56.0,"Ashok Vihar, Delhi - DPCC",7
site_5024,Delhi,Delhi,"Alipur, Delhi - DPCC",2025-06-21 07:45:00+00:00,2025-06-21 07:45:00+00:00,32.9,65.0,,290.0,0.0,0.0,244.0,983.0,,benzene,0.2,"Alipur, Delhi - DPCC",7
site_1420,Delhi,Delhi,"Ashok Vihar, Delhi - DPCC",2025-06-21 07:45:00+00:00,2025-06-21 07:45:00+00:00,31.1,75.0,3.9,86.0,0.0,0.0,225.0,982.0,,ozone,21.9,"Ashok Vihar, Delhi - DPCC",7
site_1420,Delhi,Delhi,"Ashok Vihar, Delhi - DPCC",2025-06-21 07:45:00+00:00,2025-06-21 07:45:00+00:00,31.1,75.0,3.9,86.0,0.0,0.0,225.0,982.0,,pm10,73.0,"Ashok Vihar, Delhi - DPCC",7
site_1560,Delhi,Delhi,"Bawana, Delhi - DPCC",2025-06-21 07:45:00+00:00,2025-06-21 07:45:00+00:00,32.7,71.0,3.6,160.0,0.0,0.0,203.0,986.0,,benzene,0.8,"Bawana, Delhi - DPCC",7
site_1560,Delhi,Delhi,"Bawana, Delhi - DPCC",2025-06-21 07:45:00+00:00,2025-06-21 07:45:00+00:00,32.7,71.0,3.6,160.0,0.0,0.0,203.0,986.0,,co,0.66,"Bawana, Delhi - DPCC",7
site_1560,Delhi,Delhi,"Bawana, Delhi - DPCC",2025-06-21 07:45:00+00:00,2025-06-21 07:45:00+00:00,32.7,71.0,3.6,160.0,0.0,0.0,203.0,986.0,,nh3,26.3,"Bawana, Delhi - DPCC",7
site_1560,Delhi,Delhi,"Bawana, Delhi - DPCC",2025-06-21 07:45:00+00:00,2025-06-21 07:45:00+00:00,32.7,71.0,3.6,160.0,0.0,0.0,203.0,986.0,,no,6.3,"Bawana, Delhi - DPCC",7
site_1560,Delhi,Delhi,"Bawana, Delhi - DPCC",2025-06-21 07:45:00+00:00,2025-06-21 07:45:00+00:00,32.7,71.0,3.6,160.0,0.0,0.0,203.0,986.0,,no2,10.4,"Bawana, Delhi - DPCC",7
site_1560,Delhi,Delhi,"Bawana, Delhi - DPCC",2025-06-21 07:45:00+00:00,2025-06-21 07:45:00+00:00,32.7,71.0,3.6,160.0,0.0,0.0,203.0,986.0,,ozone,8.2,"Bawana, Delhi - DPCC",7
site_1560,Delhi,Delhi,"Bawana, Delhi - DPCC",2025-06-21 07:45:00+00:00,2025-06-21 07:45:00+00:00,32.7,71.0,3.6,160.0,0.0,0.0,203.0,986.0,,toluene,2.5,"Bawana, Delhi - DPCC",7
site_1560,Delhi,Delhi,"Bawana, Delhi - DPCC",2025-06-21 07:45:00+00:00,2025-06-21 07:45:00+00:00,32.7,71.0,3.6,160.0,0.0,0.0,203.0,986.0,,pm25,59.0,"Bawana, Delhi - DPCC",7
site_1560,Delhi,Delhi,"Bawana, Delhi - DPCC",2025-06-21 07:45:00+00:00,2025-06-21 07:45:00+00:00,32.7,71.0,3.6,160.0,0.0,0.0,203.0,986.0,,pm10,67.0,"Bawana, Delhi - DPCC",7
site_1420,Delhi,Delhi,"Ashok Vihar, Delhi - DPCC",2025-06-21 07:45:00+00:00,2025-06-21 07:45:00+00:00,31.1,75.0,3.9,86.0,0.0,0.0,225.0,982.0,,benzene,0.1,"Ashok Vihar, Delhi - DPCC",7
site_104,Delhi,Delhi,"Burari Crossing, Delhi - IMD",2025-06-21 07:45:00+00:00,2025-06-21 07:45:00+00:00,,,,,,0.0,,,,co,0.73,"Burari Crossing, Delhi - IMD",7
site_1560,Delhi,Delhi,"Bawana, Delhi - DPCC",2025-06-21 07:45:00+00:00,2025-06-21 07:45:00+00:00,32.7,71.0,3.6,160.0,0.0,0.0,203.0,986.0,,so2,4.4,"Bawana, Delhi - DPCC",7
site_104,Delhi,Delhi,"Burari Crossing, Delhi - IMD",2025-06-21 07:45:00+00:00,2025-06-21 07:45:00+00:00,,,,,,0.0,,,,no2,25.82,"Burari Crossing, Delhi - IMD",7
site_1420,Delhi,Delhi,"Ashok Vihar, Delhi - DPCC",2025-06-21 07:45:00+00:00,2025-06-21 07:45:00+00:00,31.1,75.0,3.9,86.0,0.0,0.0,225.0,982.0,,co,0.81,"Ashok Vihar, Delhi - DPCC",7
site_104,Delhi,Delhi,"Burari Crossing, Delhi - IMD",2025-06-21 07:45:00+00:00,2025-06-21 07:45:00+00:00,,,,,,0.0,,,,no,9.83,"Burari Crossing, Delhi - IMD",7
site_104,Delhi,Delhi,"Burari Crossing, Delhi - IMD",2025-06-21 07:45:00+00:00,2025-06-21 07:45:00+00:00,,,,,,0.0,,,,pm25,21.55,"Burari Crossing, Delhi - IMD",7
site_1420,Delhi,Delhi,"Ashok Vihar, Delhi - DPCC",2025-06-21 07:45:00+00:00,2025-06-21 07:45:00+00:00,31.1,75.0,3.9,86.0,0.0,0.0,225.0,982.0,,nh3,35.0,"Ashok Vihar, Delhi - DPCC",7
site_1420,Delhi,Delhi,"Ashok Vihar, Delhi - DPCC",2025-06-21 07:45:00+00:00,2025-06-21 07:45:00+00:00,31.1,75.0,3.9,86.0,0.0,0.0,225.0,982.0,,no2,16.2,"Ashok Vihar, Delhi - DPCC",7
site_1420,Delhi,Delhi,"Ashok Vihar, Delhi - DPCC",2025-06-21 07:45:00+00:00,2025-06-21 07:45:00+00:00,31.1,75.0,3.9,86.0,0.0,0.0,225.0,982.0,,no,5.4,"Ashok Vihar, Delhi - DPCC",7
site_104,Delhi,Delhi,"Burari Crossing, Delhi - IMD",2025-06-21 07:45:00+00:00,2025-06-21 07:45:00+00:00,,,,,,0.0,,,,pm10,41.21,"Burari Crossing, Delhi - IMD",7
site_104,Delhi,Delhi,"Burari Crossing, Delhi - IMD",2025-06-21 07:45:00+00:00,2025-06-21 07:45:00+00:00,,,,,,0.0,,,,ozone,27.77,"Burari Crossing, Delhi - IMD",7
site_104,Delhi,Delhi,"Burari Crossing, Delhi - IMD",2025-06-21 08:00:00+00:00,2025-06-21 08:00:00+00:00,,,,,,0.0,,,,pm25,21.34,"Burari Crossing, Delhi - IMD",8
site_5024,Delhi,Delhi,"Alipur, Delhi - DPCC",2025-06-21 08:00:00+00:00,2025-06-21 08:00:00+00:00,33.2,63.0,,261.0,0.0,0.0,296.0,983.0,,ozone,21.3,"Alipur, Delhi - DPCC",8
site_1420,Delhi,Delhi,"Ashok Vihar, Delhi - DPCC",2025-06-21 08:00:00+00:00,2025-06-21 08:00:00+00:00,31.4,74.0,2.8,119.0,0.0,0.0,266.0,982.0,,pm25,51.0,"Ashok Vihar, Delhi - DPCC",8
site_5024,Delhi,Delhi,"Alipur, Delhi - DPCC",2025-06-21 08:00:00+00:00,2025-06-21 08:00:00+00:00,33.2,63.0,,261.0,0.0,0.0,296.0,983.0,,no2,20.3,"Alipur, Delhi - DPCC",8
site_1420,Delhi,Delhi,"Ashok Vihar, Delhi - DPCC",2025-06-21 08:00:00+00:00,2025-06-21 08:00:00+00:00,31.4,74.0,2.8,119.0,0.0,0.0,266.0,982.0,,pm10,72.0,"Ashok Vihar, Delhi - DPCC",8
site_1420,Delhi,Delhi,"Ashok Vihar, Delhi - DPCC",2025-06-21 08:00:00+00:00,2025-06-21 08:00:00+00:00,31.4,74.0,2.8,119.0,0.0,0.0,266.0,982.0,,ozone,16.5,"Ashok Vihar, Delhi - DPCC",8
site_1420,Delhi,Delhi,"Ashok Vihar, Delhi - DPCC",2025-06-21 08:00:00+00:00,2025-06-21 08:00:00+00:00,31.4,74.0,2.8,119.0,0.0,0.0,266.0,982.0,,toluene,0.3,"Ashok Vihar, Delhi - DPCC",8
site_108,Delhi,Delhi,"Aya Nagar, Delhi - IMD",2025-06-21 08:00:00+00:00,2025-06-21 08:00:00+00:00,,,,,,0.0,,,,co,0.99,"Aya Nagar, Delhi - IMD",8
site_104,Delhi,Delhi,"Burari Crossing, Delhi - IMD",2025-06-21 08:00:00+00:00,2025-06-21 08:00:00+00:00,,,,,,0.0,,,,ozone,31.75,"Burari Crossing, Delhi - IMD",8
site_5024,Delhi,Delhi,"Alipur, Delhi - DPCC",2025-06-21 08:00:00+00:00,2025-06-21 08:00:00+00:00,33.2,63.0,,261.0,0.0,0.0,296.0,983.0,,toluene,0.5,"Alipur, Delhi - DPCC",8
site_5024,Delhi,Delhi,"Alipur, Delhi - DPCC",2025-06-21 08:00:00+00:00,2025-06-21 08:00:00+00:00,33.2,63.0,,261.0,0.0,0.0,296.0,983.0,,so2,10.9,"Alipur, Delhi - DPCC",8
site_5024,Delhi,Delhi,"Alipur, Delhi - DPCC",2025-06-21 08:00:00+00:00,2025-06-21 08:00:00+00:00,33.2,63.0,,261.0,0.0,0.0,296.0,983.0,,pm25,42.0,"Alipur, Delhi - DPCC",8
site_5024,Delhi,Delhi,"Alipur, Delhi - DPCC",2025-06-21 08:00:00+00:00,2025-06-21 08:00:00+00:00,33.2,63.0,,261.0,0.0,0.0,296.0,983.0,,pm10,88.0,"Alipur, Delhi - DPCC",8
site_1420,Delhi,Delhi,"Ashok Vihar, Delhi - DPCC",2025-06-21 08:00:00+00:00,2025-06-21 08:00:00+00:00,31.4,74.0,2.8,119.0,0.0,0.0,266.0,982.0,,no2,17.5,"Ashok Vihar, Delhi - DPCC",8
site_5024,Delhi,Delhi,"Alipur, Delhi - DPCC",2025-06-21 08:00:00+00:00,2025-06-21 08:00:00+00:00,33.2,63.0,,261.0,0.0,0.0,296.0,983.0,,benzene,0.2,"Alipur, Delhi - DPCC",8
site_5024,Delhi,Delhi,"Alipur, Delhi - DPCC",2025-06-21 08:00:00+00:00,2025-06-21 08:00:00+00:00,33.2,63.0,,261.0,0.0,0.0,296.0,983.0,,nh3,54.2,"Alipur, Delhi - DPCC",8
site_5024,Delhi,Delhi,"Alipur, Delhi - DPCC",2025-06-21 08:00:00+00:00,2025-06-21 08:00:00+00:00,33.2,63.0,,261.0,0.0,0.0,296.0,983.0,,no,4.2,"Alipur, Delhi - DPCC",8
site_104,Delhi,Delhi,"Burari Crossing, Delhi - IMD",2025-06-21 08:00:00+00:00,2025-06-21 08:00:00+00:00,,,,,,0.0,,,,pm10,40.12,"Burari Crossing, Delhi - IMD",8
site_301,Delhi,Delhi,"Anand Vihar, Delhi - DPCC",2025-06-21 08:00:00+00:00,2025-06-21 08:00:00+00:00,31.6,70.0,1.2,264.0,,0.0,302.0,742.0,,toluene,9.6,"Anand Vihar, Delhi - DPCC",8
site_301,Delhi,Delhi,"Anand Vihar, Delhi - DPCC",2025-06-21 08:00:00+00:00,2025-06-21 08:00:00+00:00,31.6,70.0,1.2,264.0,,0.0,302.0,742.0,,no,10.9,"Anand Vihar, Delhi - DPCC",8
site_301,Delhi,Delhi,"Anand Vihar, Delhi - DPCC",2025-06-21 08:00:00+00:00,2025-06-21 08:00:00+00:00,31.6,70.0,1.2,264.0,,0.0,302.0,742.0,,pm25,33.0,"Anand Vihar, Delhi - DPCC",8
site_1420,Delhi,Delhi,"Ashok Vihar, Delhi - DPCC",2025-06-21 08:00:00+00:00,2025-06-21 08:00:00+00:00,31.4,74.0,2.8,119.0,0.0,0.0,266.0,982.0,,benzene,0.1,"Ashok Vihar, Delhi - DPCC",8
site_1420,Delhi,Delhi,"Ashok Vihar, Delhi - DPCC",2025-06-21 08:00:00+00:00,2025-06-21 08:00:00+00:00,31.4,74.0,2.8,119.0,0.0,0.0,266.0,982.0,,nh3,33.3,"Ashok Vihar, Delhi - DPCC",8
site_1420,Delhi,Delhi,"Ashok Vihar, Delhi - DPCC",2025-06-21 08:00:00+00:00,2025-06-21 08:00:00+00:00,31.4,74.0,2.8,119.0,0.0,0.0,266.0,982.0,,no,8.0,"Ashok Vihar, Delhi - DPCC",8
site_104,Delhi,Delhi,"Burari Crossing, Delhi - IMD",2025-06-21 08:00:00+00:00,2025-06-21 08:00:00+00:00,,,,,,0.0,,,,co,0.72,"Burari Crossing, Delhi - IMD",8
site_104,Delhi,Delhi,"Burari Crossing, Delhi - IMD",2025-06-21 08:00:00+00:00,2025-06-21 08:00:00+00:00,,,,,,0.0,,,,no,9.58,"Burari Crossing, Delhi - IMD",8
site_104,Delhi,Delhi,"Burari Crossing, Delhi - IMD",2025-06-21 08:00:00+00:00,2025-06-21 08:00:00+00:00,,,,,,0.0,,,,no2,25.28,"Burari Crossing, Delhi - IMD",8
site_108,Delhi,Delhi,"Aya Nagar, Delhi - IMD",2025-06-21 08:00:00+00:00,2025-06-21 08:00:00+00:00,,,,,,0.0,,,,pm25,10.63,"Aya Nagar, Delhi - IMD",8
site_108,Delhi,Delhi,"Aya Nagar, Delhi - IMD",2025-06-21 08:00:00+00:00,2025-06-21 08:00:00+00:00,,,,,,0.0,,,,pm10,40.12,"Aya Nagar, Delhi - IMD",8
site_108,Delhi,Delhi,"Aya Nagar, Delhi - IMD",2025-06-21 08:00:00+00:00,2025-06-21 08:00:00+00:00,,,,,,0.0,,,,ozone,42.21,"Aya Nagar, Delhi - IMD",8
site_108,Delhi,Delhi,"Aya Nagar, Delhi - IMD",2025-06-21 08:00:00+00:00,2025-06-21 08:00:00+00:00,,,,,,0.0,,,,no2,8.24,"Aya Nagar, Delhi - IMD",8
site_108,Delhi,Delhi,"Aya Nagar, Delhi - IMD",2025-06-21 08:00:00+00:00,2025-06-21 08:00:00+00:00,,,,,,0.0,,,,no,6.64,"Aya Nagar, Delhi - IMD",8
site_1560,Delhi,Delhi,"Bawana, Delhi - DPCC",2025-06-21 08:00:00+00:00,2025-06-21 08:00:00+00:00,33.0,69.0,3.5,141.0,0.0,0.0,236.0,985.0,,toluene,2.1,"Bawana, Delhi - DPCC",8
site_1560,Delhi,Delhi,"Bawana, Delhi - DPCC",2025-06-21 08:00:00+00:00,2025-06-21 08:00:00+00:00,33.0,69.0,3.5,141.0,0.0,0.0,236.0,985.0,,so2,4.1,"Bawana, Delhi - DPCC",8
site_301,Delhi,Delhi,"Anand Vihar, Delhi - DPCC",2025-06-21 08:00:00+00:00,2025-06-21 08:00:00+00:00,31.6,70.0,1.2,264.0,,0.0,302.0,742.0,,so2,57.5,"Anand Vihar, Delhi - DPCC",8
site_1560,Delhi,Delhi,"Bawana, Delhi - DPCC",2025-06-21 08:00:00+00:00,2025-06-21 08:00:00+00:00,33.0,69.0,3.5,141.0,0.0,0.0,236.0,985.0,,pm25,50.0,"Bawana, Delhi - DPCC",8
site_1560,Delhi,Delhi,"Bawana, Delhi - DPCC",2025-06-21 08:00:00+00:00,2025-06-21 08:00:00+00:00,33.0,69.0,3.5,141.0,0.0,0.0,236.0,985.0,,ozone,8.6,"Bawana, Delhi - DPCC",8
site_1560,Delhi,Delhi,"Bawana, Delhi - DPCC",2025-06-21 08:00:00+00:00,2025-06-21 08:00:00+00:00,33.0,69.0,3.5,141.0,0.0,0.0,236.0,985.0,,no2,10.2,"Bawana, Delhi - DPCC",8
site_1560,Delhi,Delhi,"Bawana, Delhi - DPCC",2025-06-21 08:00:00+00:00,2025-06-21 08:00:00+00:00,33.0,69.0,3.5,141.0,0.0,0.0,236.0,985.0,,no,6.0,"Bawana, Delhi - DPCC",8
site_1560,Delhi,Delhi,"Bawana, Delhi - DPCC",2025-06-21 08:00:00+00:00,2025-06-21 08:00:00+00:00,33.0,69.0,3.5,141.0,0.0,0.0,236.0,985.0,,nh3,26.6,"Bawana, Delhi - DPCC",8
site_1560,Delhi,Delhi,"Bawana, Delhi - DPCC",2025-06-21 08:00:00+00:00,2025-06-21 08:00:00+00:00,33.0,69.0,3.5,141.0,0.0,0.0,236.0,985.0,,co,0.64,"Bawana, Delhi - DPCC",8
site_1560,Delhi,Delhi,"Bawana, Delhi - DPCC",2025-06-21 08:00:00+00:00,2025-06-21 08:00:00+00:00,33.0,69.0,3.5,141.0,0.0,0.0,236.0,985.0,,benzene,0.7,"Bawana, Delhi - DPCC",8
site_301,Delhi,Delhi,"Anand Vihar, Delhi - DPCC",2025-06-21 08:00:00+00:00,2025-06-21 08:00:00+00:00,31.6,70.0,1.2,264.0,,0.0,302.0,742.0,,benzene,0.8,"Anand Vihar, Delhi - DPCC",8
site_301,Delhi,Delhi,"Anand Vihar, Delhi - DPCC",2025-06-21 08:00:00+00:00,2025-06-21 08:00:00+00:00,31.6,70.0,1.2,264.0,,0.0,302.0,742.0,,co,1.18,"Anand Vihar, Delhi - DPCC",8
site_301,Delhi,Delhi,"Anand Vihar, Delhi - DPCC",2025-06-21 08:00:00+00:00,2025-06-21 08:00:00+00:00,31.6,70.0,1.2,264.0,,0.0,302.0,742.0,,nh3,55.8,"Anand Vihar, Delhi - DPCC",8
site_301,Delhi,Delhi,"Anand Vihar, Delhi - DPCC",2025-06-21 08:00:00+00:00,2025-06-21 08:00:00+00:00,31.6,70.0,1.2,264.0,,0.0,302.0,742.0,,no2,29.8,"Anand Vihar, Delhi - DPCC",8
site_301,Delhi,Delhi,"Anand Vihar, Delhi - DPCC",2025-06-21 08:00:00+00:00,2025-06-21 08:00:00+00:00,31.6,70.0,1.2,264.0,,0.0,302.0,742.0,,ozone,8.2,"Anand Vihar, Delhi - DPCC",8
site_301,Delhi,Delhi,"Anand Vihar, Delhi - DPCC",2025-06-21 08:00:00+00:00,2025-06-21 08:00:00+00:00,31.6,70.0,1.2,264.0,,0.0,302.0,742.0,,pm10,63.0,"Anand Vihar, Delhi - DPCC",8
site_1560,Delhi,Delhi,"Bawana, Delhi - DPCC",2025-06-21 08:00:00+00:00,2025-06-21 08:00:00+00:00,33.0,69.0,3.5,141.0,0.0,0.0,236.0,985.0,,pm10,69.0,"Bawana, Delhi - DPCC",8
site_104,Delhi,Delhi,"Burari Crossing, Delhi - IMD",2025-06-21 08:15:00+00:00,2025-06-21 08:15:00+00:00,,,,,,0.0,,,,co,0.73,"Burari Crossing, Delhi - IMD",8
site_108,Delhi,Delhi,"Aya Nagar, Delhi - IMD",2025-06-21 08:15:00+00:00,2025-06-21 08:15:00+00:00,,,,,,0.0,,,,pm25,14.48,"Aya Nagar, Delhi - IMD",8
site_104,Delhi,Delhi,"Burari Crossing, Delhi - IMD",2025-06-21 08:15:00+00:00,2025-06-21 08:15:00+00:00,,,,,,0.0,,,,no,9.17,"Burari Crossing, Delhi - IMD",8
site_1420,Delhi,Delhi,"Ashok Vihar, Delhi - DPCC",2025-06-21 08:15:00+00:00,2025-06-21 08:15:00+00:00,31.8,71.0,3.4,93.0,0.0,0.0,302.0,982.0,,benzene,0.1,"Ashok Vihar, Delhi - DPCC",8
site_104,Delhi,Delhi,"Burari Crossing, Delhi - IMD",2025-06-21 08:15:00+00:00,2025-06-21 08:15:00+00:00,,,,,,0.0,,,,ozone,35.42,"Burari Crossing, Delhi - IMD",8
site_5024,Delhi,Delhi,"Alipur, Delhi - DPCC",2025-06-21 08:15:00+00:00,2025-06-21 08:15:00+00:00,33.4,62.0,,244.0,0.0,0.0,332.0,983.0,,toluene,0.5,"Alipur, Delhi - DPCC",8
site_5024,Delhi,Delhi,"Alipur, Delhi - DPCC",2025-06-21 08:15:00+00:00,2025-06-21 08:15:00+00:00,33.4,62.0,,244.0,0.0,0.0,332.0,983.0,,so2,10.4,"Alipur, Delhi - DPCC",8
site_108,Delhi,Delhi,"Aya Nagar, Delhi - IMD",2025-06-21 08:15:00+00:00,2025-06-21 08:15:00+00:00,,,,,,0.0,,,,pm10,50.34,"Aya Nagar, Delhi - IMD",8
site_5024,Delhi,Delhi,"Alipur, Delhi - DPCC",2025-06-21 08:15:00+00:00,2025-06-21 08:15:00+00:00,33.4,62.0,,244.0,0.0,0.0,332.0,983.0,,pm25,42.0,"Alipur, Delhi - DPCC",8
site_5024,Delhi,Delhi,"Alipur, Delhi - DPCC",2025-06-21 08:15:00+00:00,2025-06-21 08:15:00+00:00,33.4,62.0,,244.0,0.0,0.0,332.0,983.0,,pm10,88.0,"Alipur, Delhi - DPCC",8
site_5024,Delhi,Delhi,"Alipur, Delhi - DPCC",2025-06-21 08:15:00+00:00,2025-06-21 08:15:00+00:00,33.4,62.0,,244.0,0.0,0.0,332.0,983.0,,ozone,27.7,"Alipur, Delhi - DPCC",8
site_5024,Delhi,Delhi,"Alipur, Delhi - DPCC",2025-06-21 08:15:00+00:00,2025-06-21 08:15:00+00:00,33.4,62.0,,244.0,0.0,0.0,332.0,983.0,,no2,19.3,"Alipur, Delhi - DPCC",8
site_5024,Delhi,Delhi,"Alipur, Delhi - DPCC",2025-06-21 08:15:00+00:00,2025-06-21 08:15:00+00:00,33.4,62.0,,244.0,0.0,0.0,332.0,983.0,,no,3.8,"Alipur, Delhi - DPCC",8
site_5024,Delhi,Delhi,"Alipur, Delhi - DPCC",2025-06-21 08:15:00+00:00,2025-06-21 08:15:00+00:00,33.4,62.0,,244.0,0.0,0.0,332.0,983.0,,nh3,53.6,"Alipur, Delhi - DPCC",8
site_104,Delhi,Delhi,"Burari Crossing, Delhi - IMD",2025-06-21 08:15:00+00:00,2025-06-21 08:15:00+00:00,,,,,,0.0,,,,no2,24.75,"Burari Crossing, Delhi - IMD",8
site_1420,Delhi,Delhi,"Ashok Vihar, Delhi - DPCC",2025-06-21 08:15:00+00:00,2025-06-21 08:15:00+00:00,31.8,71.0,3.4,93.0,0.0,0.0,302.0,982.0,,co,0.8,"Ashok Vihar, Delhi - DPCC",8
site_1420,Delhi,Delhi,"Ashok Vihar, Delhi - DPCC",2025-06-21 08:15:00+00:00,2025-06-21 08:15:00+00:00,31.8,71.0,3.4,93.0,0.0,0.0,302.0,982.0,,no,6.8,"Ashok Vihar, Delhi - DPCC",8
site_1420,Delhi,Delhi,"Ashok Vihar, Delhi - DPCC",2025-06-21 08:15:00+00:00,2025-06-21 08:15:00+00:00,31.8,71.0,3.4,93.0,0.0,0.0,302.0,982.0,,no2,11.2,"Ashok Vihar, Delhi - DPCC",8
site_1420,Delhi,Delhi,"Ashok Vihar, Delhi - DPCC",2025-06-21 08:15:00+00:00,2025-06-21 08:15:00+00:00,31.8,71.0,3.4,93.0,0.0,0.0,302.0,982.0,,ozone,14.8,"Ashok Vihar, Delhi - DPCC",8
site_1420,Delhi,Delhi,"Ashok Vihar, Delhi - DPCC",2025-06-21 08:15:00+00:00,2025-06-21 08:15:00+00:00,31.8,71.0,3.4,93.0,0.0,0.0,302.0,982.0,,pm10,72.0,"Ashok Vihar, Delhi - DPCC",8
site_1420,Delhi,Delhi,"Ashok Vihar, Delhi - DPCC",2025-06-21 08:15:00+00:00,2025-06-21 08:15:00+00:00,31.8,71.0,3.4,93.0,0.0,0.0,302.0,982.0,,pm25,51.0,"Ashok Vihar, Delhi - DPCC",8
site_1420,Delhi,Delhi,"Ashok Vihar, Delhi - DPCC",2025-06-21 08:15:00+00:00,2025-06-21 08:15:00+00:00,31.8,71.0,3.4,93.0,0.0,0.0,302.0,982.0,,so2,5.5,"Ashok Vihar, Delhi - DPCC",8
site_1420,Delhi,Delhi,"Ashok Vihar, Delhi - DPCC",2025-06-21 08:15:00+00:00,2025-06-21 08:15:00+00:00,31.8,71.0,3.4,93.0,0.0,0.0,302.0,982.0,,toluene,0.3,"Ashok Vihar, Delhi - DPCC",8
site_104,Delhi,Delhi,"Burari Crossing, Delhi - IMD",2025-06-21 08:15:00+00:00,2025-06-21 08:15:00+00:00,,,,,,0.0,,,,pm25,18.44,"Burari Crossing, Delhi - IMD",8
site_104,Delhi,Delhi,"Burari Crossing, Delhi - IMD",2025-06-21 08:15:00+00:00,2025-06-21 08:15:00+00:00,,,,,,0.0,,,,pm10,38.76,"Burari Crossing, Delhi - IMD",8
site_1420,Delhi,Delhi,"Ashok Vihar, Delhi - DPCC",2025-06-21 08:15:00+00:00,2025-06-21 08:15:00+00:00,31.8,71.0,3.4,93.0,0.0,0.0,302.0,982.0,,nh3,33.1,"Ashok Vihar, Delhi - DPCC",8
site_108,Delhi,Delhi,"Aya Nagar, Delhi - IMD",2025-06-21 08:15:00+00:00,2025-06-21 08:15:00+00:00,,,,,,0.0,,,,ozone,40.86,"Aya Nagar, Delhi - IMD",8
site_5024,Delhi,Delhi,"Alipur, Delhi - DPCC",2025-06-21 08:15:00+00:00,2025-06-21 08:15:00+00:00,33.4,62.0,,244.0,0.0,0.0,332.0,983.0,,benzene,0.2,"Alipur, Delhi - DPCC",8
site_108,Delhi,Delhi,"Aya Nagar, Delhi - IMD",2025-06-21 08:15:00+00:00,2025-06-21 08:15:00+00:00,,,,,,0.0,,,,no,10.26,"Aya Nagar, Delhi - IMD",8
site_301,Delhi,Delhi,"Anand Vihar, Delhi - DPCC",2025-06-21 08:15:00+00:00,2025-06-21 08:15:00+00:00,31.8,69.0,1.5,265.0,,0.0,310.0,742.0,,toluene,7.2,"Anand Vihar, Delhi - DPCC",8
site_301,Delhi,Delhi,"Anand Vihar, Delhi - DPCC",2025-06-21 08:15:00+00:00,2025-06-21 08:15:00+00:00,31.8,69.0,1.5,265.0,,0.0,310.0,742.0,,so2,58.9,"Anand Vihar, Delhi - DPCC",8
site_301,Delhi,Delhi,"Anand Vihar, Delhi - DPCC",2025-06-21 08:15:00+00:00,2025-06-21 08:15:00+00:00,31.8,69.0,1.5,265.0,,0.0,310.0,742.0,,pm25,33.0,"Anand Vihar, Delhi - DPCC",8
site_301,Delhi,Delhi,"Anand Vihar, Delhi - DPCC",2025-06-21 08:15:00+00:00,2025-06-21 08:15:00+00:00,31.8,69.0,1.5,265.0,,0.0,310.0,742.0,,pm10,63.0,"Anand Vihar, Delhi - DPCC",8
site_301,Delhi,Delhi,"Anand Vihar, Delhi - DPCC",2025-06-21 08:15:00+00:00,2025-06-21 08:15:00+00:00,31.8,69.0,1.5,265.0,,0.0,310.0,742.0,,ozone,10.9,"Anand Vihar, Delhi - DPCC",8
site_5024,Delhi,Delhi,"Alipur, Delhi - DPCC",2025-06-21 08:15:00+00:00,2025-06-21 08:15:00+00:00,33.4,62.0,,244.0,0.0,0.0,332.0,983.0,,co,0.73,"Alipur, Delhi - DPCC",8
site_301,Delhi,Delhi,"Anand Vihar, Delhi - DPCC",2025-06-21 08:15:00+00:00,2025-06-21 08:15:00+00:00,31.8,69.0,1.5,265.0,,0.0,310.0,742.0,,no2,33.9,"Anand Vihar, Delhi - DPCC",8
site_301,Delhi,Delhi,"Anand Vihar, Delhi - DPCC",2025-06-21 08:15:00+00:00,2025-06-21 08:15:00+00:00,31.8,69.0,1.5,265.0,,0.0,310.0,742.0,,no,14.0,"Anand Vihar, Delhi - DPCC",8
site_301,Delhi,Delhi,"Anand Vihar, Delhi - DPCC",2025-06-21 08:15:00+00:00,2025-06-21 08:15:00+00:00,31.8,69.0,1.5,265.0,,0.0,310.0,742.0,,nh3,47.3,"Anand Vihar, Delhi - DPCC",8
site_301,Delhi,Delhi,"Anand Vihar, Delhi - DPCC",2025-06-21 08:15:00+00:00,2025-06-21 08:15:00+00:00,31.8,69.0,1.5,265.0,,0.0,310.0,742.0,,co,1.18,"Anand Vihar, Delhi - DPCC",8
site_301,Delhi,Delhi,"Anand Vihar, Delhi - DPCC",2025-06-21 08:15:00+00:00,2025-06-21 08:15:00+00:00,31.8,69.0,1.5,265.0,,0.0,310.0,742.0,,benzene,0.9,"Anand Vihar, Delhi - DPCC",8
site_108,Delhi,Delhi,"Aya Nagar, Delhi - IMD",2025-06-21 08:15:00+00:00,2025-06-21 08:15:00+00:00,,,,,,0.0,,,,co,0.97,"Aya Nagar, Delhi - IMD",8
site_1560,Delhi,Delhi,"Bawana, Delhi - DPCC",2025-06-21 08:15:00+00:00,2025-06-21 08:15:00+00:00,33.4,67.0,4.0,135.0,0.0,0.0,274.0,984.0,,toluene,1.7,"Bawana, Delhi - DPCC",8
site_1560,Delhi,Delhi,"Bawana, Delhi - DPCC",2025-06-21 08:15:00+00:00,2025-06-21 08:15:00+00:00,33.4,67.0,4.0,135.0,0.0,0.0,274.0,984.0,,so2,4.3,"Bawana, Delhi - DPCC",8
site_108,Delhi,Delhi,"Aya Nagar, Delhi - IMD",2025-06-21 08:15:00+00:00,2025-06-21 08:15:00+00:00,,,,,,0.0,,,,no2,8.22,"Aya Nagar, Delhi - IMD",8
site_1560,Delhi,Delhi,"Bawana, Delhi - DPCC",2025-06-21 08:15:00+00:00,2025-06-21 08:15:00+00:00,33.4,67.0,4.0,135.0,0.0,0.0,274.0,984.0,,benzene,0.7,"Bawana, Delhi - DPCC",8
site_1560,Delhi,Delhi,"Bawana, Delhi - DPCC",2025-06-21 08:15:00+00:00,2025-06-21 08:15:00+00:00,33.4,67.0,4.0,135.0,0.0,0.0,274.0,984.0,,co,0.63,"Bawana, Delhi - DPCC",8
site_1560,Delhi,Delhi,"Bawana, Delhi - DPCC",2025-06-21 08:15:00+00:00,2025-06-21 08:15:00+00:00,33.4,67.0,4.0,135.0,0.0,0.0,274.0,984.0,,nh3,26.0,"Bawana, Delhi - DPCC",8
site_1560,Delhi,Delhi,"Bawana, Delhi - DPCC",2025-06-21 08:15:00+00:00,2025-06-21 08:15:00+00:00,33.4,67.0,4.0,135.0,0.0,0.0,274.0,984.0,,no,6.7,"Bawana, Delhi - DPCC",8
site_1560,Delhi,Delhi,"Bawana, Delhi - DPCC",2025-06-21 08:15:00+00:00,2025-06-21 08:15:00+00:00,33.4,67.0,4.0,135.0,0.0,0.0,274.0,984.0,,no2,10.7,"Bawana, Delhi - DPCC",8
site_1560,Delhi,Delhi,"Bawana, Delhi - DPCC",2025-06-21 08:15:00+00:00,2025-06-21 08:15:00+00:00,33.4,67.0,4.0,135.0,0.0,0.0,274.0,984.0,,ozone,7.5,"Bawana, Delhi - DPCC",8
site_1560,Delhi,Delhi,"Bawana, Delhi - DPCC",2025-06-21 08:15:00+00:00,2025-06-21 08:15:00+00:00,33.4,67.0,4.0,135.0,0.0,0.0,274.0,984.0,,pm10,69.0,"Bawana, Delhi - DPCC",8
site_1560,Delhi,Delhi,"Bawana, Delhi - DPCC",2025-06-21 08:15:00+00:00,2025-06-21 08:15:00+00:00,33.4,67.0,4.0,135.0,0.0,0.0,274.0,984.0,,pm25,50.0,"Bawana, Delhi - DPCC",8
site_5024,Delhi,Delhi,"Alipur, Delhi - DPCC",2025-06-21 08:30:00+00:00,2025-06-21 08:30:00+00:00,33.8,60.0,,241.0,0.0,0.0,392.0,983.0,,no2,18.8,"Alipur, Delhi - DPCC",8
site_301,Delhi,Delhi,"Anand Vihar, Delhi - DPCC",2025-06-21 08:30:00+00:00,2025-06-21 08:30:00+00:00,32.0,68.0,1.8,268.0,,0.0,312.0,742.0,,no2,31.8,"Anand Vihar, Delhi - DPCC",8
site_301,Delhi,Delhi,"Anand Vihar, Delhi - DPCC",2025-06-21 08:30:00+00:00,2025-06-21 08:30:00+00:00,32.0,68.0,1.8,268.0,,0.0,312.0,742.0,,no,12.8,"Anand Vihar, Delhi - DPCC",8
site_301,Delhi,Delhi,"Anand Vihar, Delhi - DPCC",2025-06-21 08:30:00+00:00,2025-06-21 08:30:00+00:00,32.0,68.0,1.8,268.0,,0.0,312.0,742.0,,nh3,43.2,"Anand Vihar, Delhi - DPCC",8
site_301,Delhi,Delhi,"Anand Vihar, Delhi - DPCC",2025-06-21 08:30:00+00:00,2025-06-21 08:30:00+00:00,32.0,68.0,1.8,268.0,,0.0,312.0,742.0,,co,1.24,"Anand Vihar, Delhi - DPCC",8
site_301,Delhi,Delhi,"Anand Vihar, Delhi - DPCC",2025-06-21 08:30:00+00:00,2025-06-21 08:30:00+00:00,32.0,68.0,1.8,268.0,,0.0,312.0,742.0,,benzene,0.8,"Anand Vihar, Delhi - DPCC",8
site_5024,Delhi,Delhi,"Alipur, Delhi - DPCC",2025-06-21 08:30:00+00:00,2025-06-21 08:30:00+00:00,33.8,60.0,,241.0,0.0,0.0,392.0,983.0,,benzene,0.2,"Alipur, Delhi - DPCC",8
site_5024,Delhi,Delhi,"Alipur, Delhi - DPCC",2025-06-21 08:30:00+00:00,2025-06-21 08:30:00+00:00,33.8,60.0,,241.0,0.0,0.0,392.0,983.0,,co,0.72,"Alipur, Delhi - DPCC",8
site_5024,Delhi,Delhi,"Alipur, Delhi - DPCC",2025-06-21 08:30:00+00:00,2025-06-21 08:30:00+00:00,33.8,60.0,,241.0,0.0,0.0,392.0,983.0,,nh3,53.1,"Alipur, Delhi - DPCC",8
site_1560,Delhi,Delhi,"Bawana, Delhi - DPCC",2025-06-21 08:30:00+00:00,2025-06-21 08:30:00+00:00,33.7,65.0,3.5,137.0,0.0,0.0,301.0,983.0,,toluene,1.7,"Bawana, Delhi - DPCC",8
site_1560,Delhi,Delhi,"Bawana, Delhi - DPCC",2025-06-21 08:30:00+00:00,2025-06-21 08:30:00+00:00,33.7,65.0,3.5,137.0,0.0,0.0,301.0,983.0,,so2,4.1,"Bawana, Delhi - DPCC",8
site_1560,Delhi,Delhi,"Bawana, Delhi - DPCC",2025-06-21 08:30:00+00:00,2025-06-21 08:30:00+00:00,33.7,65.0,3.5,137.0,0.0,0.0,301.0,983.0,,pm25,50.0,"Bawana, Delhi - DPCC",8
site_1560,Delhi,Delhi,"Bawana, Delhi - DPCC",2025-06-21 08:30:00+00:00,2025-06-21 08:30:00+00:00,33.7,65.0,3.5,137.0,0.0,0.0,301.0,983.0,,pm10,69.0,"Bawana, Delhi - DPCC",8
site_1560,Delhi,Delhi,"Bawana, Delhi - DPCC",2025-06-21 08:30:00+00:00,2025-06-21 08:30:00+00:00,33.7,65.0,3.5,137.0,0.0,0.0,301.0,983.0,,ozone,7.9,"Bawana, Delhi - DPCC",8
site_1420,Delhi,Delhi,"Ashok Vihar, Delhi - DPCC",2025-06-21 08:30:00+00:00,2025-06-21 08:30:00+00:00,32.2,70.0,2.6,130.0,0.0,0.0,345.0,982.0,,benzene,0.1,"Ashok Vihar, Delhi - DPCC",8
site_1560,Delhi,Delhi,"Bawana, Delhi - DPCC",2025-06-21 08:30:00+00:00,2025-06-21 08:30:00+00:00,33.7,65.0,3.5,137.0,0.0,0.0,301.0,983.0,,no,6.8,"Bawana, Delhi - DPCC",8
site_1560,Delhi,Delhi,"Bawana, Delhi - DPCC",2025-06-21 08:30:00+00:00,2025-06-21 08:30:00+00:00,33.7,65.0,3.5,137.0,0.0,0.0,301.0,983.0,,nh3,25.2,"Bawana, Delhi - DPCC",8
site_1560,Delhi,Delhi,"Bawana, Delhi - DPCC",2025-06-21 08:30:00+00:00,2025-06-21 08:30:00+00:00,33.7,65.0,3.5,137.0,0.0,0.0,301.0,983.0,,co,0.62,"Bawana, Delhi - DPCC",8
site_1560,Delhi,Delhi,"Bawana, Delhi - DPCC",2025-06-21 08:30:00+00:00,2025-06-21 08:30:00+00:00,33.7,65.0,3.5,137.0,0.0,0.0,301.0,983.0,,benzene,0.8,"Bawana, Delhi - DPCC",8
site_5024,Delhi,Delhi,"Alipur, Delhi - DPCC",2025-06-21 08:30:00+00:00,2025-06-21 08:30:00+00:00,33.8,60.0,,241.0,0.0,0.0,392.0,983.0,,no,3.4,"Alipur, Delhi - DPCC",8
site_5024,Delhi,Delhi,"Alipur, Delhi - DPCC",2025-06-21 08:30:00+00:00,2025-06-21 08:30:00+00:00,33.8,60.0,,241.0,0.0,0.0,392.0,983.0,,ozone,32.2,"Alipur, Delhi - DPCC",8
site_1560,Delhi,Delhi,"Bawana, Delhi - DPCC",2025-06-21 08:30:00+00:00,2025-06-21 08:30:00+00:00,33.7,65.0,3.5,137.0,0.0,0.0,301.0,983.0,,no2,11.3,"Bawana, Delhi - DPCC",8
site_1420,Delhi,Delhi,"Ashok Vihar, Delhi - DPCC",2025-06-21 08:30:00+00:00,2025-06-21 08:30:00+00:00,32.2,70.0,2.6,130.0,0.0,0.0,345.0,982.0,,nh3,32.5,"Ashok Vihar, Delhi - DPCC",8
site_1420,Delhi,Delhi,"Ashok Vihar, Delhi - DPCC",2025-06-21 08:30:00+00:00,2025-06-21 08:30:00+00:00,32.2,70.0,2.6,130.0,0.0,0.0,345.0,982.0,,no,5.5,"Ashok Vihar, Delhi - DPCC",8
site_5024,Delhi,Delhi,"Alipur, Delhi - DPCC",2025-06-21 08:30:00+00:00,2025-06-21 08:30:00+00:00,33.8,60.0,,241.0,0.0,0.0,392.0,983.0,,toluene,0.5,"Alipur, Delhi - DPCC",8
site_5024,Delhi,Delhi,"Alipur, Delhi - DPCC",2025-06-21 08:30:00+00:00,2025-06-21 08:30:00+00:00,33.8,60.0,,241.0,0.0,0.0,392.0,983.0,,so2,10.1,"Alipur, Delhi - DPCC",8
site_108,Delhi,Delhi,"Aya Nagar, Delhi - IMD",2025-06-21 08:30:00+00:00,2025-06-21 08:30:00+00:00,,,,,,0.0,,,,co,0.98,"Aya Nagar, Delhi - IMD",8
site_108,Delhi,Delhi,"Aya Nagar, Delhi - IMD",2025-06-21 08:30:00+00:00,2025-06-21 08:30:00+00:00,,,,,,0.0,,,,no,8.97,"Aya Nagar, Delhi - IMD",8
site_108,Delhi,Delhi,"Aya Nagar, Delhi - IMD",2025-06-21 08:30:00+00:00,2025-06-21 08:30:00+00:00,,,,,,0.0,,,,no2,9.5,"Aya Nagar, Delhi - IMD",8
site_108,Delhi,Delhi,"Aya Nagar, Delhi - IMD",2025-06-21 08:30:00+00:00,2025-06-21 08:30:00+00:00,,,,,,0.0,,,,ozone,42.54,"Aya Nagar, Delhi - IMD",8
site_108,Delhi,Delhi,"Aya Nagar, Delhi - IMD",2025-06-21 08:30:00+00:00,2025-06-21 08:30:00+00:00,,,,,,0.0,,,,pm10,53.25,"Aya Nagar, Delhi - IMD",8
site_108,Delhi,Delhi,"Aya Nagar, Delhi - IMD",2025-06-21 08:30:00+00:00,2025-06-21 08:30:00+00:00,,,,,,0.0,,,,pm25,10.21,"Aya Nagar, Delhi - IMD",8
site_5024,Delhi,Delhi,"Alipur, Delhi - DPCC",2025-06-21 08:30:00+00:00,2025-06-21 08:30:00+00:00,33.8,60.0,,241.0,0.0,0.0,392.0,983.0,,pm25,42.0,"Alipur, Delhi - DPCC",8
site_5024,Delhi,Delhi,"Alipur, Delhi - DPCC",2025-06-21 08:30:00+00:00,2025-06-21 08:30:00+00:00,33.8,60.0,,241.0,0.0,0.0,392.0,983.0,,pm10,88.0,"Alipur, Delhi - DPCC",8
site_1420,Delhi,Delhi,"Ashok Vihar, Delhi - DPCC",2025-06-21 08:30:00+00:00,2025-06-21 08:30:00+00:00,32.2,70.0,2.6,130.0,0.0,0.0,345.0,982.0,,co,0.81,"Ashok Vihar, Delhi - DPCC",8
site_104,Delhi,Delhi,"Burari Crossing, Delhi - IMD",2025-06-21 08:30:00+00:00,2025-06-21 08:30:00+00:00,,,,,,0.0,,,,pm25,14.7,"Burari Crossing, Delhi - IMD",8
site_104,Delhi,Delhi,"Burari Crossing, Delhi - IMD",2025-06-21 08:30:00+00:00,2025-06-21 08:30:00+00:00,,,,,,0.0,,,,pm10,43.47,"Burari Crossing, Delhi - IMD",8
site_104,Delhi,Delhi,"Burari Crossing, Delhi - IMD",2025-06-21 08:30:00+00:00,2025-06-21 08:30:00+00:00,,,,,,0.0,,,,ozone,36.24,"Burari Crossing, Delhi - IMD",8
site_104,Delhi,Delhi,"Burari Crossing, Delhi - IMD",2025-06-21 08:30:00+00:00,2025-06-21 08:30:00+00:00,,,,,,0.0,,,,no2,25.07,"Burari Crossing, Delhi - IMD",8
site_301,Delhi,Delhi,"Anand Vihar, Delhi - DPCC",2025-06-21 08:30:00+00:00,2025-06-21 08:30:00+00:00,32.0,68.0,1.8,268.0,,0.0,312.0,742.0,,toluene,6.1,"Anand Vihar, Delhi - DPCC",8
site_104,Delhi,Delhi,"Burari Crossing, Delhi - IMD",2025-06-21 08:30:00+00:00,2025-06-21 08:30:00+00:00,,,,,,0.0,,,,no,9.21,"Burari Crossing, Delhi - IMD",8
site_1420,Delhi,Delhi,"Ashok Vihar, Delhi - DPCC",2025-06-21 08:30:00+00:00,2025-06-21 08:30:00+00:00,32.2,70.0,2.6,130.0,0.0,0.0,345.0,982.0,,no2,12.2,"Ashok Vihar, Delhi - DPCC",8
site_1420,Delhi,Delhi,"Ashok Vihar, Delhi - DPCC",2025-06-21 08:30:00+00:00,2025-06-21 08:30:00+00:00,32.2,70.0,2.6,130.0,0.0,0.0,345.0,982.0,,ozone,25.9,"Ashok Vihar, Delhi - DPCC",8
site_1420,Delhi,Delhi,"Ashok Vihar, Delhi - DPCC",2025-06-21 08:30:00+00:00,2025-06-21 08:30:00+00:00,32.2,70.0,2.6,130.0,0.0,0.0,345.0,982.0,,pm10,72.0,"Ashok Vihar, Delhi - DPCC",8
site_1420,Delhi,Delhi,"Ashok Vihar, Delhi - DPCC",2025-06-21 08:30:00+00:00,2025-06-21 08:30:00+00:00,32.2,70.0,2.6,130.0,0.0,0.0,345.0,982.0,,pm25,51.0,"Ashok Vihar, Delhi - DPCC",8
site_1420,Delhi,Delhi,"Ashok Vihar, Delhi - DPCC",2025-06-21 08:30:00+00:00,2025-06-21 08:30:00+00:00,32.2,70.0,2.6,130.0,0.0,0.0,345.0,982.0,,so2,5.6,"Ashok Vihar, Delhi - DPCC",8
site_1420,Delhi,Delhi,"Ashok Vihar, Delhi - DPCC",2025-06-21 08:30:00+00:00,2025-06-21 08:30:00+00:00,32.2,70.0,2.6,130.0,0.0,0.0,345.0,982.0,,toluene,0.3,"Ashok Vihar, Delhi - DPCC",8
site_301,Delhi,Delhi,"Anand Vihar, Delhi - DPCC",2025-06-21 08:30:00+00:00,2025-06-21 08:30:00+00:00,32.0,68.0,1.8,268.0,,0.0,312.0,742.0,,ozone,8.0,"Anand Vihar, Delhi - DPCC",8
site_301,Delhi,Delhi,"Anand Vihar, Delhi - DPCC",2025-06-21 08:30:00+00:00,2025-06-21 08:30:00+00:00,32.0,68.0,1.8,268.0,,0.0,312.0,742.0,,pm10,63.0,"Anand Vihar, Delhi - DPCC",8
site_301,Delhi,Delhi,"Anand Vihar, Delhi - DPCC",2025-06-21 08:30:00+00:00,2025-06-21 08:30:00+00:00,32.0,68.0,1.8,268.0,,0.0,312.0,742.0,,so2,60.2,"Anand Vihar, Delhi - DPCC",8
site_301,Delhi,Delhi,"Anand Vihar, Delhi - DPCC",2025-06-21 08:30:00+00:00,2025-06-21 08:30:00+00:00,32.0,68.0,1.8,268.0,,0.0,312.0,742.0,,pm25,33.0,"Anand Vihar, Delhi - DPCC",8
site_104,Delhi,Delhi,"Burari Crossing, Delhi - IMD",2025-06-21 08:30:00+00:00,2025-06-21 08:30:00+00:00,,,,,,0.0,,,,co,0.71,"Burari Crossing, Delhi - IMD",8
site_108,Delhi,Delhi,"Aya Nagar, Delhi - IMD",2025-06-21 08:45:00+00:00,2025-06-21 08:45:00+00:00,,,,,,0.0,,,,co,0.96,"Aya Nagar, Delhi - IMD",8
site_108,Delhi,Delhi,"Aya Nagar, Delhi - IMD",2025-06-21 08:45:00+00:00,2025-06-21 08:45:00+00:00,,,,,,0.0,,,,no,7.34,"Aya Nagar, Delhi - IMD",8
site_108,Delhi,Delhi,"Aya Nagar, Delhi - IMD",2025-06-21 08:45:00+00:00,2025-06-21 08:45:00+00:00,,,,,,0.0,,,,ozone,46.85,"Aya Nagar, Delhi - IMD",8
site_108,Delhi,Delhi,"Aya Nagar, Delhi - IMD",2025-06-21 08:45:00+00:00,2025-06-21 08:45:00+00:00,,,,,,0.0,,,,pm10,54.26,"Aya Nagar, Delhi - IMD",8
site_108,Delhi,Delhi,"Aya Nagar, Delhi - IMD",2025-06-21 08:45:00+00:00,2025-06-21 08:45:00+00:00,,,,,,0.0,,,,pm25,10.57,"Aya Nagar, Delhi - IMD",8
site_104,Delhi,Delhi,"Burari Crossing, Delhi - IMD",2025-06-21 08:45:00+00:00,2025-06-21 08:45:00+00:00,,,,,,0.0,,,,pm10,37.28,"Burari Crossing, Delhi - IMD",8
site_104,Delhi,Delhi,"Burari Crossing, Delhi - IMD",2025-06-21 08:45:00+00:00,2025-06-21 08:45:00+00:00,,,,,,0.0,,,,ozone,42.61,"Burari Crossing, Delhi - IMD",8
site_104,Delhi,Delhi,"Burari Crossing, Delhi - IMD",2025-06-21 08:45:00+00:00,2025-06-21 08:45:00+00:00,,,,,,0.0,,,,no2,26.05,"Burari Crossing, Delhi - IMD",8
site_104,Delhi,Delhi,"Burari Crossing, Delhi - IMD",2025-06-21 08:45:00+00:00,2025-06-21 08:45:00+00:00,,,,,,0.0,,,,no,9.44,"Burari Crossing, Delhi - IMD",8
site_5024,Delhi,Delhi,"Alipur, Delhi - DPCC",2025-06-21 08:45:00+00:00,2025-06-21 08:45:00+00:00,34.1,58.0,,242.0,0.0,0.0,331.0,983.0,,pm25,42.0,"Alipur, Delhi - DPCC",8
site_5024,Delhi,Delhi,"Alipur, Delhi - DPCC",2025-06-21 08:45:00+00:00,2025-06-21 08:45:00+00:00,34.1,58.0,,242.0,0.0,0.0,331.0,983.0,,so2,10.6,"Alipur, Delhi - DPCC",8
site_5024,Delhi,Delhi,"Alipur, Delhi - DPCC",2025-06-21 08:45:00+00:00,2025-06-21 08:45:00+00:00,34.1,58.0,,242.0,0.0,0.0,331.0,983.0,,toluene,0.4,"Alipur, Delhi - DPCC",8
site_104,Delhi,Delhi,"Burari Crossing, Delhi - IMD",2025-06-21 08:45:00+00:00,2025-06-21 08:45:00+00:00,,,,,,0.0,,,,pm25,15.16,"Burari Crossing, Delhi - IMD",8
site_108,Delhi,Delhi,"Aya Nagar, Delhi - IMD",2025-06-21 08:45:00+00:00,2025-06-21 08:45:00+00:00,,,,,,0.0,,,,no2,9.44,"Aya Nagar, Delhi - IMD",8
site_104,Delhi,Delhi,"Burari Crossing, Delhi - IMD",2025-06-21 08:45:00+00:00,2025-06-21 08:45:00+00:00,,,,,,0.0,,,,co,0.71,"Burari Crossing, Delhi - IMD",8
site_1420,Delhi,Delhi,"Ashok Vihar, Delhi - DPCC",2025-06-21 08:45:00+00:00,2025-06-21 08:45:00+00:00,32.4,68.0,3.1,112.0,0.0,0.0,355.0,982.0,,benzene,0.1,"Ashok Vihar, Delhi - DPCC",8
site_1420,Delhi,Delhi,"Ashok Vihar, Delhi - DPCC",2025-06-21 08:45:00+00:00,2025-06-21 08:45:00+00:00,32.4,68.0,3.1,112.0,0.0,0.0,355.0,982.0,,nh3,32.5,"Ashok Vihar, Delhi - DPCC",8
site_301,Delhi,Delhi,"Anand Vihar, Delhi - DPCC",2025-06-21 08:45:00+00:00,2025-06-21 08:45:00+00:00,32.2,67.0,2.1,267.0,,0.0,313.0,742.0,,nh3,49.1,"Anand Vihar, Delhi - DPCC",8
site_301,Delhi,Delhi,"Anand Vihar, Delhi - DPCC",2025-06-21 08:45:00+00:00,2025-06-21 08:45:00+00:00,32.2,67.0,2.1,267.0,,0.0,313.0,742.0,,no,14.5,"Anand Vihar, Delhi - DPCC",8
site_301,Delhi,Delhi,"Anand Vihar, Delhi - DPCC",2025-06-21 08:45:00+00:00,2025-06-21 08:45:00+00:00,32.2,67.0,2.1,267.0,,0.0,313.0,742.0,,no2,21.9,"Anand Vihar, Delhi - DPCC",8
site_301,Delhi,Delhi,"Anand Vihar, Delhi - DPCC",2025-06-21 08:45:00+00:00,2025-06-21 08:45:00+00:00,32.2,67.0,2.1,267.0,,0.0,313.0,742.0,,ozone,3.8,"Anand Vihar, Delhi - DPCC",8
site_301,Delhi,Delhi,"Anand Vihar, Delhi - DPCC",2025-06-21 08:45:00+00:00,2025-06-21 08:45:00+00:00,32.2,67.0,2.1,267.0,,0.0,313.0,742.0,,pm10,63.0,"Anand Vihar, Delhi - DPCC",8
site_301,Delhi,Delhi,"Anand Vihar, Delhi - DPCC",2025-06-21 08:45:00+00:00,2025-06-21 08:45:00+00:00,32.2,67.0,2.1,267.0,,0.0,313.0,742.0,,pm25,33.0,"Anand Vihar, Delhi - DPCC",8
site_301,Delhi,Delhi,"Anand Vihar, Delhi - DPCC",2025-06-21 08:45:00+00:00,2025-06-21 08:45:00+00:00,32.2,67.0,2.1,267.0,,0.0,313.0,742.0,,co,1.29,"Anand Vihar, Delhi - DPCC",8
site_301,Delhi,Delhi,"Anand Vihar, Delhi - DPCC",2025-06-21 08:45:00+00:00,2025-06-21 08:45:00+00:00,32.2,67.0,2.1,267.0,,0.0,313.0,742.0,,so2,61.1,"Anand Vihar, Delhi - DPCC",8
site_5024,Delhi,Delhi,"Alipur, Delhi - DPCC",2025-06-21 08:45:00+00:00,2025-06-21 08:45:00+00:00,34.1,58.0,,242.0,0.0,0.0,331.0,983.0,,benzene,0.2,"Alipur, Delhi - DPCC",8
site_5024,Delhi,Delhi,"Alipur, Delhi - DPCC",2025-06-21 08:45:00+00:00,2025-06-21 08:45:00+00:00,34.1,58.0,,242.0,0.0,0.0,331.0,983.0,,co,0.76,"Alipur, Delhi - DPCC",8
site_5024,Delhi,Delhi,"Alipur, Delhi - DPCC",2025-06-21 08:45:00+00:00,2025-06-21 08:45:00+00:00,34.1,58.0,,242.0,0.0,0.0,331.0,983.0,,nh3,52.7,"Alipur, Delhi - DPCC",8
site_5024,Delhi,Delhi,"Alipur, Delhi - DPCC",2025-06-21 08:45:00+00:00,2025-06-21 08:45:00+00:00,34.1,58.0,,242.0,0.0,0.0,331.0,983.0,,no,3.2,"Alipur, Delhi - DPCC",8
site_5024,Delhi,Delhi,"Alipur, Delhi - DPCC",2025-06-21 08:45:00+00:00,2025-06-21 08:45:00+00:00,34.1,58.0,,242.0,0.0,0.0,331.0,983.0,,no2,18.8,"Alipur, Delhi - DPCC",8
site_5024,Delhi,Delhi,"Alipur, Delhi - DPCC",2025-06-21 08:45:00+00:00,2025-06-21 08:45:00+00:00,34.1,58.0,,242.0,0.0,0.0,331.0,983.0,,ozone,34.5,"Alipur, Delhi - DPCC",8
site_301,Delhi,Delhi,"Anand Vihar, Delhi - DPCC",2025-06-21 08:45:00+00:00,2025-06-21 08:45:00+00:00,32.2,67.0,2.1,267.0,,0.0,313.0,742.0,,toluene,5.3,"Anand Vihar, Delhi - DPCC",8
site_5024,Delhi,Delhi,"Alipur, Delhi - DPCC",2025-06-21 08:45:00+00:00,2025-06-21 08:45:00+00:00,34.1,58.0,,242.0,0.0,0.0,331.0,983.0,,pm10,88.0,"Alipur, Delhi - DPCC",8
site_301,Delhi,Delhi,"Anand Vihar, Delhi - DPCC",2025-06-21 08:45:00+00:00,2025-06-21 08:45:00+00:00,32.2,67.0,2.1,267.0,,0.0,313.0,742.0,,benzene,0.7,"Anand Vihar, Delhi - DPCC",8
site_1560,Delhi,Delhi,"Bawana, Delhi - DPCC",2025-06-21 08:45:00+00:00,2025-06-21 08:45:00+00:00,34.2,63.0,2.4,149.0,0.0,0.0,341.0,982.0,,so2,4.4,"Bawana, Delhi - DPCC",8
site_1420,Delhi,Delhi,"Ashok Vihar, Delhi - DPCC",2025-06-21 08:45:00+00:00,2025-06-21 08:45:00+00:00,32.4,68.0,3.1,112.0,0.0,0.0,355.0,982.0,,no,4.4,"Ashok Vihar, Delhi - DPCC",8
site_1420,Delhi,Delhi,"Ashok Vihar, Delhi - DPCC",2025-06-21 08:45:00+00:00,2025-06-21 08:45:00+00:00,32.4,68.0,3.1,112.0,0.0,0.0,355.0,982.0,,no2,11.9,"Ashok Vihar, Delhi - DPCC",8
site_1420,Delhi,Delhi,"Ashok Vihar, Delhi - DPCC",2025-06-21 08:45:00+00:00,2025-06-21 08:45:00+00:00,32.4,68.0,3.1,112.0,0.0,0.0,355.0,982.0,,ozone,12.9,"Ashok Vihar, Delhi - DPCC",8
site_1420,Delhi,Delhi,"Ashok Vihar, Delhi - DPCC",2025-06-21 08:45:00+00:00,2025-06-21 08:45:00+00:00,32.4,68.0,3.1,112.0,0.0,0.0,355.0,982.0,,pm10,72.0,"Ashok Vihar, Delhi - DPCC",8
site_1420,Delhi,Delhi,"Ashok Vihar, Delhi - DPCC",2025-06-21 08:45:00+00:00,2025-06-21 08:45:00+00:00,32.4,68.0,3.1,112.0,0.0,0.0,355.0,982.0,,pm25,51.0,"Ashok Vihar, Delhi - DPCC",8
site_1420,Delhi,Delhi,"Ashok Vihar, Delhi - DPCC",2025-06-21 08:45:00+00:00,2025-06-21 08:45:00+00:00,32.4,68.0,3.1,112.0,0.0,0.0,355.0,982.0,,so2,6.7,"Ashok Vihar, Delhi - DPCC",8
site_1560,Delhi,Delhi,"Bawana, Delhi - DPCC",2025-06-21 08:45:00+00:00,2025-06-21 08:45:00+00:00,34.2,63.0,2.4,149.0,0.0,0.0,341.0,982.0,,toluene,1.7,"Bawana, Delhi - DPCC",8
site_1420,Delhi,Delhi,"Ashok Vihar, Delhi - DPCC",2025-06-21 08:45:00+00:00,2025-06-21 08:45:00+00:00,32.4,68.0,3.1,112.0,0.0,0.0,355.0,982.0,,toluene,0.3,"Ashok Vihar, Delhi - DPCC",8
site_1560,Delhi,Delhi,"Bawana, Delhi - DPCC",2025-06-21 08:45:00+00:00,2025-06-21 08:45:00+00:00,34.2,63.0,2.4,149.0,0.0,0.0,341.0,982.0,,co,0.62,"Bawana, Delhi - DPCC",8
site_1560,Delhi,Delhi,"Bawana, Delhi - DPCC",2025-06-21 08:45:00+00:00,2025-06-21 08:45:00+00:00,34.2,63.0,2.4,149.0,0.0,0.0,341.0,982.0,,nh3,25.2,"Bawana, Delhi - DPCC",8
site_1560,Delhi,Delhi,"Bawana, Delhi - DPCC",2025-06-21 08:45:00+00:00,2025-06-21 08:45:00+00:00,34.2,63.0,2.4,149.0,0.0,0.0,341.0,982.0,,no,6.2,"Bawana, Delhi - DPCC",8
site_1560,Delhi,Delhi,"Bawana, Delhi - DPCC",2025-06-21 08:45:00+00:00,2025-06-21 08:45:00+00:00,34.2,63.0,2.4,149.0,0.0,0.0,341.0,982.0,,no2,10.5,"Bawana, Delhi - DPCC",8
site_1560,Delhi,Delhi,"Bawana, Delhi - DPCC",2025-06-21 08:45:00+00:00,2025-06-21 08:45:00+00:00,34.2,63.0,2.4,149.0,0.0,0.0,341.0,982.0,,pm10,69.0,"Bawana, Delhi - DPCC",8
site_1560,Delhi,Delhi,"Bawana, Delhi - DPCC",2025-06-21 08:45:00+00:00,2025-06-21 08:45:00+00:00,34.2,63.0,2.4,149.0,0.0,0.0,341.0,982.0,,pm25,50.0,"Bawana, Delhi - DPCC",8
site_1560,Delhi,Delhi,"Bawana, Delhi - DPCC",2025-06-21 08:45:00+00:00,2025-06-21 08:45:00+00:00,34.2,63.0,2.4,149.0,0.0,0.0,341.0,982.0,,benzene,0.7,"Bawana, Delhi - DPCC",8
site_1420,Delhi,Delhi,"Ashok Vihar, Delhi - DPCC",2025-06-21 08:45:00+00:00,2025-06-21 08:45:00+00:00,32.4,68.0,3.1,112.0,0.0,0.0,355.0,982.0,,co,0.76,"Ashok Vihar, Delhi - DPCC",8
site_1560,Delhi,Delhi,"Bawana, Delhi - DPCC",2025-06-21 08:45:00+00:00,2025-06-21 08:45:00+00:00,34.2,63.0,2.4,149.0,0.0,0.0,341.0,982.0,,ozone,8.3,"Bawana, Delhi - DPCC",8
site_1420,Delhi,Delhi,"Ashok Vihar, Delhi - DPCC",2025-06-21 09:00:00+00:00,2025-06-21 09:00:00+00:00,32.5,68.0,3.0,126.0,0.0,0.0,363.0,982.0,,toluene,0.5,"Ashok Vihar, Delhi - DPCC",9
site_301,Delhi,Delhi,"Anand Vihar, Delhi - DPCC",2025-06-21 09:00:00+00:00,2025-06-21 09:00:00+00:00,32.5,65.0,2.0,248.0,,0.0,314.0,742.0,,so2,60.5,"Anand Vihar, Delhi - DPCC",9
site_108,Delhi,Delhi,"Aya Nagar, Delhi - IMD",2025-06-21 09:00:00+00:00,2025-06-21 09:00:00+00:00,,,,,,0.0,,,,no2,9.44,"Aya Nagar, Delhi - IMD",9
site_108,Delhi,Delhi,"Aya Nagar, Delhi - IMD",2025-06-21 09:00:00+00:00,2025-06-21 09:00:00+00:00,,,,,,0.0,,,,no,8.04,"Aya Nagar, Delhi - IMD",9
site_108,Delhi,Delhi,"Aya Nagar, Delhi - IMD",2025-06-21 09:00:00+00:00,2025-06-21 09:00:00+00:00,,,,,,0.0,,,,co,0.97,"Aya Nagar, Delhi - IMD",9
site_1560,Delhi,Delhi,"Bawana, Delhi - DPCC",2025-06-21 09:00:00+00:00,2025-06-21 09:00:00+00:00,34.4,61.0,3.6,143.0,0.0,0.0,292.0,981.0,,toluene,1.6,"Bawana, Delhi - DPCC",9
site_1420,Delhi,Delhi,"Ashok Vihar, Delhi - DPCC",2025-06-21 09:00:00+00:00,2025-06-21 09:00:00+00:00,32.5,68.0,3.0,126.0,0.0,0.0,363.0,982.0,,so2,6.0,"Ashok Vihar, Delhi - DPCC",9
site_1420,Delhi,Delhi,"Ashok Vihar, Delhi - DPCC",2025-06-21 09:00:00+00:00,2025-06-21 09:00:00+00:00,32.5,68.0,3.0,126.0,0.0,0.0,363.0,982.0,,pm25,38.0,"Ashok Vihar, Delhi - DPCC",9
site_1420,Delhi,Delhi,"Ashok Vihar, Delhi - DPCC",2025-06-21 09:00:00+00:00,2025-06-21 09:00:00+00:00,32.5,68.0,3.0,126.0,0.0,0.0,363.0,982.0,,pm10,61.0,"Ashok Vihar, Delhi - DPCC",9
site_1420,Delhi,Delhi,"Ashok Vihar, Delhi - DPCC",2025-06-21 09:00:00+00:00,2025-06-21 09:00:00+00:00,32.5,68.0,3.0,126.0,0.0,0.0,363.0,982.0,,ozone,19.2,"Ashok Vihar, Delhi - DPCC",9
site_1420,Delhi,Delhi,"Ashok Vihar, Delhi - DPCC",2025-06-21 09:00:00+00:00,2025-06-21 09:00:00+00:00,32.5,68.0,3.0,126.0,0.0,0.0,363.0,982.0,,no2,12.6,"Ashok Vihar, Delhi - DPCC",9
site_1420,Delhi,Delhi,"Ashok Vihar, Delhi - DPCC",2025-06-21 09:00:00+00:00,2025-06-21 09:00:00+00:00,32.5,68.0,3.0,126.0,0.0,0.0,363.0,982.0,,no,5.1,"Ashok Vihar, Delhi - DPCC",9
site_1420,Delhi,Delhi,"Ashok Vihar, Delhi - DPCC",2025-06-21 09:00:00+00:00,2025-06-21 09:00:00+00:00,32.5,68.0,3.0,126.0,0.0,0.0,363.0,982.0,,nh3,32.5,"Ashok Vihar, Delhi - DPCC",9
site_1420,Delhi,Delhi,"Ashok Vihar, Delhi - DPCC",2025-06-21 09:00:00+00:00,2025-06-21 09:00:00+00:00,32.5,68.0,3.0,126.0,0.0,0.0,363.0,982.0,,co,0.79,"Ashok Vihar, Delhi - DPCC",9
site_108,Delhi,Delhi,"Aya Nagar, Delhi - IMD",2025-06-21 09:00:00+00:00,2025-06-21 09:00:00+00:00,,,,,,0.0,,,,pm10,55.91,"Aya Nagar, Delhi - IMD",9
site_1420,Delhi,Delhi,"Ashok Vihar, Delhi - DPCC",2025-06-21 09:00:00+00:00,2025-06-21 09:00:00+00:00,32.5,68.0,3.0,126.0,0.0,0.0,363.0,982.0,,benzene,0.1,"Ashok Vihar, Delhi - DPCC",9
site_5024,Delhi,Delhi,"Alipur, Delhi - DPCC",2025-06-21 09:00:00+00:00,2025-06-21 09:00:00+00:00,33.9,59.0,,269.0,0.0,0.0,453.0,983.0,,pm10,78.0,"Alipur, Delhi - DPCC",9
site_5024,Delhi,Delhi,"Alipur, Delhi - DPCC",2025-06-21 09:00:00+00:00,2025-06-21 09:00:00+00:00,33.9,59.0,,269.0,0.0,0.0,453.0,983.0,,pm25,36.0,"Alipur, Delhi - DPCC",9
site_5024,Delhi,Delhi,"Alipur, Delhi - DPCC",2025-06-21 09:00:00+00:00,2025-06-21 09:00:00+00:00,33.9,59.0,,269.0,0.0,0.0,453.0,983.0,,so2,11.4,"Alipur, Delhi - DPCC",9
site_5024,Delhi,Delhi,"Alipur, Delhi - DPCC",2025-06-21 09:00:00+00:00,2025-06-21 09:00:00+00:00,33.9,59.0,,269.0,0.0,0.0,453.0,983.0,,toluene,0.3,"Alipur, Delhi - DPCC",9
site_104,Delhi,Delhi,"Burari Crossing, Delhi - IMD",2025-06-21 09:00:00+00:00,2025-06-21 09:00:00+00:00,,,,,,0.0,,,,pm25,24.25,"Burari Crossing, Delhi - IMD",9
site_301,Delhi,Delhi,"Anand Vihar, Delhi - DPCC",2025-06-21 09:00:00+00:00,2025-06-21 09:00:00+00:00,32.5,65.0,2.0,248.0,,0.0,314.0,742.0,,benzene,0.7,"Anand Vihar, Delhi - DPCC",9
site_301,Delhi,Delhi,"Anand Vihar, Delhi - DPCC",2025-06-21 09:00:00+00:00,2025-06-21 09:00:00+00:00,32.5,65.0,2.0,248.0,,0.0,314.0,742.0,,co,1.33,"Anand Vihar, Delhi - DPCC",9
site_301,Delhi,Delhi,"Anand Vihar, Delhi - DPCC",2025-06-21 09:00:00+00:00,2025-06-21 09:00:00+00:00,32.5,65.0,2.0,248.0,,0.0,314.0,742.0,,nh3,53.3,"Anand Vihar, Delhi - DPCC",9
site_301,Delhi,Delhi,"Anand Vihar, Delhi - DPCC",2025-06-21 09:00:00+00:00,2025-06-21 09:00:00+00:00,32.5,65.0,2.0,248.0,,0.0,314.0,742.0,,no,7.0,"Anand Vihar, Delhi - DPCC",9
site_301,Delhi,Delhi,"Anand Vihar, Delhi - DPCC",2025-06-21 09:00:00+00:00,2025-06-21 09:00:00+00:00,32.5,65.0,2.0,248.0,,0.0,314.0,742.0,,no2,33.2,"Anand Vihar, Delhi - DPCC",9
site_301,Delhi,Delhi,"Anand Vihar, Delhi - DPCC",2025-06-21 09:00:00+00:00,2025-06-21 09:00:00+00:00,32.5,65.0,2.0,248.0,,0.0,314.0,742.0,,ozone,8.4,"Anand Vihar, Delhi - DPCC",9
site_301,Delhi,Delhi,"Anand Vihar, Delhi - DPCC",2025-06-21 09:00:00+00:00,2025-06-21 09:00:00+00:00,32.5,65.0,2.0,248.0,,0.0,314.0,742.0,,pm10,75.0,"Anand Vihar, Delhi - DPCC",9
site_301,Delhi,Delhi,"Anand Vihar, Delhi - DPCC",2025-06-21 09:00:00+00:00,2025-06-21 09:00:00+00:00,32.5,65.0,2.0,248.0,,0.0,314.0,742.0,,toluene,4.9,"Anand Vihar, Delhi - DPCC",9
site_5024,Delhi,Delhi,"Alipur, Delhi - DPCC",2025-06-21 09:00:00+00:00,2025-06-21 09:00:00+00:00,33.9,59.0,,269.0,0.0,0.0,453.0,983.0,,ozone,36.1,"Alipur, Delhi - DPCC",9
site_108,Delhi,Delhi,"Aya Nagar, Delhi - IMD",2025-06-21 09:00:00+00:00,2025-06-21 09:00:00+00:00,,,,,,0.0,,,,pm25,16.58,"Aya Nagar, Delhi - IMD",9
site_108,Delhi,Delhi,"Aya Nagar, Delhi - IMD",2025-06-21 09:00:00+00:00,2025-06-21 09:00:00+00:00,,,,,,0.0,,,,ozone,48.14,"Aya Nagar, Delhi - IMD",9
site_1560,Delhi,Delhi,"Bawana, Delhi - DPCC",2025-06-21 09:00:00+00:00,2025-06-21 09:00:00+00:00,34.4,61.0,3.6,143.0,0.0,0.0,292.0,981.0,,pm25,45.0,"Bawana, Delhi - DPCC",9
site_104,Delhi,Delhi,"Burari Crossing, Delhi - IMD",2025-06-21 09:00:00+00:00,2025-06-21 09:00:00+00:00,,,,,,0.0,,,,pm10,38.67,"Burari Crossing, Delhi - IMD",9
site_104,Delhi,Delhi,"Burari Crossing, Delhi - IMD",2025-06-21 09:00:00+00:00,2025-06-21 09:00:00+00:00,,,,,,0.0,,,,ozone,44.91,"Burari Crossing, Delhi - IMD",9
site_104,Delhi,Delhi,"Burari Crossing, Delhi - IMD",2025-06-21 09:00:00+00:00,2025-06-21 09:00:00+00:00,,,,,,0.0,,,,no2,27.53,"Burari Crossing, Delhi - IMD",9
site_104,Delhi,Delhi,"Burari Crossing, Delhi - IMD",2025-06-21 09:00:00+00:00,2025-06-21 09:00:00+00:00,,,,,,0.0,,,,no,9.84,"Burari Crossing, Delhi - IMD",9
site_104,Delhi,Delhi,"Burari Crossing, Delhi - IMD",2025-06-21 09:00:00+00:00,2025-06-21 09:00:00+00:00,,,,,,0.0,,,,co,0.76,"Burari Crossing, Delhi - IMD",9
site_1560,Delhi,Delhi,"Bawana, Delhi - DPCC",2025-06-21 09:00:00+00:00,2025-06-21 09:00:00+00:00,34.4,61.0,3.6,143.0,0.0,0.0,292.0,981.0,,so2,4.8,"Bawana, Delhi - DPCC",9
site_5024,Delhi,Delhi,"Alipur, Delhi - DPCC",2025-06-21 09:00:00+00:00,2025-06-21 09:00:00+00:00,33.9,59.0,,269.0,0.0,0.0,453.0,983.0,,benzene,0.2,"Alipur, Delhi - DPCC",9
site_5024,Delhi,Delhi,"Alipur, Delhi - DPCC",2025-06-21 09:00:00+00:00,2025-06-21 09:00:00+00:00,33.9,59.0,,269.0,0.0,0.0,453.0,983.0,,co,0.98,"Alipur, Delhi - DPCC",9
site_5024,Delhi,Delhi,"Alipur, Delhi - DPCC",2025-06-21 09:00:00+00:00,2025-06-21 09:00:00+00:00,33.9,59.0,,269.0,0.0,0.0,453.0,983.0,,nh3,53.1,"Alipur, Delhi - DPCC",9
site_301,Delhi,Delhi,"Anand Vihar, Delhi - DPCC",2025-06-21 09:00:00+00:00,2025-06-21 09:00:00+00:00,32.5,65.0,2.0,248.0,,0.0,314.0,742.0,,pm25,27.0,"Anand Vihar, Delhi - DPCC",9
site_5024,Delhi,Delhi,"Alipur, Delhi - DPCC",2025-06-21 09:00:00+00:00,2025-06-21 09:00:00+00:00,33.9,59.0,,269.0,0.0,0.0,453.0,983.0,,no2,19.0,"Alipur, Delhi - DPCC",9
site_1560,Delhi,Delhi,"Bawana, Delhi - DPCC",2025-06-21 09:00:00+00:00,2025-06-21 09:00:00+00:00,34.4,61.0,3.6,143.0,0.0,0.0,292.0,981.0,,benzene,0.6,"Bawana, Delhi - DPCC",9
site_1560,Delhi,Delhi,"Bawana, Delhi - DPCC",2025-06-21 09:00:00+00:00,2025-06-21 09:00:00+00:00,34.4,61.0,3.6,143.0,0.0,0.0,292.0,981.0,,co,0.61,"Bawana, Delhi - DPCC",9
site_1560,Delhi,Delhi,"Bawana, Delhi - DPCC",2025-06-21 09:00:00+00:00,2025-06-21 09:00:00+00:00,34.4,61.0,3.6,143.0,0.0,0.0,292.0,981.0,,pm10,63.0,"Bawana, Delhi - DPCC",9
site_1560,Delhi,Delhi,"Bawana, Delhi - DPCC",2025-06-21 09:00:00+00:00,2025-06-21 09:00:00+00:00,34.4,61.0,3.6,143.0,0.0,0.0,292.0,981.0,,ozone,7.4,"Bawana, Delhi - DPCC",9
site_1560,Delhi,Delhi,"Bawana, Delhi - DPCC",2025-06-21 09:00:00+00:00,2025-06-21 09:00:00+00:00,34.4,61.0,3.6,143.0,0.0,0.0,292.0,981.0,,no2,9.3,"Bawana, Delhi - DPCC",9
site_1560,Delhi,Delhi,"Bawana, Delhi - DPCC",2025-06-21 09:00:00+00:00,2025-06-21 09:00:00+00:00,34.4,61.0,3.6,143.0,0.0,0.0,292.0,981.0,,no,5.9,"Bawana, Delhi - DPCC",9
site_5024,Delhi,Delhi,"Alipur, Delhi - DPCC",2025-06-21 09:00:00+00:00,2025-06-21 09:00:00+00:00,33.9,59.0,,269.0,0.0,0.0,453.0,983.0,,no,3.1,"Alipur, Delhi - DPCC",9
site_1560,Delhi,Delhi,"Bawana, Delhi - DPCC",2025-06-21 09:00:00+00:00,2025-06-21 09:00:00+00:00,34.4,61.0,3.6,143.0,0.0,0.0,292.0,981.0,,nh3,25.9,"Bawana, Delhi - DPCC",9
site_1560,Delhi,Delhi,"Bawana, Delhi - DPCC",2025-06-21 09:15:00+00:00,2025-06-21 09:15:00+00:00,33.9,63.0,3.7,145.0,0.0,0.0,319.0,983.0,,toluene,1.7,"Bawana, Delhi - DPCC",9
site_1560,Delhi,Delhi,"Bawana, Delhi - DPCC",2025-06-21 09:15:00+00:00,2025-06-21 09:15:00+00:00,33.9,63.0,3.7,145.0,0.0,0.0,319.0,983.0,,so2,4.5,"Bawana, Delhi - DPCC",9
site_104,Delhi,Delhi,"Burari Crossing, Delhi - IMD",2025-06-21 09:15:00+00:00,2025-06-21 09:15:00+00:00,,,,,,0.0,,,,pm25,27.01,"Burari Crossing, Delhi - IMD",9
site_104,Delhi,Delhi,"Burari Crossing, Delhi - IMD",2025-06-21 09:15:00+00:00,2025-06-21 09:15:00+00:00,,,,,,0.0,,,,pm10,40.99,"Burari Crossing, Delhi - IMD",9
site_5024,Delhi,Delhi,"Alipur, Delhi - DPCC",2025-06-21 09:15:00+00:00,2025-06-21 09:15:00+00:00,34.6,56.0,,265.0,0.0,0.0,529.0,982.0,,nh3,52.5,"Alipur, Delhi - DPCC",9
site_5024,Delhi,Delhi,"Alipur, Delhi - DPCC",2025-06-21 09:15:00+00:00,2025-06-21 09:15:00+00:00,34.6,56.0,,265.0,0.0,0.0,529.0,982.0,,co,0.81,"Alipur, Delhi - DPCC",9
site_5024,Delhi,Delhi,"Alipur, Delhi - DPCC",2025-06-21 09:15:00+00:00,2025-06-21 09:15:00+00:00,34.6,56.0,,265.0,0.0,0.0,529.0,982.0,,benzene,0.3,"Alipur, Delhi - DPCC",9
site_104,Delhi,Delhi,"Burari Crossing, Delhi - IMD",2025-06-21 09:15:00+00:00,2025-06-21 09:15:00+00:00,,,,,,0.0,,,,ozone,52.99,"Burari Crossing, Delhi - IMD",9
site_104,Delhi,Delhi,"Burari Crossing, Delhi - IMD",2025-06-21 09:15:00+00:00,2025-06-21 09:15:00+00:00,,,,,,0.0,,,,no2,26.69,"Burari Crossing, Delhi - IMD",9
site_104,Delhi,Delhi,"Burari Crossing, Delhi - IMD",2025-06-21 09:15:00+00:00,2025-06-21 09:15:00+00:00,,,,,,0.0,,,,co,0.73,"Burari Crossing, Delhi - IMD",9
site_1560,Delhi,Delhi,"Bawana, Delhi - DPCC",2025-06-21 09:15:00+00:00,2025-06-21 09:15:00+00:00,33.9,63.0,3.7,145.0,0.0,0.0,319.0,983.0,,pm25,45.0,"Bawana, Delhi - DPCC",9
site_1560,Delhi,Delhi,"Bawana, Delhi - DPCC",2025-06-21 09:15:00+00:00,2025-06-21 09:15:00+00:00,33.9,63.0,3.7,145.0,0.0,0.0,319.0,983.0,,pm10,63.0,"Bawana, Delhi - DPCC",9
site_1560,Delhi,Delhi,"Bawana, Delhi - DPCC",2025-06-21 09:15:00+00:00,2025-06-21 09:15:00+00:00,33.9,63.0,3.7,145.0,0.0,0.0,319.0,983.0,,ozone,8.4,"Bawana, Delhi - DPCC",9
site_5024,Delhi,Delhi,"Alipur, Delhi - DPCC",2025-06-21 09:15:00+00:00,2025-06-21 09:15:00+00:00,34.6,56.0,,265.0,0.0,0.0,529.0,982.0,,no,3.2,"Alipur, Delhi - DPCC",9
site_104,Delhi,Delhi,"Burari Crossing, Delhi - IMD",2025-06-21 09:15:00+00:00,2025-06-21 09:15:00+00:00,,,,,,0.0,,,,no,9.06,"Burari Crossing, Delhi - IMD",9
site_301,Delhi,Delhi,"Anand Vihar, Delhi - DPCC",2025-06-21 09:15:00+00:00,2025-06-21 09:15:00+00:00,32.6,64.0,1.6,242.0,,0.0,316.0,742.0,,so2,59.9,"Anand Vihar, Delhi - DPCC",9
site_301,Delhi,Delhi,"Anand Vihar, Delhi - DPCC",2025-06-21 09:15:00+00:00,2025-06-21 09:15:00+00:00,32.6,64.0,1.6,242.0,,0.0,316.0,742.0,,co,1.32,"Anand Vihar, Delhi - DPCC",9
site_108,Delhi,Delhi,"Aya Nagar, Delhi - IMD",2025-06-21 09:15:00+00:00,2025-06-21 09:15:00+00:00,,,,,,0.0,,,,pm25,24.1,"Aya Nagar, Delhi - IMD",9
site_1420,Delhi,Delhi,"Ashok Vihar, Delhi - DPCC",2025-06-21 09:15:00+00:00,2025-06-21 09:15:00+00:00,32.8,67.0,3.3,118.0,0.0,0.0,402.0,982.0,,benzene,0.1,"Ashok Vihar, Delhi - DPCC",9
site_1420,Delhi,Delhi,"Ashok Vihar, Delhi - DPCC",2025-06-21 09:15:00+00:00,2025-06-21 09:15:00+00:00,32.8,67.0,3.3,118.0,0.0,0.0,402.0,982.0,,co,0.8,"Ashok Vihar, Delhi - DPCC",9
site_1420,Delhi,Delhi,"Ashok Vihar, Delhi - DPCC",2025-06-21 09:15:00+00:00,2025-06-21 09:15:00+00:00,32.8,67.0,3.3,118.0,0.0,0.0,402.0,982.0,,nh3,32.0,"Ashok Vihar, Delhi - DPCC",9
site_1420,Delhi,Delhi,"Ashok Vihar, Delhi - DPCC",2025-06-21 09:15:00+00:00,2025-06-21 09:15:00+00:00,32.8,67.0,3.3,118.0,0.0,0.0,402.0,982.0,,no,4.7,"Ashok Vihar, Delhi - DPCC",9
site_1420,Delhi,Delhi,"Ashok Vihar, Delhi - DPCC",2025-06-21 09:15:00+00:00,2025-06-21 09:15:00+00:00,32.8,67.0,3.3,118.0,0.0,0.0,402.0,982.0,,no2,12.2,"Ashok Vihar, Delhi - DPCC",9
site_1420,Delhi,Delhi,"Ashok Vihar, Delhi - DPCC",2025-06-21 09:15:00+00:00,2025-06-21 09:15:00+00:00,32.8,67.0,3.3,118.0,0.0,0.0,402.0,982.0,,ozone,26.5,"Ashok Vihar, Delhi - DPCC",9
site_301,Delhi,Delhi,"Anand Vihar, Delhi - DPCC",2025-06-21 09:15:00+00:00,2025-06-21 09:15:00+00:00,32.6,64.0,1.6,242.0,,0.0,316.0,742.0,,benzene,0.8,"Anand Vihar, Delhi - DPCC",9
site_1420,Delhi,Delhi,"Ashok Vihar, Delhi - DPCC",2025-06-21 09:15:00+00:00,2025-06-21 09:15:00+00:00,32.8,67.0,3.3,118.0,0.0,0.0,402.0,982.0,,pm10,61.0,"Ashok Vihar, Delhi - DPCC",9
site_1420,Delhi,Delhi,"Ashok Vihar, Delhi - DPCC",2025-06-21 09:15:00+00:00,2025-06-21 09:15:00+00:00,32.8,67.0,3.3,118.0,0.0,0.0,402.0,982.0,,so2,6.3,"Ashok Vihar, Delhi - DPCC",9
site_1420,Delhi,Delhi,"Ashok Vihar, Delhi - DPCC",2025-06-21 09:15:00+00:00,2025-06-21 09:15:00+00:00,32.8,67.0,3.3,118.0,0.0,0.0,402.0,982.0,,toluene,0.5,"Ashok Vihar, Delhi - DPCC",9
site_1560,Delhi,Delhi,"Bawana, Delhi - DPCC",2025-06-21 09:15:00+00:00,2025-06-21 09:15:00+00:00,33.9,63.0,3.7,145.0,0.0,0.0,319.0,983.0,,benzene,0.8,"Bawana, Delhi - DPCC",9
site_1560,Delhi,Delhi,"Bawana, Delhi - DPCC",2025-06-21 09:15:00+00:00,2025-06-21 09:15:00+00:00,33.9,63.0,3.7,145.0,0.0,0.0,319.0,983.0,,co,0.6,"Bawana, Delhi - DPCC",9
site_1560,Delhi,Delhi,"Bawana, Delhi - DPCC",2025-06-21 09:15:00+00:00,2025-06-21 09:15:00+00:00,33.9,63.0,3.7,145.0,0.0,0.0,319.0,983.0,,nh3,26.6,"Bawana, Delhi - DPCC",9
site_1560,Delhi,Delhi,"Bawana, Delhi - DPCC",2025-06-21 09:15:00+00:00,2025-06-21 09:15:00+00:00,33.9,63.0,3.7,145.0,0.0,0.0,319.0,983.0,,no,5.5,"Bawana, Delhi - DPCC",9
site_1560,Delhi,Delhi,"Bawana, Delhi - DPCC",2025-06-21 09:15:00+00:00,2025-06-21 09:15:00+00:00,33.9,63.0,3.7,145.0,0.0,0.0,319.0,983.0,,no2,8.3,"Bawana, Delhi - DPCC",9
site_1420,Delhi,Delhi,"Ashok Vihar, Delhi - DPCC",2025-06-21 09:15:00+00:00,2025-06-21 09:15:00+00:00,32.8,67.0,3.3,118.0,0.0,0.0,402.0,982.0,,pm25,38.0,"Ashok Vihar, Delhi - DPCC",9
site_108,Delhi,Delhi,"Aya Nagar, Delhi - IMD",2025-06-21 09:15:00+00:00,2025-06-21 09:15:00+00:00,,,,,,0.0,,,,ozone,53.98,"Aya Nagar, Delhi - IMD",9
site_108,Delhi,Delhi,"Aya Nagar, Delhi - IMD",2025-06-21 09:15:00+00:00,2025-06-21 09:15:00+00:00,,,,,,0.0,,,,pm10,63.21,"Aya Nagar, Delhi - IMD",9
site_108,Delhi,Delhi,"Aya Nagar, Delhi - IMD",2025-06-21 09:15:00+00:00,2025-06-21 09:15:00+00:00,,,,,,0.0,,,,no,8.15,"Aya Nagar, Delhi - IMD",9
site_301,Delhi,Delhi,"Anand Vihar, Delhi - DPCC",2025-06-21 09:15:00+00:00,2025-06-21 09:15:00+00:00,32.6,64.0,1.6,242.0,,0.0,316.0,742.0,,no,8.4,"Anand Vihar, Delhi - DPCC",9
site_301,Delhi,Delhi,"Anand Vihar, Delhi - DPCC",2025-06-21 09:15:00+00:00,2025-06-21 09:15:00+00:00,32.6,64.0,1.6,242.0,,0.0,316.0,742.0,,no2,26.5,"Anand Vihar, Delhi - DPCC",9
site_301,Delhi,Delhi,"Anand Vihar, Delhi - DPCC",2025-06-21 09:15:00+00:00,2025-06-21 09:15:00+00:00,32.6,64.0,1.6,242.0,,0.0,316.0,742.0,,ozone,13.3,"Anand Vihar, Delhi - DPCC",9
site_301,Delhi,Delhi,"Anand Vihar, Delhi - DPCC",2025-06-21 09:15:00+00:00,2025-06-21 09:15:00+00:00,32.6,64.0,1.6,242.0,,0.0,316.0,742.0,,pm10,75.0,"Anand Vihar, Delhi - DPCC",9
site_301,Delhi,Delhi,"Anand Vihar, Delhi - DPCC",2025-06-21 09:15:00+00:00,2025-06-21 09:15:00+00:00,32.6,64.0,1.6,242.0,,0.0,316.0,742.0,,pm25,27.0,"Anand Vihar, Delhi - DPCC",9
site_108,Delhi,Delhi,"Aya Nagar, Delhi - IMD",2025-06-21 09:15:00+00:00,2025-06-21 09:15:00+00:00,,,,,,0.0,,,,no2,10.78,"Aya Nagar, Delhi - IMD",9
site_301,Delhi,Delhi,"Anand Vihar, Delhi - DPCC",2025-06-21 09:15:00+00:00,2025-06-21 09:15:00+00:00,32.6,64.0,1.6,242.0,,0.0,316.0,742.0,,toluene,5.1,"Anand Vihar, Delhi - DPCC",9
site_301,Delhi,Delhi,"Anand Vihar, Delhi - DPCC",2025-06-21 09:15:00+00:00,2025-06-21 09:15:00+00:00,32.6,64.0,1.6,242.0,,0.0,316.0,742.0,,nh3,36.3,"Anand Vihar, Delhi - DPCC",9
site_5024,Delhi,Delhi,"Alipur, Delhi - DPCC",2025-06-21 09:15:00+00:00,2025-06-21 09:15:00+00:00,34.6,56.0,,265.0,0.0,0.0,529.0,982.0,,no2,17.8,"Alipur, Delhi - DPCC",9
site_5024,Delhi,Delhi,"Alipur, Delhi - DPCC",2025-06-21 09:15:00+00:00,2025-06-21 09:15:00+00:00,34.6,56.0,,265.0,0.0,0.0,529.0,982.0,,pm10,78.0,"Alipur, Delhi - DPCC",9
site_5024,Delhi,Delhi,"Alipur, Delhi - DPCC",2025-06-21 09:15:00+00:00,2025-06-21 09:15:00+00:00,34.6,56.0,,265.0,0.0,0.0,529.0,982.0,,pm25,36.0,"Alipur, Delhi - DPCC",9
site_5024,Delhi,Delhi,"Alipur, Delhi - DPCC",2025-06-21 09:15:00+00:00,2025-06-21 09:15:00+00:00,34.6,56.0,,265.0,0.0,0.0,529.0,982.0,,so2,12.1,"Alipur, Delhi - DPCC",9
site_5024,Delhi,Delhi,"Alipur, Delhi - DPCC",2025-06-21 09:15:00+00:00,2025-06-21 09:15:00+00:00,34.6,56.0,,265.0,0.0,0.0,529.0,982.0,,toluene,0.3,"Alipur, Delhi - DPCC",9
site_108,Delhi,Delhi,"Aya Nagar, Delhi - IMD",2025-06-21 09:15:00+00:00,2025-06-21 09:15:00+00:00,,,,,,0.0,,,,co,0.98,"Aya Nagar, Delhi - IMD",9
site_5024,Delhi,Delhi,"Alipur, Delhi - DPCC",2025-06-21 09:15:00+00:00,2025-06-21 09:15:00+00:00,34.6,56.0,,265.0,0.0,0.0,529.0,982.0,,ozone,38.8,"Alipur, Delhi - DPCC",9
site_5024,Delhi,Delhi,"Alipur, Delhi - DPCC",2025-06-21 09:30:00+00:00,2025-06-21 09:30:00+00:00,34.8,55.0,,238.0,0.0,0.0,488.0,982.0,,so2,13.1,"Alipur, Delhi - DPCC",9
site_5024,Delhi,Delhi,"Alipur, Delhi - DPCC",2025-06-21 09:30:00+00:00,2025-06-21 09:30:00+00:00,34.8,55.0,,238.0,0.0,0.0,488.0,982.0,,toluene,0.3,"Alipur, Delhi - DPCC",9
site_5024,Delhi,Delhi,"Alipur, Delhi - DPCC",2025-06-21 09:30:00+00:00,2025-06-21 09:30:00+00:00,34.8,55.0,,238.0,0.0,0.0,488.0,982.0,,pm25,36.0,"Alipur, Delhi - DPCC",9
site_5024,Delhi,Delhi,"Alipur, Delhi - DPCC",2025-06-21 09:30:00+00:00,2025-06-21 09:30:00+00:00,34.8,55.0,,238.0,0.0,0.0,488.0,982.0,,nh3,52.0,"Alipur, Delhi - DPCC",9
site_5024,Delhi,Delhi,"Alipur, Delhi - DPCC",2025-06-21 09:30:00+00:00,2025-06-21 09:30:00+00:00,34.8,55.0,,238.0,0.0,0.0,488.0,982.0,,benzene,0.2,"Alipur, Delhi - DPCC",9
site_5024,Delhi,Delhi,"Alipur, Delhi - DPCC",2025-06-21 09:30:00+00:00,2025-06-21 09:30:00+00:00,34.8,55.0,,238.0,0.0,0.0,488.0,982.0,,co,0.81,"Alipur, Delhi - DPCC",9
site_5024,Delhi,Delhi,"Alipur, Delhi - DPCC",2025-06-21 09:30:00+00:00,2025-06-21 09:30:00+00:00,34.8,55.0,,238.0,0.0,0.0,488.0,982.0,,pm10,78.0,"Alipur, Delhi - DPCC",9
site_5024,Delhi,Delhi,"Alipur, Delhi - DPCC",2025-06-21 09:30:00+00:00,2025-06-21 09:30:00+00:00,34.8,55.0,,238.0,0.0,0.0,488.0,982.0,,no,3.3,"Alipur, Delhi - DPCC",9
site_5024,Delhi,Delhi,"Alipur, Delhi - DPCC",2025-06-21 09:30:00+00:00,2025-06-21 09:30:00+00:00,34.8,55.0,,238.0,0.0,0.0,488.0,982.0,,no2,18.0,"Alipur, Delhi - DPCC",9
site_301,Delhi,Delhi,"Anand Vihar, Delhi - DPCC",2025-06-21 09:30:00+00:00,2025-06-21 09:30:00+00:00,33.0,63.0,1.9,272.0,,0.0,313.0,742.0,,no2,27.0,"Anand Vihar, Delhi - DPCC",9
site_104,Delhi,Delhi,"Burari Crossing, Delhi - IMD",2025-06-21 09:30:00+00:00,2025-06-21 09:30:00+00:00,,,,,,0.0,,,,pm10,47.84,"Burari Crossing, Delhi - IMD",9
site_301,Delhi,Delhi,"Anand Vihar, Delhi - DPCC",2025-06-21 09:30:00+00:00,2025-06-21 09:30:00+00:00,33.0,63.0,1.9,272.0,,0.0,313.0,742.0,,no,8.9,"Anand Vihar, Delhi - DPCC",9
site_301,Delhi,Delhi,"Anand Vihar, Delhi - DPCC",2025-06-21 09:30:00+00:00,2025-06-21 09:30:00+00:00,33.0,63.0,1.9,272.0,,0.0,313.0,742.0,,nh3,30.1,"Anand Vihar, Delhi - DPCC",9
site_301,Delhi,Delhi,"Anand Vihar, Delhi - DPCC",2025-06-21 09:30:00+00:00,2025-06-21 09:30:00+00:00,33.0,63.0,1.9,272.0,,0.0,313.0,742.0,,co,1.23,"Anand Vihar, Delhi - DPCC",9
site_301,Delhi,Delhi,"Anand Vihar, Delhi - DPCC",2025-06-21 09:30:00+00:00,2025-06-21 09:30:00+00:00,33.0,63.0,1.9,272.0,,0.0,313.0,742.0,,benzene,0.9,"Anand Vihar, Delhi - DPCC",9
site_1560,Delhi,Delhi,"Bawana, Delhi - DPCC",2025-06-21 09:30:00+00:00,2025-06-21 09:30:00+00:00,34.5,61.0,2.7,136.0,0.0,0.0,429.0,981.0,,toluene,1.4,"Bawana, Delhi - DPCC",9
site_1560,Delhi,Delhi,"Bawana, Delhi - DPCC",2025-06-21 09:30:00+00:00,2025-06-21 09:30:00+00:00,34.5,61.0,2.7,136.0,0.0,0.0,429.0,981.0,,so2,4.4,"Bawana, Delhi - DPCC",9
site_1560,Delhi,Delhi,"Bawana, Delhi - DPCC",2025-06-21 09:30:00+00:00,2025-06-21 09:30:00+00:00,34.5,61.0,2.7,136.0,0.0,0.0,429.0,981.0,,pm25,45.0,"Bawana, Delhi - DPCC",9
site_108,Delhi,Delhi,"Aya Nagar, Delhi - IMD",2025-06-21 09:30:00+00:00,2025-06-21 09:30:00+00:00,,,,,,0.0,,,,pm25,25.23,"Aya Nagar, Delhi - IMD",9
site_108,Delhi,Delhi,"Aya Nagar, Delhi - IMD",2025-06-21 09:30:00+00:00,2025-06-21 09:30:00+00:00,,,,,,0.0,,,,pm10,68.82,"Aya Nagar, Delhi - IMD",9
site_108,Delhi,Delhi,"Aya Nagar, Delhi - IMD",2025-06-21 09:30:00+00:00,2025-06-21 09:30:00+00:00,,,,,,0.0,,,,ozone,67.99,"Aya Nagar, Delhi - IMD",9
site_108,Delhi,Delhi,"Aya Nagar, Delhi - IMD",2025-06-21 09:30:00+00:00,2025-06-21 09:30:00+00:00,,,,,,0.0,,,,no2,10.37,"Aya Nagar, Delhi - IMD",9
site_301,Delhi,Delhi,"Anand Vihar, Delhi - DPCC",2025-06-21 09:30:00+00:00,2025-06-21 09:30:00+00:00,33.0,63.0,1.9,272.0,,0.0,313.0,742.0,,ozone,16.6,"Anand Vihar, Delhi - DPCC",9
site_108,Delhi,Delhi,"Aya Nagar, Delhi - IMD",2025-06-21 09:30:00+00:00,2025-06-21 09:30:00+00:00,,,,,,0.0,,,,no,6.39,"Aya Nagar, Delhi - IMD",9
site_5024,Delhi,Delhi,"Alipur, Delhi - DPCC",2025-06-21 09:30:00+00:00,2025-06-21 09:30:00+00:00,34.8,55.0,,238.0,0.0,0.0,488.0,982.0,,ozone,42.9,"Alipur, Delhi - DPCC",9
site_1560,Delhi,Delhi,"Bawana, Delhi - DPCC",2025-06-21 09:30:00+00:00,2025-06-21 09:30:00+00:00,34.5,61.0,2.7,136.0,0.0,0.0,429.0,981.0,,benzene,0.6,"Bawana, Delhi - DPCC",9
site_1560,Delhi,Delhi,"Bawana, Delhi - DPCC",2025-06-21 09:30:00+00:00,2025-06-21 09:30:00+00:00,34.5,61.0,2.7,136.0,0.0,0.0,429.0,981.0,,co,0.62,"Bawana, Delhi - DPCC",9
site_1560,Delhi,Delhi,"Bawana, Delhi - DPCC",2025-06-21 09:30:00+00:00,2025-06-21 09:30:00+00:00,34.5,61.0,2.7,136.0,0.0,0.0,429.0,981.0,,nh3,26.2,"Bawana, Delhi - DPCC",9
site_1560,Delhi,Delhi,"Bawana, Delhi - DPCC",2025-06-21 09:30:00+00:00,2025-06-21 09:30:00+00:00,34.5,61.0,2.7,136.0,0.0,0.0,429.0,981.0,,no,5.4,"Bawana, Delhi - DPCC",9
site_1560,Delhi,Delhi,"Bawana, Delhi - DPCC",2025-06-21 09:30:00+00:00,2025-06-21 09:30:00+00:00,34.5,61.0,2.7,136.0,0.0,0.0,429.0,981.0,,no2,8.3,"Bawana, Delhi - DPCC",9
site_1560,Delhi,Delhi,"Bawana, Delhi - DPCC",2025-06-21 09:30:00+00:00,2025-06-21 09:30:00+00:00,34.5,61.0,2.7,136.0,0.0,0.0,429.0,981.0,,ozone,7.2,"Bawana, Delhi - DPCC",9
site_1560,Delhi,Delhi,"Bawana, Delhi - DPCC",2025-06-21 09:30:00+00:00,2025-06-21 09:30:00+00:00,34.5,61.0,2.7,136.0,0.0,0.0,429.0,981.0,,pm10,63.0,"Bawana, Delhi - DPCC",9
site_104,Delhi,Delhi,"Burari Crossing, Delhi - IMD",2025-06-21 09:30:00+00:00,2025-06-21 09:30:00+00:00,,,,,,0.0,,,,co,0.71,"Burari Crossing, Delhi - IMD",9
site_104,Delhi,Delhi,"Burari Crossing, Delhi - IMD",2025-06-21 09:30:00+00:00,2025-06-21 09:30:00+00:00,,,,,,0.0,,,,no,8.56,"Burari Crossing, Delhi - IMD",9
site_104,Delhi,Delhi,"Burari Crossing, Delhi - IMD",2025-06-21 09:30:00+00:00,2025-06-21 09:30:00+00:00,,,,,,0.0,,,,no2,25.25,"Burari Crossing, Delhi - IMD",9
site_104,Delhi,Delhi,"Burari Crossing, Delhi - IMD",2025-06-21 09:30:00+00:00,2025-06-21 09:30:00+00:00,,,,,,0.0,,,,ozone,54.32,"Burari Crossing, Delhi - IMD",9
site_108,Delhi,Delhi,"Aya Nagar, Delhi - IMD",2025-06-21 09:30:00+00:00,2025-06-21 09:30:00+00:00,,,,,,0.0,,,,co,0.98,"Aya Nagar, Delhi - IMD",9
site_301,Delhi,Delhi,"Anand Vihar, Delhi - DPCC",2025-06-21 09:30:00+00:00,2025-06-21 09:30:00+00:00,33.0,63.0,1.9,272.0,,0.0,313.0,742.0,,pm10,75.0,"Anand Vihar, Delhi - DPCC",9
site_104,Delhi,Delhi,"Burari Crossing, Delhi - IMD",2025-06-21 09:30:00+00:00,2025-06-21 09:30:00+00:00,,,,,,0.0,,,,pm25,18.39,"Burari Crossing, Delhi - IMD",9
site_301,Delhi,Delhi,"Anand Vihar, Delhi - DPCC",2025-06-21 09:30:00+00:00,2025-06-21 09:30:00+00:00,33.0,63.0,1.9,272.0,,0.0,313.0,742.0,,so2,58.7,"Anand Vihar, Delhi - DPCC",9
site_1420,Delhi,Delhi,"Ashok Vihar, Delhi - DPCC",2025-06-21 09:30:00+00:00,2025-06-21 09:30:00+00:00,32.6,66.0,4.7,95.0,0.0,0.0,454.0,982.0,,toluene,0.6,"Ashok Vihar, Delhi - DPCC",9
site_1420,Delhi,Delhi,"Ashok Vihar, Delhi - DPCC",2025-06-21 09:30:00+00:00,2025-06-21 09:30:00+00:00,32.6,66.0,4.7,95.0,0.0,0.0,454.0,982.0,,so2,6.6,"Ashok Vihar, Delhi - DPCC",9
site_1420,Delhi,Delhi,"Ashok Vihar, Delhi - DPCC",2025-06-21 09:30:00+00:00,2025-06-21 09:30:00+00:00,32.6,66.0,4.7,95.0,0.0,0.0,454.0,982.0,,pm25,38.0,"Ashok Vihar, Delhi - DPCC",9
site_1420,Delhi,Delhi,"Ashok Vihar, Delhi - DPCC",2025-06-21 09:30:00+00:00,2025-06-21 09:30:00+00:00,32.6,66.0,4.7,95.0,0.0,0.0,454.0,982.0,,pm10,61.0,"Ashok Vihar, Delhi - DPCC",9
site_1420,Delhi,Delhi,"Ashok Vihar, Delhi - DPCC",2025-06-21 09:30:00+00:00,2025-06-21 09:30:00+00:00,32.6,66.0,4.7,95.0,0.0,0.0,454.0,982.0,,ozone,16.6,"Ashok Vihar, Delhi - DPCC",9
site_301,Delhi,Delhi,"Anand Vihar, Delhi - DPCC",2025-06-21 09:30:00+00:00,2025-06-21 09:30:00+00:00,33.0,63.0,1.9,272.0,,0.0,313.0,742.0,,pm25,27.0,"Anand Vihar, Delhi - DPCC",9
site_1420,Delhi,Delhi,"Ashok Vihar, Delhi - DPCC",2025-06-21 09:30:00+00:00,2025-06-21 09:30:00+00:00,32.6,66.0,4.7,95.0,0.0,0.0,454.0,982.0,,no,5.1,"Ashok Vihar, Delhi - DPCC",9
site_1420,Delhi,Delhi,"Ashok Vihar, Delhi - DPCC",2025-06-21 09:30:00+00:00,2025-06-21 09:30:00+00:00,32.6,66.0,4.7,95.0,0.0,0.0,454.0,982.0,,nh3,31.1,"Ashok Vihar, Delhi - DPCC",9
site_1420,Delhi,Delhi,"Ashok Vihar, Delhi - DPCC",2025-06-21 09:30:00+00:00,2025-06-21 09:30:00+00:00,32.6,66.0,4.7,95.0,0.0,0.0,454.0,982.0,,co,0.78,"Ashok Vihar, Delhi - DPCC",9
site_1420,Delhi,Delhi,"Ashok Vihar, Delhi - DPCC",2025-06-21 09:30:00+00:00,2025-06-21 09:30:00+00:00,32.6,66.0,4.7,95.0,0.0,0.0,454.0,982.0,,benzene,0.1,"Ashok Vihar, Delhi - DPCC",9
site_1420,Delhi,Delhi,"Ashok Vihar, Delhi - DPCC",2025-06-21 09:30:00+00:00,2025-06-21 09:30:00+00:00,32.6,66.0,4.7,95.0,0.0,0.0,454.0,982.0,,no2,12.2,"Ashok Vihar, Delhi - DPCC",9
site_301,Delhi,Delhi,"Anand Vihar, Delhi - DPCC",2025-06-21 09:30:00+00:00,2025-06-21 09:30:00+00:00,33.0,63.0,1.9,272.0,,0.0,313.0,742.0,,toluene,4.8,"Anand Vihar, Delhi - DPCC",9
site_1560,Delhi,Delhi,"Bawana, Delhi - DPCC",2025-06-21 09:45:00+00:00,2025-06-21 09:45:00+00:00,35.1,58.0,3.4,125.0,0.0,0.0,358.0,979.0,,so2,4.5,"Bawana, Delhi - DPCC",9
site_1420,Delhi,Delhi,"Ashok Vihar, Delhi - DPCC",2025-06-21 09:45:00+00:00,2025-06-21 09:45:00+00:00,32.8,65.0,4.2,96.0,0.0,0.0,484.0,982.0,,toluene,0.6,"Ashok Vihar, Delhi - DPCC",9
site_1420,Delhi,Delhi,"Ashok Vihar, Delhi - DPCC",2025-06-21 09:45:00+00:00,2025-06-21 09:45:00+00:00,32.8,65.0,4.2,96.0,0.0,0.0,484.0,982.0,,so2,6.7,"Ashok Vihar, Delhi - DPCC",9
site_1420,Delhi,Delhi,"Ashok Vihar, Delhi - DPCC",2025-06-21 09:45:00+00:00,2025-06-21 09:45:00+00:00,32.8,65.0,4.2,96.0,0.0,0.0,484.0,982.0,,pm10,61.0,"Ashok Vihar, Delhi - DPCC",9
site_1420,Delhi,Delhi,"Ashok Vihar, Delhi - DPCC",2025-06-21 09:45:00+00:00,2025-06-21 09:45:00+00:00,32.8,65.0,4.2,96.0,0.0,0.0,484.0,982.0,,ozone,19.3,"Ashok Vihar, Delhi - DPCC",9
site_1420,Delhi,Delhi,"Ashok Vihar, Delhi - DPCC",2025-06-21 09:45:00+00:00,2025-06-21 09:45:00+00:00,32.8,65.0,4.2,96.0,0.0,0.0,484.0,982.0,,no2,9.1,"Ashok Vihar, Delhi - DPCC",9
site_1420,Delhi,Delhi,"Ashok Vihar, Delhi - DPCC",2025-06-21 09:45:00+00:00,2025-06-21 09:45:00+00:00,32.8,65.0,4.2,96.0,0.0,0.0,484.0,982.0,,no,4.2,"Ashok Vihar, Delhi - DPCC",9
site_1420,Delhi,Delhi,"Ashok Vihar, Delhi - DPCC",2025-06-21 09:45:00+00:00,2025-06-21 09:45:00+00:00,32.8,65.0,4.2,96.0,0.0,0.0,484.0,982.0,,nh3,31.4,"Ashok Vihar, Delhi - DPCC",9
site_1420,Delhi,Delhi,"Ashok Vihar, Delhi - DPCC",2025-06-21 09:45:00+00:00,2025-06-21 09:45:00+00:00,32.8,65.0,4.2,96.0,0.0,0.0,484.0,982.0,,co,0.79,"Ashok Vihar, Delhi - DPCC",9
site_1420,Delhi,Delhi,"Ashok Vihar, Delhi - DPCC",2025-06-21 09:45:00+00:00,2025-06-21 09:45:00+00:00,32.8,65.0,4.2,96.0,0.0,0.0,484.0,982.0,,benzene,0.1,"Ashok Vihar, Delhi - DPCC",9
site_1560,Delhi,Delhi,"Bawana, Delhi - DPCC",2025-06-21 09:45:00+00:00,2025-06-21 09:45:00+00:00,35.1,58.0,3.4,125.0,0.0,0.0,358.0,979.0,,no2,8.5,"Bawana, Delhi - DPCC",9
site_1560,Delhi,Delhi,"Bawana, Delhi - DPCC",2025-06-21 09:45:00+00:00,2025-06-21 09:45:00+00:00,35.1,58.0,3.4,125.0,0.0,0.0,358.0,979.0,,ozone,8.3,"Bawana, Delhi - DPCC",9
site_1560,Delhi,Delhi,"Bawana, Delhi - DPCC",2025-06-21 09:45:00+00:00,2025-06-21 09:45:00+00:00,35.1,58.0,3.4,125.0,0.0,0.0,358.0,979.0,,pm10,63.0,"Bawana, Delhi - DPCC",9
site_1560,Delhi,Delhi,"Bawana, Delhi - DPCC",2025-06-21 09:45:00+00:00,2025-06-21 09:45:00+00:00,35.1,58.0,3.4,125.0,0.0,0.0,358.0,979.0,,pm25,45.0,"Bawana, Delhi - DPCC",9
site_1560,Delhi,Delhi,"Bawana, Delhi - DPCC",2025-06-21 09:45:00+00:00,2025-06-21 09:45:00+00:00,35.1,58.0,3.4,125.0,0.0,0.0,358.0,979.0,,no,4.9,"Bawana, Delhi - DPCC",9
site_1560,Delhi,Delhi,"Bawana, Delhi - DPCC",2025-06-21 09:45:00+00:00,2025-06-21 09:45:00+00:00,35.1,58.0,3.4,125.0,0.0,0.0,358.0,979.0,,nh3,26.1,"Bawana, Delhi - DPCC",9
site_1560,Delhi,Delhi,"Bawana, Delhi - DPCC",2025-06-21 09:45:00+00:00,2025-06-21 09:45:00+00:00,35.1,58.0,3.4,125.0,0.0,0.0,358.0,979.0,,co,0.62,"Bawana, Delhi - DPCC",9
site_1560,Delhi,Delhi,"Bawana, Delhi - DPCC",2025-06-21 09:45:00+00:00,2025-06-21 09:45:00+00:00,35.1,58.0,3.4,125.0,0.0,0.0,358.0,979.0,,benzene,0.6,"Bawana, Delhi - DPCC",9
site_1560,Delhi,Delhi,"Bawana, Delhi - DPCC",2025-06-21 09:45:00+00:00,2025-06-21 09:45:00+00:00,35.1,58.0,3.4,125.0,0.0,0.0,358.0,979.0,,toluene,1.7,"Bawana, Delhi - DPCC",9
site_1420,Delhi,Delhi,"Ashok Vihar, Delhi - DPCC",2025-06-21 09:45:00+00:00,2025-06-21 09:45:00+00:00,32.8,65.0,4.2,96.0,0.0,0.0,484.0,982.0,,pm25,38.0,"Ashok Vihar, Delhi - DPCC",9
site_104,Delhi,Delhi,"Burari Crossing, Delhi - IMD",2025-06-21 09:45:00+00:00,2025-06-21 09:45:00+00:00,,,,,,0.0,,,,pm10,45.18,"Burari Crossing, Delhi - IMD",9
site_104,Delhi,Delhi,"Burari Crossing, Delhi - IMD",2025-06-21 09:45:00+00:00,2025-06-21 09:45:00+00:00,,,,,,0.0,,,,no,8.3,"Burari Crossing, Delhi - IMD",9
site_301,Delhi,Delhi,"Anand Vihar, Delhi - DPCC",2025-06-21 09:45:00+00:00,2025-06-21 09:45:00+00:00,33.1,62.0,1.9,263.0,,0.0,320.0,742.0,,toluene,4.6,"Anand Vihar, Delhi - DPCC",9
site_301,Delhi,Delhi,"Anand Vihar, Delhi - DPCC",2025-06-21 09:45:00+00:00,2025-06-21 09:45:00+00:00,33.1,62.0,1.9,263.0,,0.0,320.0,742.0,,so2,55.8,"Anand Vihar, Delhi - DPCC",9
site_301,Delhi,Delhi,"Anand Vihar, Delhi - DPCC",2025-06-21 09:45:00+00:00,2025-06-21 09:45:00+00:00,33.1,62.0,1.9,263.0,,0.0,320.0,742.0,,pm25,27.0,"Anand Vihar, Delhi - DPCC",9
site_301,Delhi,Delhi,"Anand Vihar, Delhi - DPCC",2025-06-21 09:45:00+00:00,2025-06-21 09:45:00+00:00,33.1,62.0,1.9,263.0,,0.0,320.0,742.0,,pm10,75.0,"Anand Vihar, Delhi - DPCC",9
site_5024,Delhi,Delhi,"Alipur, Delhi - DPCC",2025-06-21 09:45:00+00:00,2025-06-21 09:45:00+00:00,34.7,55.0,,249.0,0.0,0.0,633.0,982.0,,pm25,36.0,"Alipur, Delhi - DPCC",9
site_5024,Delhi,Delhi,"Alipur, Delhi - DPCC",2025-06-21 09:45:00+00:00,2025-06-21 09:45:00+00:00,34.7,55.0,,249.0,0.0,0.0,633.0,982.0,,pm10,78.0,"Alipur, Delhi - DPCC",9
site_5024,Delhi,Delhi,"Alipur, Delhi - DPCC",2025-06-21 09:45:00+00:00,2025-06-21 09:45:00+00:00,34.7,55.0,,249.0,0.0,0.0,633.0,982.0,,ozone,47.3,"Alipur, Delhi - DPCC",9
site_5024,Delhi,Delhi,"Alipur, Delhi - DPCC",2025-06-21 09:45:00+00:00,2025-06-21 09:45:00+00:00,34.7,55.0,,249.0,0.0,0.0,633.0,982.0,,no2,18.5,"Alipur, Delhi - DPCC",9
site_104,Delhi,Delhi,"Burari Crossing, Delhi - IMD",2025-06-21 09:45:00+00:00,2025-06-21 09:45:00+00:00,,,,,,0.0,,,,co,0.73,"Burari Crossing, Delhi - IMD",9
site_5024,Delhi,Delhi,"Alipur, Delhi - DPCC",2025-06-21 09:45:00+00:00,2025-06-21 09:45:00+00:00,34.7,55.0,,249.0,0.0,0.0,633.0,982.0,,no,3.2,"Alipur, Delhi - DPCC",9
site_5024,Delhi,Delhi,"Alipur, Delhi - DPCC",2025-06-21 09:45:00+00:00,2025-06-21 09:45:00+00:00,34.7,55.0,,249.0,0.0,0.0,633.0,982.0,,nh3,52.8,"Alipur, Delhi - DPCC",9
site_5024,Delhi,Delhi,"Alipur, Delhi - DPCC",2025-06-21 09:45:00+00:00,2025-06-21 09:45:00+00:00,34.7,55.0,,249.0,0.0,0.0,633.0,982.0,,co,0.71,"Alipur, Delhi - DPCC",9
site_5024,Delhi,Delhi,"Alipur, Delhi - DPCC",2025-06-21 09:45:00+00:00,2025-06-21 09:45:00+00:00,34.7,55.0,,249.0,0.0,0.0,633.0,982.0,,benzene,0.3,"Alipur, Delhi - DPCC",9
site_5024,Delhi,Delhi,"Alipur, Delhi - DPCC",2025-06-21 09:45:00+00:00,2025-06-21 09:45:00+00:00,34.7,55.0,,249.0,0.0,0.0,633.0,982.0,,so2,13.6,"Alipur, Delhi - DPCC",9
site_301,Delhi,Delhi,"Anand Vihar, Delhi - DPCC",2025-06-21 09:45:00+00:00,2025-06-21 09:45:00+00:00,33.1,62.0,1.9,263.0,,0.0,320.0,742.0,,ozone,20.5,"Anand Vihar, Delhi - DPCC",9
site_5024,Delhi,Delhi,"Alipur, Delhi - DPCC",2025-06-21 09:45:00+00:00,2025-06-21 09:45:00+00:00,34.7,55.0,,249.0,0.0,0.0,633.0,982.0,,toluene,0.3,"Alipur, Delhi - DPCC",9
site_301,Delhi,Delhi,"Anand Vihar, Delhi - DPCC",2025-06-21 09:45:00+00:00,2025-06-21 09:45:00+00:00,33.1,62.0,1.9,263.0,,0.0,320.0,742.0,,no,9.8,"Anand Vihar, Delhi - DPCC",9
site_104,Delhi,Delhi,"Burari Crossing, Delhi - IMD",2025-06-21 09:45:00+00:00,2025-06-21 09:45:00+00:00,,,,,,0.0,,,,no2,25.89,"Burari Crossing, Delhi - IMD",9
site_104,Delhi,Delhi,"Burari Crossing, Delhi - IMD",2025-06-21 09:45:00+00:00,2025-06-21 09:45:00+00:00,,,,,,0.0,,,,ozone,61.58,"Burari Crossing, Delhi - IMD",9
site_104,Delhi,Delhi,"Burari Crossing, Delhi - IMD",2025-06-21 09:45:00+00:00,2025-06-21 09:45:00+00:00,,,,,,0.0,,,,pm25,15.83,"Burari Crossing, Delhi - IMD",9
site_108,Delhi,Delhi,"Aya Nagar, Delhi - IMD",2025-06-21 09:45:00+00:00,2025-06-21 09:45:00+00:00,,,,,,0.0,,,,co,0.96,"Aya Nagar, Delhi - IMD",9
site_108,Delhi,Delhi,"Aya Nagar, Delhi - IMD",2025-06-21 09:45:00+00:00,2025-06-21 09:45:00+00:00,,,,,,0.0,,,,no,5.11,"Aya Nagar, Delhi - IMD",9
site_108,Delhi,Delhi,"Aya Nagar, Delhi - IMD",2025-06-21 09:45:00+00:00,2025-06-21 09:45:00+00:00,,,,,,0.0,,,,no2,9.26,"Aya Nagar, Delhi - IMD",9
site_108,Delhi,Delhi,"Aya Nagar, Delhi - IMD",2025-06-21 09:45:00+00:00,2025-06-21 09:45:00+00:00,,,,,,0.0,,,,ozone,77.36,"Aya Nagar, Delhi - IMD",9
site_301,Delhi,Delhi,"Anand Vihar, Delhi - DPCC",2025-06-21 09:45:00+00:00,2025-06-21 09:45:00+00:00,33.1,62.0,1.9,263.0,,0.0,320.0,742.0,,no2,22.4,"Anand Vihar, Delhi - DPCC",9
site_108,Delhi,Delhi,"Aya Nagar, Delhi - IMD",2025-06-21 09:45:00+00:00,2025-06-21 09:45:00+00:00,,,,,,0.0,,,,pm10,73.71,"Aya Nagar, Delhi - IMD",9
site_301,Delhi,Delhi,"Anand Vihar, Delhi - DPCC",2025-06-21 09:45:00+00:00,2025-06-21 09:45:00+00:00,33.1,62.0,1.9,263.0,,0.0,320.0,742.0,,benzene,0.8,"Anand Vihar, Delhi - DPCC",9
site_301,Delhi,Delhi,"Anand Vihar, Delhi - DPCC",2025-06-21 09:45:00+00:00,2025-06-21 09:45:00+00:00,33.1,62.0,1.9,263.0,,0.0,320.0,742.0,,co,1.15,"Anand Vihar, Delhi - DPCC",9
site_301,Delhi,Delhi,"Anand Vihar, Delhi - DPCC",2025-06-21 09:45:00+00:00,2025-06-21 09:45:00+00:00,33.1,62.0,1.9,263.0,,0.0,320.0,742.0,,nh3,27.8,"Anand Vihar, Delhi - DPCC",9
site_108,Delhi,Delhi,"Aya Nagar, Delhi - IMD",2025-06-21 09:45:00+00:00,2025-06-21 09:45:00+00:00,,,,,,0.0,,,,pm25,26.24,"Aya Nagar, Delhi - IMD",9
site_108,Delhi,Delhi,"Aya Nagar, Delhi - IMD",2025-06-21 10:00:00+00:00,2025-06-21 10:00:00+00:00,,,,,,0.0,,,,pm25,27.24,"Aya Nagar, Delhi - IMD",10
site_108,Delhi,Delhi,"Aya Nagar, Delhi - IMD",2025-06-21 10:00:00+00:00,2025-06-21 10:00:00+00:00,,,,,,0.0,,,,no2,9.9,"Aya Nagar, Delhi - IMD",10
site_108,Delhi,Delhi,"Aya Nagar, Delhi - IMD",2025-06-21 10:00:00+00:00,2025-06-21 10:00:00+00:00,,,,,,0.0,,,,ozone,83.49,"Aya Nagar, Delhi - IMD",10
site_1420,Delhi,Delhi,"Ashok Vihar, Delhi - DPCC",2025-06-21 10:00:00+00:00,2025-06-21 10:00:00+00:00,33.2,63.0,3.9,98.0,0.0,0.0,507.0,982.0,,ozone,36.5,"Ashok Vihar, Delhi - DPCC",10
site_1420,Delhi,Delhi,"Ashok Vihar, Delhi - DPCC",2025-06-21 10:00:00+00:00,2025-06-21 10:00:00+00:00,33.2,63.0,3.9,98.0,0.0,0.0,507.0,982.0,,pm10,73.0,"Ashok Vihar, Delhi - DPCC",10
site_108,Delhi,Delhi,"Aya Nagar, Delhi - IMD",2025-06-21 10:00:00+00:00,2025-06-21 10:00:00+00:00,,,,,,0.0,,,,pm10,69.14,"Aya Nagar, Delhi - IMD",10
site_1560,Delhi,Delhi,"Bawana, Delhi - DPCC",2025-06-21 10:00:00+00:00,2025-06-21 10:00:00+00:00,34.6,60.0,3.0,148.0,0.0,0.0,298.0,981.0,,so2,4.9,"Bawana, Delhi - DPCC",10
site_1420,Delhi,Delhi,"Ashok Vihar, Delhi - DPCC",2025-06-21 10:00:00+00:00,2025-06-21 10:00:00+00:00,33.2,63.0,3.9,98.0,0.0,0.0,507.0,982.0,,pm25,20.0,"Ashok Vihar, Delhi - DPCC",10
site_1420,Delhi,Delhi,"Ashok Vihar, Delhi - DPCC",2025-06-21 10:00:00+00:00,2025-06-21 10:00:00+00:00,33.2,63.0,3.9,98.0,0.0,0.0,507.0,982.0,,so2,6.4,"Ashok Vihar, Delhi - DPCC",10
site_1420,Delhi,Delhi,"Ashok Vihar, Delhi - DPCC",2025-06-21 10:00:00+00:00,2025-06-21 10:00:00+00:00,33.2,63.0,3.9,98.0,0.0,0.0,507.0,982.0,,toluene,0.6,"Ashok Vihar, Delhi - DPCC",10
site_1560,Delhi,Delhi,"Bawana, Delhi - DPCC",2025-06-21 10:00:00+00:00,2025-06-21 10:00:00+00:00,34.6,60.0,3.0,148.0,0.0,0.0,298.0,981.0,,toluene,2.3,"Bawana, Delhi - DPCC",10
site_1560,Delhi,Delhi,"Bawana, Delhi - DPCC",2025-06-21 10:00:00+00:00,2025-06-21 10:00:00+00:00,34.6,60.0,3.0,148.0,0.0,0.0,298.0,981.0,,pm25,39.0,"Bawana, Delhi - DPCC",10
site_1560,Delhi,Delhi,"Bawana, Delhi - DPCC",2025-06-21 10:00:00+00:00,2025-06-21 10:00:00+00:00,34.6,60.0,3.0,148.0,0.0,0.0,298.0,981.0,,pm10,69.0,"Bawana, Delhi - DPCC",10
site_1560,Delhi,Delhi,"Bawana, Delhi - DPCC",2025-06-21 10:00:00+00:00,2025-06-21 10:00:00+00:00,34.6,60.0,3.0,148.0,0.0,0.0,298.0,981.0,,ozone,8.0,"Bawana, Delhi - DPCC",10
site_1560,Delhi,Delhi,"Bawana, Delhi - DPCC",2025-06-21 10:00:00+00:00,2025-06-21 10:00:00+00:00,34.6,60.0,3.0,148.0,0.0,0.0,298.0,981.0,,no2,8.3,"Bawana, Delhi - DPCC",10
site_1560,Delhi,Delhi,"Bawana, Delhi - DPCC",2025-06-21 10:00:00+00:00,2025-06-21 10:00:00+00:00,34.6,60.0,3.0,148.0,0.0,0.0,298.0,981.0,,no,4.3,"Bawana, Delhi - DPCC",10
site_1560,Delhi,Delhi,"Bawana, Delhi - DPCC",2025-06-21 10:00:00+00:00,2025-06-21 10:00:00+00:00,34.6,60.0,3.0,148.0,0.0,0.0,298.0,981.0,,nh3,25.8,"Bawana, Delhi - DPCC",10
site_1560,Delhi,Delhi,"Bawana, Delhi - DPCC",2025-06-21 10:00:00+00:00,2025-06-21 10:00:00+00:00,34.6,60.0,3.0,148.0,0.0,0.0,298.0,981.0,,co,0.63,"Bawana, Delhi - DPCC",10
site_1560,Delhi,Delhi,"Bawana, Delhi - DPCC",2025-06-21 10:00:00+00:00,2025-06-21 10:00:00+00:00,34.6,60.0,3.0,148.0,0.0,0.0,298.0,981.0,,benzene,0.5,"Bawana, Delhi - DPCC",10
site_108,Delhi,Delhi,"Aya Nagar, Delhi - IMD",2025-06-21 10:00:00+00:00,2025-06-21 10:00:00+00:00,,,,,,0.0,,,,co,0.94,"Aya Nagar, Delhi - IMD",10
site_1420,Delhi,Delhi,"Ashok Vihar, Delhi - DPCC",2025-06-21 10:00:00+00:00,2025-06-21 10:00:00+00:00,33.2,63.0,3.9,98.0,0.0,0.0,507.0,982.0,,no2,13.6,"Ashok Vihar, Delhi - DPCC",10
site_108,Delhi,Delhi,"Aya Nagar, Delhi - IMD",2025-06-21 10:00:00+00:00,2025-06-21 10:00:00+00:00,,,,,,0.0,,,,no,7.44,"Aya Nagar, Delhi - IMD",10
site_1420,Delhi,Delhi,"Ashok Vihar, Delhi - DPCC",2025-06-21 10:00:00+00:00,2025-06-21 10:00:00+00:00,33.2,63.0,3.9,98.0,0.0,0.0,507.0,982.0,,no,4.3,"Ashok Vihar, Delhi - DPCC",10
site_301,Delhi,Delhi,"Anand Vihar, Delhi - DPCC",2025-06-21 10:00:00+00:00,2025-06-21 10:00:00+00:00,33.4,61.0,1.6,282.0,,0.0,316.0,742.0,,no2,29.1,"Anand Vihar, Delhi - DPCC",10
site_1420,Delhi,Delhi,"Ashok Vihar, Delhi - DPCC",2025-06-21 10:00:00+00:00,2025-06-21 10:00:00+00:00,33.2,63.0,3.9,98.0,0.0,0.0,507.0,982.0,,co,0.84,"Ashok Vihar, Delhi - DPCC",10
site_5024,Delhi,Delhi,"Alipur, Delhi - DPCC",2025-06-21 10:00:00+00:00,2025-06-21 10:00:00+00:00,35.3,53.0,,261.0,0.0,0.0,638.0,982.0,,toluene,0.3,"Alipur, Delhi - DPCC",10
site_5024,Delhi,Delhi,"Alipur, Delhi - DPCC",2025-06-21 10:00:00+00:00,2025-06-21 10:00:00+00:00,35.3,53.0,,261.0,0.0,0.0,638.0,982.0,,so2,13.7,"Alipur, Delhi - DPCC",10
site_5024,Delhi,Delhi,"Alipur, Delhi - DPCC",2025-06-21 10:00:00+00:00,2025-06-21 10:00:00+00:00,35.3,53.0,,261.0,0.0,0.0,638.0,982.0,,pm25,42.0,"Alipur, Delhi - DPCC",10
site_5024,Delhi,Delhi,"Alipur, Delhi - DPCC",2025-06-21 10:00:00+00:00,2025-06-21 10:00:00+00:00,35.3,53.0,,261.0,0.0,0.0,638.0,982.0,,pm10,88.0,"Alipur, Delhi - DPCC",10
site_5024,Delhi,Delhi,"Alipur, Delhi - DPCC",2025-06-21 10:00:00+00:00,2025-06-21 10:00:00+00:00,35.3,53.0,,261.0,0.0,0.0,638.0,982.0,,ozone,48.7,"Alipur, Delhi - DPCC",10
site_5024,Delhi,Delhi,"Alipur, Delhi - DPCC",2025-06-21 10:00:00+00:00,2025-06-21 10:00:00+00:00,35.3,53.0,,261.0,0.0,0.0,638.0,982.0,,no2,18.8,"Alipur, Delhi - DPCC",10
site_5024,Delhi,Delhi,"Alipur, Delhi - DPCC",2025-06-21 10:00:00+00:00,2025-06-21 10:00:00+00:00,35.3,53.0,,261.0,0.0,0.0,638.0,982.0,,no,3.4,"Alipur, Delhi - DPCC",10
site_5024,Delhi,Delhi,"Alipur, Delhi - DPCC",2025-06-21 10:00:00+00:00,2025-06-21 10:00:00+00:00,35.3,53.0,,261.0,0.0,0.0,638.0,982.0,,nh3,53.5,"Alipur, Delhi - DPCC",10
site_5024,Delhi,Delhi,"Alipur, Delhi - DPCC",2025-06-21 10:00:00+00:00,2025-06-21 10:00:00+00:00,35.3,53.0,,261.0,0.0,0.0,638.0,982.0,,co,1.03,"Alipur, Delhi - DPCC",10
site_1420,Delhi,Delhi,"Ashok Vihar, Delhi - DPCC",2025-06-21 10:00:00+00:00,2025-06-21 10:00:00+00:00,33.2,63.0,3.9,98.0,0.0,0.0,507.0,982.0,,nh3,28.9,"Ashok Vihar, Delhi - DPCC",10
site_301,Delhi,Delhi,"Anand Vihar, Delhi - DPCC",2025-06-21 10:00:00+00:00,2025-06-21 10:00:00+00:00,33.4,61.0,1.6,282.0,,0.0,316.0,742.0,,so2,53.8,"Anand Vihar, Delhi - DPCC",10
site_104,Delhi,Delhi,"Burari Crossing, Delhi - IMD",2025-06-21 10:00:00+00:00,2025-06-21 10:00:00+00:00,,,,,,0.0,,,,co,0.7,"Burari Crossing, Delhi - IMD",10
site_104,Delhi,Delhi,"Burari Crossing, Delhi - IMD",2025-06-21 10:00:00+00:00,2025-06-21 10:00:00+00:00,,,,,,0.0,,,,no2,24.27,"Burari Crossing, Delhi - IMD",10
site_104,Delhi,Delhi,"Burari Crossing, Delhi - IMD",2025-06-21 10:00:00+00:00,2025-06-21 10:00:00+00:00,,,,,,0.0,,,,ozone,64.95,"Burari Crossing, Delhi - IMD",10
site_104,Delhi,Delhi,"Burari Crossing, Delhi - IMD",2025-06-21 10:00:00+00:00,2025-06-21 10:00:00+00:00,,,,,,0.0,,,,pm10,43.63,"Burari Crossing, Delhi - IMD",10
site_104,Delhi,Delhi,"Burari Crossing, Delhi - IMD",2025-06-21 10:00:00+00:00,2025-06-21 10:00:00+00:00,,,,,,0.0,,,,pm25,23.64,"Burari Crossing, Delhi - IMD",10
site_301,Delhi,Delhi,"Anand Vihar, Delhi - DPCC",2025-06-21 10:00:00+00:00,2025-06-21 10:00:00+00:00,33.4,61.0,1.6,282.0,,0.0,316.0,742.0,,pm25,8.0,"Anand Vihar, Delhi - DPCC",10
site_301,Delhi,Delhi,"Anand Vihar, Delhi - DPCC",2025-06-21 10:00:00+00:00,2025-06-21 10:00:00+00:00,33.4,61.0,1.6,282.0,,0.0,316.0,742.0,,pm10,41.0,"Anand Vihar, Delhi - DPCC",10
site_301,Delhi,Delhi,"Anand Vihar, Delhi - DPCC",2025-06-21 10:00:00+00:00,2025-06-21 10:00:00+00:00,33.4,61.0,1.6,282.0,,0.0,316.0,742.0,,ozone,16.3,"Anand Vihar, Delhi - DPCC",10
site_301,Delhi,Delhi,"Anand Vihar, Delhi - DPCC",2025-06-21 10:00:00+00:00,2025-06-21 10:00:00+00:00,33.4,61.0,1.6,282.0,,0.0,316.0,742.0,,benzene,0.8,"Anand Vihar, Delhi - DPCC",10
site_301,Delhi,Delhi,"Anand Vihar, Delhi - DPCC",2025-06-21 10:00:00+00:00,2025-06-21 10:00:00+00:00,33.4,61.0,1.6,282.0,,0.0,316.0,742.0,,co,1.26,"Anand Vihar, Delhi - DPCC",10
site_301,Delhi,Delhi,"Anand Vihar, Delhi - DPCC",2025-06-21 10:00:00+00:00,2025-06-21 10:00:00+00:00,33.4,61.0,1.6,282.0,,0.0,316.0,742.0,,nh3,21.8,"Anand Vihar, Delhi - DPCC",10
site_104,Delhi,Delhi,"Burari Crossing, Delhi - IMD",2025-06-21 10:00:00+00:00,2025-06-21 10:00:00+00:00,,,,,,0.0,,,,no,8.19,"Burari Crossing, Delhi - IMD",10
site_301,Delhi,Delhi,"Anand Vihar, Delhi - DPCC",2025-06-21 10:00:00+00:00,2025-06-21 10:00:00+00:00,33.4,61.0,1.6,282.0,,0.0,316.0,742.0,,toluene,4.7,"Anand Vihar, Delhi - DPCC",10
site_5024,Delhi,Delhi,"Alipur, Delhi - DPCC",2025-06-21 10:00:00+00:00,2025-06-21 10:00:00+00:00,35.3,53.0,,261.0,0.0,0.0,638.0,982.0,,benzene,0.2,"Alipur, Delhi - DPCC",10
site_301,Delhi,Delhi,"Anand Vihar, Delhi - DPCC",2025-06-21 10:00:00+00:00,2025-06-21 10:00:00+00:00,33.4,61.0,1.6,282.0,,0.0,316.0,742.0,,no,12.8,"Anand Vihar, Delhi - DPCC",10
site_1420,Delhi,Delhi,"Ashok Vihar, Delhi - DPCC",2025-06-21 10:00:00+00:00,2025-06-21 10:00:00+00:00,33.2,63.0,3.9,98.0,0.0,0.0,507.0,982.0,,benzene,0.1,"Ashok Vihar, Delhi - DPCC",10
site_1420,Delhi,Delhi,"Ashok Vihar, Delhi - DPCC",2025-06-21 10:15:00+00:00,2025-06-21 10:15:00+00:00,33.5,61.0,4.0,93.0,0.0,0.0,478.0,982.0,,nh3,26.8,"Ashok Vihar, Delhi - DPCC",10
site_1420,Delhi,Delhi,"Ashok Vihar, Delhi - DPCC",2025-06-21 10:15:00+00:00,2025-06-21 10:15:00+00:00,33.5,61.0,4.0,93.0,0.0,0.0,478.0,982.0,,co,0.82,"Ashok Vihar, Delhi - DPCC",10
site_104,Delhi,Delhi,"Burari Crossing, Delhi - IMD",2025-06-21 10:15:00+00:00,2025-06-21 10:15:00+00:00,,,,,,0.0,,,,co,0.69,"Burari Crossing, Delhi - IMD",10
site_104,Delhi,Delhi,"Burari Crossing, Delhi - IMD",2025-06-21 10:15:00+00:00,2025-06-21 10:15:00+00:00,,,,,,0.0,,,,no,7.91,"Burari Crossing, Delhi - IMD",10
site_104,Delhi,Delhi,"Burari Crossing, Delhi - IMD",2025-06-21 10:15:00+00:00,2025-06-21 10:15:00+00:00,,,,,,0.0,,,,no2,24.44,"Burari Crossing, Delhi - IMD",10
site_104,Delhi,Delhi,"Burari Crossing, Delhi - IMD",2025-06-21 10:15:00+00:00,2025-06-21 10:15:00+00:00,,,,,,0.0,,,,ozone,68.52,"Burari Crossing, Delhi - IMD",10
site_104,Delhi,Delhi,"Burari Crossing, Delhi - IMD",2025-06-21 10:15:00+00:00,2025-06-21 10:15:00+00:00,,,,,,0.0,,,,pm10,43.48,"Burari Crossing, Delhi - IMD",10
site_1560,Delhi,Delhi,"Bawana, Delhi - DPCC",2025-06-21 10:15:00+00:00,2025-06-21 10:15:00+00:00,35.1,59.0,2.8,116.0,0.0,0.0,504.0,979.0,,no2,7.7,"Bawana, Delhi - DPCC",10
site_1420,Delhi,Delhi,"Ashok Vihar, Delhi - DPCC",2025-06-21 10:15:00+00:00,2025-06-21 10:15:00+00:00,33.5,61.0,4.0,93.0,0.0,0.0,478.0,982.0,,benzene,0.1,"Ashok Vihar, Delhi - DPCC",10
site_301,Delhi,Delhi,"Anand Vihar, Delhi - DPCC",2025-06-21 10:15:00+00:00,2025-06-21 10:15:00+00:00,33.6,60.0,1.5,264.0,,0.0,316.0,742.0,,co,1.2,"Anand Vihar, Delhi - DPCC",10
site_301,Delhi,Delhi,"Anand Vihar, Delhi - DPCC",2025-06-21 10:15:00+00:00,2025-06-21 10:15:00+00:00,33.6,60.0,1.5,264.0,,0.0,316.0,742.0,,nh3,22.7,"Anand Vihar, Delhi - DPCC",10
site_301,Delhi,Delhi,"Anand Vihar, Delhi - DPCC",2025-06-21 10:15:00+00:00,2025-06-21 10:15:00+00:00,33.6,60.0,1.5,264.0,,0.0,316.0,742.0,,no,4.6,"Anand Vihar, Delhi - DPCC",10
site_301,Delhi,Delhi,"Anand Vihar, Delhi - DPCC",2025-06-21 10:15:00+00:00,2025-06-21 10:15:00+00:00,33.6,60.0,1.5,264.0,,0.0,316.0,742.0,,so2,49.4,"Anand Vihar, Delhi - DPCC",10
site_301,Delhi,Delhi,"Anand Vihar, Delhi - DPCC",2025-06-21 10:15:00+00:00,2025-06-21 10:15:00+00:00,33.6,60.0,1.5,264.0,,0.0,316.0,742.0,,toluene,4.5,"Anand Vihar, Delhi - DPCC",10
site_108,Delhi,Delhi,"Aya Nagar, Delhi - IMD",2025-06-21 10:15:00+00:00,2025-06-21 10:15:00+00:00,,,,,,0.0,,,,co,0.95,"Aya Nagar, Delhi - IMD",10
site_108,Delhi,Delhi,"Aya Nagar, Delhi - IMD",2025-06-21 10:15:00+00:00,2025-06-21 10:15:00+00:00,,,,,,0.0,,,,no,6.74,"Aya Nagar, Delhi - IMD",10
site_108,Delhi,Delhi,"Aya Nagar, Delhi - IMD",2025-06-21 10:15:00+00:00,2025-06-21 10:15:00+00:00,,,,,,0.0,,,,no2,10.36,"Aya Nagar, Delhi - IMD",10
site_108,Delhi,Delhi,"Aya Nagar, Delhi - IMD",2025-06-21 10:15:00+00:00,2025-06-21 10:15:00+00:00,,,,,,0.0,,,,ozone,87.7,"Aya Nagar, Delhi - IMD",10
site_108,Delhi,Delhi,"Aya Nagar, Delhi - IMD",2025-06-21 10:15:00+00:00,2025-06-21 10:15:00+00:00,,,,,,0.0,,,,pm10,62.36,"Aya Nagar, Delhi - IMD",10
site_108,Delhi,Delhi,"Aya Nagar, Delhi - IMD",2025-06-21 10:15:00+00:00,2025-06-21 10:15:00+00:00,,,,,,0.0,,,,pm25,30.61,"Aya Nagar, Delhi - IMD",10
site_301,Delhi,Delhi,"Anand Vihar, Delhi - DPCC",2025-06-21 10:15:00+00:00,2025-06-21 10:15:00+00:00,33.6,60.0,1.5,264.0,,0.0,316.0,742.0,,no2,25.6,"Anand Vihar, Delhi - DPCC",10
site_301,Delhi,Delhi,"Anand Vihar, Delhi - DPCC",2025-06-21 10:15:00+00:00,2025-06-21 10:15:00+00:00,33.6,60.0,1.5,264.0,,0.0,316.0,742.0,,ozone,18.6,"Anand Vihar, Delhi - DPCC",10
site_301,Delhi,Delhi,"Anand Vihar, Delhi - DPCC",2025-06-21 10:15:00+00:00,2025-06-21 10:15:00+00:00,33.6,60.0,1.5,264.0,,0.0,316.0,742.0,,pm10,41.0,"Anand Vihar, Delhi - DPCC",10
site_301,Delhi,Delhi,"Anand Vihar, Delhi - DPCC",2025-06-21 10:15:00+00:00,2025-06-21 10:15:00+00:00,33.6,60.0,1.5,264.0,,0.0,316.0,742.0,,pm25,8.0,"Anand Vihar, Delhi - DPCC",10
site_1420,Delhi,Delhi,"Ashok Vihar, Delhi - DPCC",2025-06-21 10:15:00+00:00,2025-06-21 10:15:00+00:00,33.5,61.0,4.0,93.0,0.0,0.0,478.0,982.0,,no,3.2,"Ashok Vihar, Delhi - DPCC",10
site_1420,Delhi,Delhi,"Ashok Vihar, Delhi - DPCC",2025-06-21 10:15:00+00:00,2025-06-21 10:15:00+00:00,33.5,61.0,4.0,93.0,0.0,0.0,478.0,982.0,,no2,13.2,"Ashok Vihar, Delhi - DPCC",10
site_1560,Delhi,Delhi,"Bawana, Delhi - DPCC",2025-06-21 10:15:00+00:00,2025-06-21 10:15:00+00:00,35.1,59.0,2.8,116.0,0.0,0.0,504.0,979.0,,no,4.5,"Bawana, Delhi - DPCC",10
site_1420,Delhi,Delhi,"Ashok Vihar, Delhi - DPCC",2025-06-21 10:15:00+00:00,2025-06-21 10:15:00+00:00,33.5,61.0,4.0,93.0,0.0,0.0,478.0,982.0,,pm10,73.0,"Ashok Vihar, Delhi - DPCC",10
site_1560,Delhi,Delhi,"Bawana, Delhi - DPCC",2025-06-21 10:15:00+00:00,2025-06-21 10:15:00+00:00,35.1,59.0,2.8,116.0,0.0,0.0,504.0,979.0,,nh3,25.3,"Bawana, Delhi - DPCC",10
site_1560,Delhi,Delhi,"Bawana, Delhi - DPCC",2025-06-21 10:15:00+00:00,2025-06-21 10:15:00+00:00,35.1,59.0,2.8,116.0,0.0,0.0,504.0,979.0,,co,0.63,"Bawana, Delhi - DPCC",10
site_1560,Delhi,Delhi,"Bawana, Delhi - DPCC",2025-06-21 10:15:00+00:00,2025-06-21 10:15:00+00:00,35.1,59.0,2.8,116.0,0.0,0.0,504.0,979.0,,benzene,0.4,"Bawana, Delhi - DPCC",10
site_301,Delhi,Delhi,"Anand Vihar, Delhi - DPCC",2025-06-21 10:15:00+00:00,2025-06-21 10:15:00+00:00,33.6,60.0,1.5,264.0,,0.0,316.0,742.0,,benzene,0.8,"Anand Vihar, Delhi - DPCC",10
site_1560,Delhi,Delhi,"Bawana, Delhi - DPCC",2025-06-21 10:15:00+00:00,2025-06-21 10:15:00+00:00,35.1,59.0,2.8,116.0,0.0,0.0,504.0,979.0,,ozone,9.5,"Bawana, Delhi - DPCC",10
site_1560,Delhi,Delhi,"Bawana, Delhi - DPCC",2025-06-21 10:15:00+00:00,2025-06-21 10:15:00+00:00,35.1,59.0,2.8,116.0,0.0,0.0,504.0,979.0,,pm10,69.0,"Bawana, Delhi - DPCC",10
site_5024,Delhi,Delhi,"Alipur, Delhi - DPCC",2025-06-21 10:15:00+00:00,2025-06-21 10:15:00+00:00,35.5,52.0,,238.0,0.0,0.0,670.0,982.0,,toluene,0.3,"Alipur, Delhi - DPCC",10
site_5024,Delhi,Delhi,"Alipur, Delhi - DPCC",2025-06-21 10:15:00+00:00,2025-06-21 10:15:00+00:00,35.5,52.0,,238.0,0.0,0.0,670.0,982.0,,so2,11.4,"Alipur, Delhi - DPCC",10
site_5024,Delhi,Delhi,"Alipur, Delhi - DPCC",2025-06-21 10:15:00+00:00,2025-06-21 10:15:00+00:00,35.5,52.0,,238.0,0.0,0.0,670.0,982.0,,pm25,42.0,"Alipur, Delhi - DPCC",10
site_1420,Delhi,Delhi,"Ashok Vihar, Delhi - DPCC",2025-06-21 10:15:00+00:00,2025-06-21 10:15:00+00:00,33.5,61.0,4.0,93.0,0.0,0.0,478.0,982.0,,ozone,39.3,"Ashok Vihar, Delhi - DPCC",10
site_5024,Delhi,Delhi,"Alipur, Delhi - DPCC",2025-06-21 10:15:00+00:00,2025-06-21 10:15:00+00:00,35.5,52.0,,238.0,0.0,0.0,670.0,982.0,,ozone,51.2,"Alipur, Delhi - DPCC",10
site_5024,Delhi,Delhi,"Alipur, Delhi - DPCC",2025-06-21 10:15:00+00:00,2025-06-21 10:15:00+00:00,35.5,52.0,,238.0,0.0,0.0,670.0,982.0,,no2,18.4,"Alipur, Delhi - DPCC",10
site_5024,Delhi,Delhi,"Alipur, Delhi - DPCC",2025-06-21 10:15:00+00:00,2025-06-21 10:15:00+00:00,35.5,52.0,,238.0,0.0,0.0,670.0,982.0,,no,3.3,"Alipur, Delhi - DPCC",10
site_5024,Delhi,Delhi,"Alipur, Delhi - DPCC",2025-06-21 10:15:00+00:00,2025-06-21 10:15:00+00:00,35.5,52.0,,238.0,0.0,0.0,670.0,982.0,,nh3,53.8,"Alipur, Delhi - DPCC",10
site_5024,Delhi,Delhi,"Alipur, Delhi - DPCC",2025-06-21 10:15:00+00:00,2025-06-21 10:15:00+00:00,35.5,52.0,,238.0,0.0,0.0,670.0,982.0,,pm10,88.0,"Alipur, Delhi - DPCC",10
site_104,Delhi,Delhi,"Burari Crossing, Delhi - IMD",2025-06-21 10:15:00+00:00,2025-06-21 10:15:00+00:00,,,,,,0.0,,,,pm25,30.45,"Burari Crossing, Delhi - IMD",10
site_1420,Delhi,Delhi,"Ashok Vihar, Delhi - DPCC",2025-06-21 10:15:00+00:00,2025-06-21 10:15:00+00:00,33.5,61.0,4.0,93.0,0.0,0.0,478.0,982.0,,so2,6.0,"Ashok Vihar, Delhi - DPCC",10
site_1420,Delhi,Delhi,"Ashok Vihar, Delhi - DPCC",2025-06-21 10:15:00+00:00,2025-06-21 10:15:00+00:00,33.5,61.0,4.0,93.0,0.0,0.0,478.0,982.0,,pm25,20.0,"Ashok Vihar, Delhi - DPCC",10
site_1560,Delhi,Delhi,"Bawana, Delhi - DPCC",2025-06-21 10:15:00+00:00,2025-06-21 10:15:00+00:00,35.1,59.0,2.8,116.0,0.0,0.0,504.0,979.0,,toluene,2.6,"Bawana, Delhi - DPCC",10
site_1420,Delhi,Delhi,"Ashok Vihar, Delhi - DPCC",2025-06-21 10:15:00+00:00,2025-06-21 10:15:00+00:00,33.5,61.0,4.0,93.0,0.0,0.0,478.0,982.0,,toluene,0.6,"Ashok Vihar, Delhi - DPCC",10
site_1560,Delhi,Delhi,"Bawana, Delhi - DPCC",2025-06-21 10:15:00+00:00,2025-06-21 10:15:00+00:00,35.1,59.0,2.8,116.0,0.0,0.0,504.0,979.0,,pm25,39.0,"Bawana, Delhi - DPCC",10
site_1560,Delhi,Delhi,"Bawana, Delhi - DPCC",2025-06-21 10:15:00+00:00,2025-06-21 10:15:00+00:00,35.1,59.0,2.8,116.0,0.0,0.0,504.0,979.0,,so2,4.7,"Bawana, Delhi - DPCC",10
site_5024,Delhi,Delhi,"Alipur, Delhi - DPCC",2025-06-21 10:15:00+00:00,2025-06-21 10:15:00+00:00,35.5,52.0,,238.0,0.0,0.0,670.0,982.0,,co,0.71,"Alipur, Delhi - DPCC",10
site_5024,Delhi,Delhi,"Alipur, Delhi - DPCC",2025-06-21 10:15:00+00:00,2025-06-21 10:15:00+00:00,35.5,52.0,,238.0,0.0,0.0,670.0,982.0,,benzene,0.3,"Alipur, Delhi - DPCC",10
site_5024,Delhi,Delhi,"Alipur, Delhi - DPCC",2025-06-21 10:30:00+00:00,2025-06-21 10:30:00+00:00,35.8,51.0,,246.0,0.0,0.0,710.0,982.0,,ozone,51.6,"Alipur, Delhi - DPCC",10
site_5024,Delhi,Delhi,"Alipur, Delhi - DPCC",2025-06-21 10:30:00+00:00,2025-06-21 10:30:00+00:00,35.8,51.0,,246.0,0.0,0.0,710.0,982.0,,no2,18.2,"Alipur, Delhi - DPCC",10
site_5024,Delhi,Delhi,"Alipur, Delhi - DPCC",2025-06-21 10:30:00+00:00,2025-06-21 10:30:00+00:00,35.8,51.0,,246.0,0.0,0.0,710.0,982.0,,no,3.0,"Alipur, Delhi - DPCC",10
site_5024,Delhi,Delhi,"Alipur, Delhi - DPCC",2025-06-21 10:30:00+00:00,2025-06-21 10:30:00+00:00,35.8,51.0,,246.0,0.0,0.0,710.0,982.0,,pm10,88.0,"Alipur, Delhi - DPCC",10
site_5024,Delhi,Delhi,"Alipur, Delhi - DPCC",2025-06-21 10:30:00+00:00,2025-06-21 10:30:00+00:00,35.8,51.0,,246.0,0.0,0.0,710.0,982.0,,pm25,42.0,"Alipur, Delhi - DPCC",10
site_5024,Delhi,Delhi,"Alipur, Delhi - DPCC",2025-06-21 10:30:00+00:00,2025-06-21 10:30:00+00:00,35.8,51.0,,246.0,0.0,0.0,710.0,982.0,,so2,9.8,"Alipur, Delhi - DPCC",10
site_5024,Delhi,Delhi,"Alipur, Delhi - DPCC",2025-06-21 10:30:00+00:00,2025-06-21 10:30:00+00:00,35.8,51.0,,246.0,0.0,0.0,710.0,982.0,,toluene,0.3,"Alipur, Delhi - DPCC",10
site_5024,Delhi,Delhi,"Alipur, Delhi - DPCC",2025-06-21 10:30:00+00:00,2025-06-21 10:30:00+00:00,35.8,51.0,,246.0,0.0,0.0,710.0,982.0,,nh3,53.1,"Alipur, Delhi - DPCC",10
site_5024,Delhi,Delhi,"Alipur, Delhi - DPCC",2025-06-21 10:30:00+00:00,2025-06-21 10:30:00+00:00,35.8,51.0,,246.0,0.0,0.0,710.0,982.0,,co,0.71,"Alipur, Delhi - DPCC",10
site_1420,Delhi,Delhi,"Ashok Vihar, Delhi - DPCC",2025-06-21 10:30:00+00:00,2025-06-21 10:30:00+00:00,33.6,61.0,3.5,120.0,0.0,0.0,530.0,982.0,,benzene,0.1,"Ashok Vihar, Delhi - DPCC",10
site_301,Delhi,Delhi,"Anand Vihar, Delhi - DPCC",2025-06-21 10:30:00+00:00,2025-06-21 10:30:00+00:00,33.8,59.0,2.0,253.0,,0.0,318.0,742.0,,pm25,8.0,"Anand Vihar, Delhi - DPCC",10
site_1420,Delhi,Delhi,"Ashok Vihar, Delhi - DPCC",2025-06-21 10:30:00+00:00,2025-06-21 10:30:00+00:00,33.6,61.0,3.5,120.0,0.0,0.0,530.0,982.0,,so2,5.3,"Ashok Vihar, Delhi - DPCC",10
site_301,Delhi,Delhi,"Anand Vihar, Delhi - DPCC",2025-06-21 10:30:00+00:00,2025-06-21 10:30:00+00:00,33.8,59.0,2.0,253.0,,0.0,318.0,742.0,,so2,42.0,"Anand Vihar, Delhi - DPCC",10
site_1420,Delhi,Delhi,"Ashok Vihar, Delhi - DPCC",2025-06-21 10:30:00+00:00,2025-06-21 10:30:00+00:00,33.6,61.0,3.5,120.0,0.0,0.0,530.0,982.0,,pm10,73.0,"Ashok Vihar, Delhi - DPCC",10
site_1420,Delhi,Delhi,"Ashok Vihar, Delhi - DPCC",2025-06-21 10:30:00+00:00,2025-06-21 10:30:00+00:00,33.6,61.0,3.5,120.0,0.0,0.0,530.0,982.0,,ozone,49.4,"Ashok Vihar, Delhi - DPCC",10
site_1420,Delhi,Delhi,"Ashok Vihar, Delhi - DPCC",2025-06-21 10:30:00+00:00,2025-06-21 10:30:00+00:00,33.6,61.0,3.5,120.0,0.0,0.0,530.0,982.0,,no2,13.1,"Ashok Vihar, Delhi - DPCC",10
site_1420,Delhi,Delhi,"Ashok Vihar, Delhi - DPCC",2025-06-21 10:30:00+00:00,2025-06-21 10:30:00+00:00,33.6,61.0,3.5,120.0,0.0,0.0,530.0,982.0,,co,0.79,"Ashok Vihar, Delhi - DPCC",10
site_1420,Delhi,Delhi,"Ashok Vihar, Delhi - DPCC",2025-06-21 10:30:00+00:00,2025-06-21 10:30:00+00:00,33.6,61.0,3.5,120.0,0.0,0.0,530.0,982.0,,nh3,24.0,"Ashok Vihar, Delhi - DPCC",10
site_1420,Delhi,Delhi,"Ashok Vihar, Delhi - DPCC",2025-06-21 10:30:00+00:00,2025-06-21 10:30:00+00:00,33.6,61.0,3.5,120.0,0.0,0.0,530.0,982.0,,no,5.5,"Ashok Vihar, Delhi - DPCC",10
site_5024,Delhi,Delhi,"Alipur, Delhi - DPCC",2025-06-21 10:30:00+00:00,2025-06-21 10:30:00+00:00,35.8,51.0,,246.0,0.0,0.0,710.0,982.0,,benzene,0.2,"Alipur, Delhi - DPCC",10
site_301,Delhi,Delhi,"Anand Vihar, Delhi - DPCC",2025-06-21 10:30:00+00:00,2025-06-21 10:30:00+00:00,33.8,59.0,2.0,253.0,,0.0,318.0,742.0,,toluene,4.1,"Anand Vihar, Delhi - DPCC",10
site_301,Delhi,Delhi,"Anand Vihar, Delhi - DPCC",2025-06-21 10:30:00+00:00,2025-06-21 10:30:00+00:00,33.8,59.0,2.0,253.0,,0.0,318.0,742.0,,no2,29.0,"Anand Vihar, Delhi - DPCC",10
site_301,Delhi,Delhi,"Anand Vihar, Delhi - DPCC",2025-06-21 10:30:00+00:00,2025-06-21 10:30:00+00:00,33.8,59.0,2.0,253.0,,0.0,318.0,742.0,,ozone,19.9,"Anand Vihar, Delhi - DPCC",10
site_301,Delhi,Delhi,"Anand Vihar, Delhi - DPCC",2025-06-21 10:30:00+00:00,2025-06-21 10:30:00+00:00,33.8,59.0,2.0,253.0,,0.0,318.0,742.0,,pm10,41.0,"Anand Vihar, Delhi - DPCC",10
site_1420,Delhi,Delhi,"Ashok Vihar, Delhi - DPCC",2025-06-21 10:30:00+00:00,2025-06-21 10:30:00+00:00,33.6,61.0,3.5,120.0,0.0,0.0,530.0,982.0,,toluene,0.6,"Ashok Vihar, Delhi - DPCC",10
site_1420,Delhi,Delhi,"Ashok Vihar, Delhi - DPCC",2025-06-21 10:30:00+00:00,2025-06-21 10:30:00+00:00,33.6,61.0,3.5,120.0,0.0,0.0,530.0,982.0,,pm25,20.0,"Ashok Vihar, Delhi - DPCC",10
site_301,Delhi,Delhi,"Anand Vihar, Delhi - DPCC",2025-06-21 10:30:00+00:00,2025-06-21 10:30:00+00:00,33.8,59.0,2.0,253.0,,0.0,318.0,742.0,,nh3,19.1,"Anand Vihar, Delhi - DPCC",10
site_1560,Delhi,Delhi,"Bawana, Delhi - DPCC",2025-06-21 10:30:00+00:00,2025-06-21 10:30:00+00:00,36.0,55.0,2.8,114.0,0.0,0.0,514.0,977.0,,no2,8.0,"Bawana, Delhi - DPCC",10
site_108,Delhi,Delhi,"Aya Nagar, Delhi - IMD",2025-06-21 10:30:00+00:00,2025-06-21 10:30:00+00:00,,,,,,0.0,,,,co,0.94,"Aya Nagar, Delhi - IMD",10
site_108,Delhi,Delhi,"Aya Nagar, Delhi - IMD",2025-06-21 10:30:00+00:00,2025-06-21 10:30:00+00:00,,,,,,0.0,,,,pm25,24.18,"Aya Nagar, Delhi - IMD",10
site_104,Delhi,Delhi,"Burari Crossing, Delhi - IMD",2025-06-21 10:30:00+00:00,2025-06-21 10:30:00+00:00,,,,,,0.0,,,,pm10,47.54,"Burari Crossing, Delhi - IMD",10
site_301,Delhi,Delhi,"Anand Vihar, Delhi - DPCC",2025-06-21 10:30:00+00:00,2025-06-21 10:30:00+00:00,33.8,59.0,2.0,253.0,,0.0,318.0,742.0,,no,5.2,"Anand Vihar, Delhi - DPCC",10
site_1560,Delhi,Delhi,"Bawana, Delhi - DPCC",2025-06-21 10:30:00+00:00,2025-06-21 10:30:00+00:00,36.0,55.0,2.8,114.0,0.0,0.0,514.0,977.0,,benzene,0.5,"Bawana, Delhi - DPCC",10
site_1560,Delhi,Delhi,"Bawana, Delhi - DPCC",2025-06-21 10:30:00+00:00,2025-06-21 10:30:00+00:00,36.0,55.0,2.8,114.0,0.0,0.0,514.0,977.0,,co,0.62,"Bawana, Delhi - DPCC",10
site_108,Delhi,Delhi,"Aya Nagar, Delhi - IMD",2025-06-21 10:30:00+00:00,2025-06-21 10:30:00+00:00,,,,,,0.0,,,,no,4.81,"Aya Nagar, Delhi - IMD",10
site_1560,Delhi,Delhi,"Bawana, Delhi - DPCC",2025-06-21 10:30:00+00:00,2025-06-21 10:30:00+00:00,36.0,55.0,2.8,114.0,0.0,0.0,514.0,977.0,,toluene,2.8,"Bawana, Delhi - DPCC",10
site_1560,Delhi,Delhi,"Bawana, Delhi - DPCC",2025-06-21 10:30:00+00:00,2025-06-21 10:30:00+00:00,36.0,55.0,2.8,114.0,0.0,0.0,514.0,977.0,,pm25,39.0,"Bawana, Delhi - DPCC",10
site_1560,Delhi,Delhi,"Bawana, Delhi - DPCC",2025-06-21 10:30:00+00:00,2025-06-21 10:30:00+00:00,36.0,55.0,2.8,114.0,0.0,0.0,514.0,977.0,,pm10,69.0,"Bawana, Delhi - DPCC",10
site_1560,Delhi,Delhi,"Bawana, Delhi - DPCC",2025-06-21 10:30:00+00:00,2025-06-21 10:30:00+00:00,36.0,55.0,2.8,114.0,0.0,0.0,514.0,977.0,,ozone,7.9,"Bawana, Delhi - DPCC",10
site_1560,Delhi,Delhi,"Bawana, Delhi - DPCC",2025-06-21 10:30:00+00:00,2025-06-21 10:30:00+00:00,36.0,55.0,2.8,114.0,0.0,0.0,514.0,977.0,,no,4.7,"Bawana, Delhi - DPCC",10
site_1560,Delhi,Delhi,"Bawana, Delhi - DPCC",2025-06-21 10:30:00+00:00,2025-06-21 10:30:00+00:00,36.0,55.0,2.8,114.0,0.0,0.0,514.0,977.0,,nh3,25.8,"Bawana, Delhi - DPCC",10
site_104,Delhi,Delhi,"Burari Crossing, Delhi - IMD",2025-06-21 10:30:00+00:00,2025-06-21 10:30:00+00:00,,,,,,0.0,,,,ozone,68.46,"Burari Crossing, Delhi - IMD",10
site_1560,Delhi,Delhi,"Bawana, Delhi - DPCC",2025-06-21 10:30:00+00:00,2025-06-21 10:30:00+00:00,36.0,55.0,2.8,114.0,0.0,0.0,514.0,977.0,,so2,4.6,"Bawana, Delhi - DPCC",10
site_108,Delhi,Delhi,"Aya Nagar, Delhi - IMD",2025-06-21 10:30:00+00:00,2025-06-21 10:30:00+00:00,,,,,,0.0,,,,no2,10.93,"Aya Nagar, Delhi - IMD",10
site_104,Delhi,Delhi,"Burari Crossing, Delhi - IMD",2025-06-21 10:30:00+00:00,2025-06-21 10:30:00+00:00,,,,,,0.0,,,,pm25,25.56,"Burari Crossing, Delhi - IMD",10
site_108,Delhi,Delhi,"Aya Nagar, Delhi - IMD",2025-06-21 10:30:00+00:00,2025-06-21 10:30:00+00:00,,,,,,0.0,,,,pm10,57.39,"Aya Nagar, Delhi - IMD",10
site_301,Delhi,Delhi,"Anand Vihar, Delhi - DPCC",2025-06-21 10:30:00+00:00,2025-06-21 10:30:00+00:00,33.8,59.0,2.0,253.0,,0.0,318.0,742.0,,co,1.13,"Anand Vihar, Delhi - DPCC",10
site_301,Delhi,Delhi,"Anand Vihar, Delhi - DPCC",2025-06-21 10:30:00+00:00,2025-06-21 10:30:00+00:00,33.8,59.0,2.0,253.0,,0.0,318.0,742.0,,benzene,0.7,"Anand Vihar, Delhi - DPCC",10
site_104,Delhi,Delhi,"Burari Crossing, Delhi - IMD",2025-06-21 10:30:00+00:00,2025-06-21 10:30:00+00:00,,,,,,0.0,,,,co,0.73,"Burari Crossing, Delhi - IMD",10
site_104,Delhi,Delhi,"Burari Crossing, Delhi - IMD",2025-06-21 10:30:00+00:00,2025-06-21 10:30:00+00:00,,,,,,0.0,,,,no,8.23,"Burari Crossing, Delhi - IMD",10
site_104,Delhi,Delhi,"Burari Crossing, Delhi - IMD",2025-06-21 10:30:00+00:00,2025-06-21 10:30:00+00:00,,,,,,0.0,,,,no2,26.06,"Burari Crossing, Delhi - IMD",10
site_108,Delhi,Delhi,"Aya Nagar, Delhi - IMD",2025-06-21 10:30:00+00:00,2025-06-21 10:30:00+00:00,,,,,,0.0,,,,ozone,89.09,"Aya Nagar, Delhi - IMD",10
site_301,Delhi,Delhi,"Anand Vihar, Delhi - DPCC",2025-06-21 10:45:00+00:00,2025-06-21 10:45:00+00:00,34.0,58.0,1.1,259.0,,0.0,320.0,742.0,,benzene,0.8,"Anand Vihar, Delhi - DPCC",10
site_301,Delhi,Delhi,"Anand Vihar, Delhi - DPCC",2025-06-21 10:45:00+00:00,2025-06-21 10:45:00+00:00,34.0,58.0,1.1,259.0,,0.0,320.0,742.0,,co,1.06,"Anand Vihar, Delhi - DPCC",10
site_301,Delhi,Delhi,"Anand Vihar, Delhi - DPCC",2025-06-21 10:45:00+00:00,2025-06-21 10:45:00+00:00,34.0,58.0,1.1,259.0,,0.0,320.0,742.0,,nh3,18.1,"Anand Vihar, Delhi - DPCC",10
site_1420,Delhi,Delhi,"Ashok Vihar, Delhi - DPCC",2025-06-21 10:45:00+00:00,2025-06-21 10:45:00+00:00,33.9,57.0,3.7,118.0,0.0,0.0,619.0,982.0,,toluene,0.6,"Ashok Vihar, Delhi - DPCC",10
site_1420,Delhi,Delhi,"Ashok Vihar, Delhi - DPCC",2025-06-21 10:45:00+00:00,2025-06-21 10:45:00+00:00,33.9,57.0,3.7,118.0,0.0,0.0,619.0,982.0,,so2,5.5,"Ashok Vihar, Delhi - DPCC",10
site_1420,Delhi,Delhi,"Ashok Vihar, Delhi - DPCC",2025-06-21 10:45:00+00:00,2025-06-21 10:45:00+00:00,33.9,57.0,3.7,118.0,0.0,0.0,619.0,982.0,,pm25,20.0,"Ashok Vihar, Delhi - DPCC",10
site_301,Delhi,Delhi,"Anand Vihar, Delhi - DPCC",2025-06-21 10:45:00+00:00,2025-06-21 10:45:00+00:00,34.0,58.0,1.1,259.0,,0.0,320.0,742.0,,no,8.7,"Anand Vihar, Delhi - DPCC",10
site_301,Delhi,Delhi,"Anand Vihar, Delhi - DPCC",2025-06-21 10:45:00+00:00,2025-06-21 10:45:00+00:00,34.0,58.0,1.1,259.0,,0.0,320.0,742.0,,no2,25.5,"Anand Vihar, Delhi - DPCC",10
site_301,Delhi,Delhi,"Anand Vihar, Delhi - DPCC",2025-06-21 10:45:00+00:00,2025-06-21 10:45:00+00:00,34.0,58.0,1.1,259.0,,0.0,320.0,742.0,,ozone,23.9,"Anand Vihar, Delhi - DPCC",10
site_301,Delhi,Delhi,"Anand Vihar, Delhi - DPCC",2025-06-21 10:45:00+00:00,2025-06-21 10:45:00+00:00,34.0,58.0,1.1,259.0,,0.0,320.0,742.0,,pm25,8.0,"Anand Vihar, Delhi - DPCC",10
site_301,Delhi,Delhi,"Anand Vihar, Delhi - DPCC",2025-06-21 10:45:00+00:00,2025-06-21 10:45:00+00:00,34.0,58.0,1.1,259.0,,0.0,320.0,742.0,,so2,42.6,"Anand Vihar, Delhi - DPCC",10
site_301,Delhi,Delhi,"Anand Vihar, Delhi - DPCC",2025-06-21 10:45:00+00:00,2025-06-21 10:45:00+00:00,34.0,58.0,1.1,259.0,,0.0,320.0,742.0,,toluene,3.9,"Anand Vihar, Delhi - DPCC",10
site_1420,Delhi,Delhi,"Ashok Vihar, Delhi - DPCC",2025-06-21 10:45:00+00:00,2025-06-21 10:45:00+00:00,33.9,57.0,3.7,118.0,0.0,0.0,619.0,982.0,,pm10,73.0,"Ashok Vihar, Delhi - DPCC",10
site_1420,Delhi,Delhi,"Ashok Vihar, Delhi - DPCC",2025-06-21 10:45:00+00:00,2025-06-21 10:45:00+00:00,33.9,57.0,3.7,118.0,0.0,0.0,619.0,982.0,,ozone,19.5,"Ashok Vihar, Delhi - DPCC",10
site_1420,Delhi,Delhi,"Ashok Vihar, Delhi - DPCC",2025-06-21 10:45:00+00:00,2025-06-21 10:45:00+00:00,33.9,57.0,3.7,118.0,0.0,0.0,619.0,982.0,,no2,7.7,"Ashok Vihar, Delhi - DPCC",10
site_108,Delhi,Delhi,"Aya Nagar, Delhi - IMD",2025-06-21 10:45:00+00:00,2025-06-21 10:45:00+00:00,,,,,,0.0,,,,no2,11.45,"Aya Nagar, Delhi - IMD",10
site_1420,Delhi,Delhi,"Ashok Vihar, Delhi - DPCC",2025-06-21 10:45:00+00:00,2025-06-21 10:45:00+00:00,33.9,57.0,3.7,118.0,0.0,0.0,619.0,982.0,,no,4.9,"Ashok Vihar, Delhi - DPCC",10
site_108,Delhi,Delhi,"Aya Nagar, Delhi - IMD",2025-06-21 10:45:00+00:00,2025-06-21 10:45:00+00:00,,,,,,0.0,,,,co,0.96,"Aya Nagar, Delhi - IMD",10
site_1420,Delhi,Delhi,"Ashok Vihar, Delhi - DPCC",2025-06-21 10:45:00+00:00,2025-06-21 10:45:00+00:00,33.9,57.0,3.7,118.0,0.0,0.0,619.0,982.0,,nh3,22.8,"Ashok Vihar, Delhi - DPCC",10
site_1420,Delhi,Delhi,"Ashok Vihar, Delhi - DPCC",2025-06-21 10:45:00+00:00,2025-06-21 10:45:00+00:00,33.9,57.0,3.7,118.0,0.0,0.0,619.0,982.0,,co,0.72,"Ashok Vihar, Delhi - DPCC",10
site_1420,Delhi,Delhi,"Ashok Vihar, Delhi - DPCC",2025-06-21 10:45:00+00:00,2025-06-21 10:45:00+00:00,33.9,57.0,3.7,118.0,0.0,0.0,619.0,982.0,,benzene,0.1,"Ashok Vihar, Delhi - DPCC",10
site_301,Delhi,Delhi,"Anand Vihar, Delhi - DPCC",2025-06-21 10:45:00+00:00,2025-06-21 10:45:00+00:00,34.0,58.0,1.1,259.0,,0.0,320.0,742.0,,pm10,41.0,"Anand Vihar, Delhi - DPCC",10
site_108,Delhi,Delhi,"Aya Nagar, Delhi - IMD",2025-06-21 10:45:00+00:00,2025-06-21 10:45:00+00:00,,,,,,0.0,,,,no,4.48,"Aya Nagar, Delhi - IMD",10
site_104,Delhi,Delhi,"Burari Crossing, Delhi - IMD",2025-06-21 10:45:00+00:00,2025-06-21 10:45:00+00:00,,,,,,0.0,,,,no2,27.94,"Burari Crossing, Delhi - IMD",10
site_104,Delhi,Delhi,"Burari Crossing, Delhi - IMD",2025-06-21 10:45:00+00:00,2025-06-21 10:45:00+00:00,,,,,,0.0,,,,no,8.45,"Burari Crossing, Delhi - IMD",10
site_1560,Delhi,Delhi,"Bawana, Delhi - DPCC",2025-06-21 10:45:00+00:00,2025-06-21 10:45:00+00:00,35.9,54.0,3.3,118.0,0.0,0.0,428.0,977.0,,toluene,3.1,"Bawana, Delhi - DPCC",10
site_1560,Delhi,Delhi,"Bawana, Delhi - DPCC",2025-06-21 10:45:00+00:00,2025-06-21 10:45:00+00:00,35.9,54.0,3.3,118.0,0.0,0.0,428.0,977.0,,so2,5.1,"Bawana, Delhi - DPCC",10
site_1560,Delhi,Delhi,"Bawana, Delhi - DPCC",2025-06-21 10:45:00+00:00,2025-06-21 10:45:00+00:00,35.9,54.0,3.3,118.0,0.0,0.0,428.0,977.0,,pm25,39.0,"Bawana, Delhi - DPCC",10
site_108,Delhi,Delhi,"Aya Nagar, Delhi - IMD",2025-06-21 10:45:00+00:00,2025-06-21 10:45:00+00:00,,,,,,0.0,,,,pm25,19.87,"Aya Nagar, Delhi - IMD",10
site_108,Delhi,Delhi,"Aya Nagar, Delhi - IMD",2025-06-21 10:45:00+00:00,2025-06-21 10:45:00+00:00,,,,,,0.0,,,,pm10,62.62,"Aya Nagar, Delhi - IMD",10
site_104,Delhi,Delhi,"Burari Crossing, Delhi - IMD",2025-06-21 10:45:00+00:00,2025-06-21 10:45:00+00:00,,,,,,0.0,,,,co,0.74,"Burari Crossing, Delhi - IMD",10
site_5024,Delhi,Delhi,"Alipur, Delhi - DPCC",2025-06-21 10:45:00+00:00,2025-06-21 10:45:00+00:00,35.8,50.0,,233.0,0.0,0.0,674.0,982.0,,benzene,0.2,"Alipur, Delhi - DPCC",10
site_5024,Delhi,Delhi,"Alipur, Delhi - DPCC",2025-06-21 10:45:00+00:00,2025-06-21 10:45:00+00:00,35.8,50.0,,233.0,0.0,0.0,674.0,982.0,,co,0.73,"Alipur, Delhi - DPCC",10
site_5024,Delhi,Delhi,"Alipur, Delhi - DPCC",2025-06-21 10:45:00+00:00,2025-06-21 10:45:00+00:00,35.8,50.0,,233.0,0.0,0.0,674.0,982.0,,nh3,52.3,"Alipur, Delhi - DPCC",10
site_5024,Delhi,Delhi,"Alipur, Delhi - DPCC",2025-06-21 10:45:00+00:00,2025-06-21 10:45:00+00:00,35.8,50.0,,233.0,0.0,0.0,674.0,982.0,,no,3.1,"Alipur, Delhi - DPCC",10
site_5024,Delhi,Delhi,"Alipur, Delhi - DPCC",2025-06-21 10:45:00+00:00,2025-06-21 10:45:00+00:00,35.8,50.0,,233.0,0.0,0.0,674.0,982.0,,no2,17.1,"Alipur, Delhi - DPCC",10
site_5024,Delhi,Delhi,"Alipur, Delhi - DPCC",2025-06-21 10:45:00+00:00,2025-06-21 10:45:00+00:00,35.8,50.0,,233.0,0.0,0.0,674.0,982.0,,ozone,52.1,"Alipur, Delhi - DPCC",10
site_5024,Delhi,Delhi,"Alipur, Delhi - DPCC",2025-06-21 10:45:00+00:00,2025-06-21 10:45:00+00:00,35.8,50.0,,233.0,0.0,0.0,674.0,982.0,,pm10,88.0,"Alipur, Delhi - DPCC",10
site_108,Delhi,Delhi,"Aya Nagar, Delhi - IMD",2025-06-21 10:45:00+00:00,2025-06-21 10:45:00+00:00,,,,,,0.0,,,,ozone,87.53,"Aya Nagar, Delhi - IMD",10
site_5024,Delhi,Delhi,"Alipur, Delhi - DPCC",2025-06-21 10:45:00+00:00,2025-06-21 10:45:00+00:00,35.8,50.0,,233.0,0.0,0.0,674.0,982.0,,toluene,0.2,"Alipur, Delhi - DPCC",10
site_5024,Delhi,Delhi,"Alipur, Delhi - DPCC",2025-06-21 10:45:00+00:00,2025-06-21 10:45:00+00:00,35.8,50.0,,233.0,0.0,0.0,674.0,982.0,,pm25,42.0,"Alipur, Delhi - DPCC",10
site_104,Delhi,Delhi,"Burari Crossing, Delhi - IMD",2025-06-21 10:45:00+00:00,2025-06-21 10:45:00+00:00,,,,,,0.0,,,,ozone,67.68,"Burari Crossing, Delhi - IMD",10
site_104,Delhi,Delhi,"Burari Crossing, Delhi - IMD",2025-06-21 10:45:00+00:00,2025-06-21 10:45:00+00:00,,,,,,0.0,,,,pm25,20.51,"Burari Crossing, Delhi - IMD",10
site_1560,Delhi,Delhi,"Bawana, Delhi - DPCC",2025-06-21 10:45:00+00:00,2025-06-21 10:45:00+00:00,35.9,54.0,3.3,118.0,0.0,0.0,428.0,977.0,,benzene,0.3,"Bawana, Delhi - DPCC",10
site_1560,Delhi,Delhi,"Bawana, Delhi - DPCC",2025-06-21 10:45:00+00:00,2025-06-21 10:45:00+00:00,35.9,54.0,3.3,118.0,0.0,0.0,428.0,977.0,,co,0.6,"Bawana, Delhi - DPCC",10
site_104,Delhi,Delhi,"Burari Crossing, Delhi - IMD",2025-06-21 10:45:00+00:00,2025-06-21 10:45:00+00:00,,,,,,0.0,,,,pm10,45.49,"Burari Crossing, Delhi - IMD",10
site_1560,Delhi,Delhi,"Bawana, Delhi - DPCC",2025-06-21 10:45:00+00:00,2025-06-21 10:45:00+00:00,35.9,54.0,3.3,118.0,0.0,0.0,428.0,977.0,,no,4.5,"Bawana, Delhi - DPCC",10
site_1560,Delhi,Delhi,"Bawana, Delhi - DPCC",2025-06-21 10:45:00+00:00,2025-06-21 10:45:00+00:00,35.9,54.0,3.3,118.0,0.0,0.0,428.0,977.0,,no2,7.4,"Bawana, Delhi - DPCC",10
site_1560,Delhi,Delhi,"Bawana, Delhi - DPCC",2025-06-21 10:45:00+00:00,2025-06-21 10:45:00+00:00,35.9,54.0,3.3,118.0,0.0,0.0,428.0,977.0,,ozone,7.6,"Bawana, Delhi - DPCC",10
site_1560,Delhi,Delhi,"Bawana, Delhi - DPCC",2025-06-21 10:45:00+00:00,2025-06-21 10:45:00+00:00,35.9,54.0,3.3,118.0,0.0,0.0,428.0,977.0,,pm10,69.0,"Bawana, Delhi - DPCC",10
site_1560,Delhi,Delhi,"Bawana, Delhi - DPCC",2025-06-21 10:45:00+00:00,2025-06-21 10:45:00+00:00,35.9,54.0,3.3,118.0,0.0,0.0,428.0,977.0,,nh3,26.3,"Bawana, Delhi - DPCC",10
site_1420,Delhi,Delhi,"Ashok Vihar, Delhi - DPCC",2025-06-21 11:00:00+00:00,2025-06-21 11:00:00+00:00,34.3,57.0,2.4,147.0,0.0,0.0,497.0,982.0,,co,0.74,"Ashok Vihar, Delhi - DPCC",11
site_1420,Delhi,Delhi,"Ashok Vihar, Delhi - DPCC",2025-06-21 11:00:00+00:00,2025-06-21 11:00:00+00:00,34.3,57.0,2.4,147.0,0.0,0.0,497.0,982.0,,no,5.0,"Ashok Vihar, Delhi - DPCC",11
site_1420,Delhi,Delhi,"Ashok Vihar, Delhi - DPCC",2025-06-21 11:00:00+00:00,2025-06-21 11:00:00+00:00,34.3,57.0,2.4,147.0,0.0,0.0,497.0,982.0,,nh3,23.4,"Ashok Vihar, Delhi - DPCC",11
site_1560,Delhi,Delhi,"Bawana, Delhi - DPCC",2025-06-21 11:00:00+00:00,2025-06-21 11:00:00+00:00,36.1,54.0,2.5,161.0,0.0,0.0,564.0,976.0,,toluene,2.9,"Bawana, Delhi - DPCC",11
site_1560,Delhi,Delhi,"Bawana, Delhi - DPCC",2025-06-21 11:00:00+00:00,2025-06-21 11:00:00+00:00,36.1,54.0,2.5,161.0,0.0,0.0,564.0,976.0,,so2,5.4,"Bawana, Delhi - DPCC",11
site_1560,Delhi,Delhi,"Bawana, Delhi - DPCC",2025-06-21 11:00:00+00:00,2025-06-21 11:00:00+00:00,36.1,54.0,2.5,161.0,0.0,0.0,564.0,976.0,,pm25,38.0,"Bawana, Delhi - DPCC",11
site_1420,Delhi,Delhi,"Ashok Vihar, Delhi - DPCC",2025-06-21 11:00:00+00:00,2025-06-21 11:00:00+00:00,34.3,57.0,2.4,147.0,0.0,0.0,497.0,982.0,,benzene,0.1,"Ashok Vihar, Delhi - DPCC",11
site_1560,Delhi,Delhi,"Bawana, Delhi - DPCC",2025-06-21 11:00:00+00:00,2025-06-21 11:00:00+00:00,36.1,54.0,2.5,161.0,0.0,0.0,564.0,976.0,,co,0.6,"Bawana, Delhi - DPCC",11
site_1560,Delhi,Delhi,"Bawana, Delhi - DPCC",2025-06-21 11:00:00+00:00,2025-06-21 11:00:00+00:00,36.1,54.0,2.5,161.0,0.0,0.0,564.0,976.0,,ozone,10.3,"Bawana, Delhi - DPCC",11
site_1560,Delhi,Delhi,"Bawana, Delhi - DPCC",2025-06-21 11:00:00+00:00,2025-06-21 11:00:00+00:00,36.1,54.0,2.5,161.0,0.0,0.0,564.0,976.0,,no2,7.3,"Bawana, Delhi - DPCC",11
site_1560,Delhi,Delhi,"Bawana, Delhi - DPCC",2025-06-21 11:00:00+00:00,2025-06-21 11:00:00+00:00,36.1,54.0,2.5,161.0,0.0,0.0,564.0,976.0,,no,3.9,"Bawana, Delhi - DPCC",11
site_1560,Delhi,Delhi,"Bawana, Delhi - DPCC",2025-06-21 11:00:00+00:00,2025-06-21 11:00:00+00:00,36.1,54.0,2.5,161.0,0.0,0.0,564.0,976.0,,nh3,27.3,"Bawana, Delhi - DPCC",11
site_1560,Delhi,Delhi,"Bawana, Delhi - DPCC",2025-06-21 11:00:00+00:00,2025-06-21 11:00:00+00:00,36.1,54.0,2.5,161.0,0.0,0.0,564.0,976.0,,benzene,0.0,"Bawana, Delhi - DPCC",11
site_1420,Delhi,Delhi,"Ashok Vihar, Delhi - DPCC",2025-06-21 11:00:00+00:00,2025-06-21 11:00:00+00:00,34.3,57.0,2.4,147.0,0.0,0.0,497.0,982.0,,no2,9.2,"Ashok Vihar, Delhi - DPCC",11
site_1560,Delhi,Delhi,"Bawana, Delhi - DPCC",2025-06-21 11:00:00+00:00,2025-06-21 11:00:00+00:00,36.1,54.0,2.5,161.0,0.0,0.0,564.0,976.0,,pm10,70.0,"Bawana, Delhi - DPCC",11
site_1420,Delhi,Delhi,"Ashok Vihar, Delhi - DPCC",2025-06-21 11:00:00+00:00,2025-06-21 11:00:00+00:00,34.3,57.0,2.4,147.0,0.0,0.0,497.0,982.0,,ozone,44.7,"Ashok Vihar, Delhi - DPCC",11
site_301,Delhi,Delhi,"Anand Vihar, Delhi - DPCC",2025-06-21 11:00:00+00:00,2025-06-21 11:00:00+00:00,34.1,57.0,1.5,258.0,,0.0,319.0,742.0,,so2,46.2,"Anand Vihar, Delhi - DPCC",11
site_1420,Delhi,Delhi,"Ashok Vihar, Delhi - DPCC",2025-06-21 11:00:00+00:00,2025-06-21 11:00:00+00:00,34.3,57.0,2.4,147.0,0.0,0.0,497.0,982.0,,pm25,33.0,"Ashok Vihar, Delhi - DPCC",11
site_104,Delhi,Delhi,"Burari Crossing, Delhi - IMD",2025-06-21 11:00:00+00:00,2025-06-21 11:00:00+00:00,,,,,,0.0,,,,no2,27.49,"Burari Crossing, Delhi - IMD",11
site_1420,Delhi,Delhi,"Ashok Vihar, Delhi - DPCC",2025-06-21 11:00:00+00:00,2025-06-21 11:00:00+00:00,34.3,57.0,2.4,147.0,0.0,0.0,497.0,982.0,,pm10,70.0,"Ashok Vihar, Delhi - DPCC",11
site_104,Delhi,Delhi,"Burari Crossing, Delhi - IMD",2025-06-21 11:00:00+00:00,2025-06-21 11:00:00+00:00,,,,,,0.0,,,,pm10,42.37,"Burari Crossing, Delhi - IMD",11
site_5024,Delhi,Delhi,"Alipur, Delhi - DPCC",2025-06-21 11:00:00+00:00,2025-06-21 11:00:00+00:00,36.3,49.0,,236.0,0.0,0.0,802.0,981.0,,toluene,0.2,"Alipur, Delhi - DPCC",11
site_5024,Delhi,Delhi,"Alipur, Delhi - DPCC",2025-06-21 11:00:00+00:00,2025-06-21 11:00:00+00:00,36.3,49.0,,236.0,0.0,0.0,802.0,981.0,,so2,9.3,"Alipur, Delhi - DPCC",11
site_5024,Delhi,Delhi,"Alipur, Delhi - DPCC",2025-06-21 11:00:00+00:00,2025-06-21 11:00:00+00:00,36.3,49.0,,236.0,0.0,0.0,802.0,981.0,,pm10,77.0,"Alipur, Delhi - DPCC",11
site_5024,Delhi,Delhi,"Alipur, Delhi - DPCC",2025-06-21 11:00:00+00:00,2025-06-21 11:00:00+00:00,36.3,49.0,,236.0,0.0,0.0,802.0,981.0,,ozone,53.7,"Alipur, Delhi - DPCC",11
site_5024,Delhi,Delhi,"Alipur, Delhi - DPCC",2025-06-21 11:00:00+00:00,2025-06-21 11:00:00+00:00,36.3,49.0,,236.0,0.0,0.0,802.0,981.0,,no2,16.6,"Alipur, Delhi - DPCC",11
site_5024,Delhi,Delhi,"Alipur, Delhi - DPCC",2025-06-21 11:00:00+00:00,2025-06-21 11:00:00+00:00,36.3,49.0,,236.0,0.0,0.0,802.0,981.0,,no,2.9,"Alipur, Delhi - DPCC",11
site_5024,Delhi,Delhi,"Alipur, Delhi - DPCC",2025-06-21 11:00:00+00:00,2025-06-21 11:00:00+00:00,36.3,49.0,,236.0,0.0,0.0,802.0,981.0,,nh3,52.6,"Alipur, Delhi - DPCC",11
site_5024,Delhi,Delhi,"Alipur, Delhi - DPCC",2025-06-21 11:00:00+00:00,2025-06-21 11:00:00+00:00,36.3,49.0,,236.0,0.0,0.0,802.0,981.0,,co,0.71,"Alipur, Delhi - DPCC",11
site_5024,Delhi,Delhi,"Alipur, Delhi - DPCC",2025-06-21 11:00:00+00:00,2025-06-21 11:00:00+00:00,36.3,49.0,,236.0,0.0,0.0,802.0,981.0,,benzene,0.2,"Alipur, Delhi - DPCC",11
site_108,Delhi,Delhi,"Aya Nagar, Delhi - IMD",2025-06-21 11:00:00+00:00,2025-06-21 11:00:00+00:00,,,,,,0.0,,,,co,0.95,"Aya Nagar, Delhi - IMD",11
site_108,Delhi,Delhi,"Aya Nagar, Delhi - IMD",2025-06-21 11:00:00+00:00,2025-06-21 11:00:00+00:00,,,,,,0.0,,,,no,4.32,"Aya Nagar, Delhi - IMD",11
site_108,Delhi,Delhi,"Aya Nagar, Delhi - IMD",2025-06-21 11:00:00+00:00,2025-06-21 11:00:00+00:00,,,,,,0.0,,,,no2,10.39,"Aya Nagar, Delhi - IMD",11
site_108,Delhi,Delhi,"Aya Nagar, Delhi - IMD",2025-06-21 11:00:00+00:00,2025-06-21 11:00:00+00:00,,,,,,0.0,,,,ozone,96.18,"Aya Nagar, Delhi - IMD",11
site_108,Delhi,Delhi,"Aya Nagar, Delhi - IMD",2025-06-21 11:00:00+00:00,2025-06-21 11:00:00+00:00,,,,,,0.0,,,,pm10,65.89,"Aya Nagar, Delhi - IMD",11
site_108,Delhi,Delhi,"Aya Nagar, Delhi - IMD",2025-06-21 11:00:00+00:00,2025-06-21 11:00:00+00:00,,,,,,0.0,,,,pm25,17.99,"Aya Nagar, Delhi - IMD",11
site_104,Delhi,Delhi,"Burari Crossing, Delhi - IMD",2025-06-21 11:00:00+00:00,2025-06-21 11:00:00+00:00,,,,,,0.0,,,,pm25,22.98,"Burari Crossing, Delhi - IMD",11
site_104,Delhi,Delhi,"Burari Crossing, Delhi - IMD",2025-06-21 11:00:00+00:00,2025-06-21 11:00:00+00:00,,,,,,0.0,,,,no,8.59,"Burari Crossing, Delhi - IMD",11
site_104,Delhi,Delhi,"Burari Crossing, Delhi - IMD",2025-06-21 11:00:00+00:00,2025-06-21 11:00:00+00:00,,,,,,0.0,,,,co,0.74,"Burari Crossing, Delhi - IMD",11
site_104,Delhi,Delhi,"Burari Crossing, Delhi - IMD",2025-06-21 11:00:00+00:00,2025-06-21 11:00:00+00:00,,,,,,0.0,,,,ozone,71.58,"Burari Crossing, Delhi - IMD",11
site_301,Delhi,Delhi,"Anand Vihar, Delhi - DPCC",2025-06-21 11:00:00+00:00,2025-06-21 11:00:00+00:00,34.1,57.0,1.5,258.0,,0.0,319.0,742.0,,co,1.19,"Anand Vihar, Delhi - DPCC",11
site_301,Delhi,Delhi,"Anand Vihar, Delhi - DPCC",2025-06-21 11:00:00+00:00,2025-06-21 11:00:00+00:00,34.1,57.0,1.5,258.0,,0.0,319.0,742.0,,benzene,0.8,"Anand Vihar, Delhi - DPCC",11
site_1420,Delhi,Delhi,"Ashok Vihar, Delhi - DPCC",2025-06-21 11:00:00+00:00,2025-06-21 11:00:00+00:00,34.3,57.0,2.4,147.0,0.0,0.0,497.0,982.0,,so2,6.8,"Ashok Vihar, Delhi - DPCC",11
site_301,Delhi,Delhi,"Anand Vihar, Delhi - DPCC",2025-06-21 11:00:00+00:00,2025-06-21 11:00:00+00:00,34.1,57.0,1.5,258.0,,0.0,319.0,742.0,,pm25,21.0,"Anand Vihar, Delhi - DPCC",11
site_301,Delhi,Delhi,"Anand Vihar, Delhi - DPCC",2025-06-21 11:00:00+00:00,2025-06-21 11:00:00+00:00,34.1,57.0,1.5,258.0,,0.0,319.0,742.0,,pm10,46.0,"Anand Vihar, Delhi - DPCC",11
site_301,Delhi,Delhi,"Anand Vihar, Delhi - DPCC",2025-06-21 11:00:00+00:00,2025-06-21 11:00:00+00:00,34.1,57.0,1.5,258.0,,0.0,319.0,742.0,,toluene,4.1,"Anand Vihar, Delhi - DPCC",11
site_301,Delhi,Delhi,"Anand Vihar, Delhi - DPCC",2025-06-21 11:00:00+00:00,2025-06-21 11:00:00+00:00,34.1,57.0,1.5,258.0,,0.0,319.0,742.0,,no2,24.9,"Anand Vihar, Delhi - DPCC",11
site_301,Delhi,Delhi,"Anand Vihar, Delhi - DPCC",2025-06-21 11:00:00+00:00,2025-06-21 11:00:00+00:00,34.1,57.0,1.5,258.0,,0.0,319.0,742.0,,no,9.3,"Anand Vihar, Delhi - DPCC",11
site_301,Delhi,Delhi,"Anand Vihar, Delhi - DPCC",2025-06-21 11:00:00+00:00,2025-06-21 11:00:00+00:00,34.1,57.0,1.5,258.0,,0.0,319.0,742.0,,nh3,16.4,"Anand Vihar, Delhi - DPCC",11
site_301,Delhi,Delhi,"Anand Vihar, Delhi - DPCC",2025-06-21 11:00:00+00:00,2025-06-21 11:00:00+00:00,34.1,57.0,1.5,258.0,,0.0,319.0,742.0,,ozone,22.6,"Anand Vihar, Delhi - DPCC",11
site_1420,Delhi,Delhi,"Ashok Vihar, Delhi - DPCC",2025-06-21 11:00:00+00:00,2025-06-21 11:00:00+00:00,34.3,57.0,2.4,147.0,0.0,0.0,497.0,982.0,,toluene,0.6,"Ashok Vihar, Delhi - DPCC",11
site_1560,Delhi,Delhi,"Bawana, Delhi - DPCC",2025-06-21 11:15:00+00:00,2025-06-21 11:15:00+00:00,36.7,52.0,2.5,131.0,0.0,0.0,463.0,975.0,,so2,5.2,"Bawana, Delhi - DPCC",11
site_1560,Delhi,Delhi,"Bawana, Delhi - DPCC",2025-06-21 11:15:00+00:00,2025-06-21 11:15:00+00:00,36.7,52.0,2.5,131.0,0.0,0.0,463.0,975.0,,pm25,38.0,"Bawana, Delhi - DPCC",11
site_104,Delhi,Delhi,"Burari Crossing, Delhi - IMD",2025-06-21 11:15:00+00:00,2025-06-21 11:15:00+00:00,,,,,,0.0,,,,pm25,25.56,"Burari Crossing, Delhi - IMD",11
site_104,Delhi,Delhi,"Burari Crossing, Delhi - IMD",2025-06-21 11:15:00+00:00,2025-06-21 11:15:00+00:00,,,,,,0.0,,,,pm10,44.73,"Burari Crossing, Delhi - IMD",11
site_104,Delhi,Delhi,"Burari Crossing, Delhi - IMD",2025-06-21 11:15:00+00:00,2025-06-21 11:15:00+00:00,,,,,,0.0,,,,ozone,80.18,"Burari Crossing, Delhi - IMD",11
site_104,Delhi,Delhi,"Burari Crossing, Delhi - IMD",2025-06-21 11:15:00+00:00,2025-06-21 11:15:00+00:00,,,,,,0.0,,,,no2,24.59,"Burari Crossing, Delhi - IMD",11
site_104,Delhi,Delhi,"Burari Crossing, Delhi - IMD",2025-06-21 11:15:00+00:00,2025-06-21 11:15:00+00:00,,,,,,0.0,,,,no,7.73,"Burari Crossing, Delhi - IMD",11
site_104,Delhi,Delhi,"Burari Crossing, Delhi - IMD",2025-06-21 11:15:00+00:00,2025-06-21 11:15:00+00:00,,,,,,0.0,,,,co,0.69,"Burari Crossing, Delhi - IMD",11
site_301,Delhi,Delhi,"Anand Vihar, Delhi - DPCC",2025-06-21 11:15:00+00:00,2025-06-21 11:15:00+00:00,34.6,56.0,0.8,268.0,,0.0,321.0,742.0,,ozone,21.0,"Anand Vihar, Delhi - DPCC",11
site_301,Delhi,Delhi,"Anand Vihar, Delhi - DPCC",2025-06-21 11:15:00+00:00,2025-06-21 11:15:00+00:00,34.6,56.0,0.8,268.0,,0.0,321.0,742.0,,so2,50.0,"Anand Vihar, Delhi - DPCC",11
site_301,Delhi,Delhi,"Anand Vihar, Delhi - DPCC",2025-06-21 11:15:00+00:00,2025-06-21 11:15:00+00:00,34.6,56.0,0.8,268.0,,0.0,321.0,742.0,,pm25,21.0,"Anand Vihar, Delhi - DPCC",11
site_301,Delhi,Delhi,"Anand Vihar, Delhi - DPCC",2025-06-21 11:15:00+00:00,2025-06-21 11:15:00+00:00,34.6,56.0,0.8,268.0,,0.0,321.0,742.0,,pm10,46.0,"Anand Vihar, Delhi - DPCC",11
site_301,Delhi,Delhi,"Anand Vihar, Delhi - DPCC",2025-06-21 11:15:00+00:00,2025-06-21 11:15:00+00:00,34.6,56.0,0.8,268.0,,0.0,321.0,742.0,,no2,26.8,"Anand Vihar, Delhi - DPCC",11
site_301,Delhi,Delhi,"Anand Vihar, Delhi - DPCC",2025-06-21 11:15:00+00:00,2025-06-21 11:15:00+00:00,34.6,56.0,0.8,268.0,,0.0,321.0,742.0,,no,6.9,"Anand Vihar, Delhi - DPCC",11
site_301,Delhi,Delhi,"Anand Vihar, Delhi - DPCC",2025-06-21 11:15:00+00:00,2025-06-21 11:15:00+00:00,34.6,56.0,0.8,268.0,,0.0,321.0,742.0,,nh3,14.7,"Anand Vihar, Delhi - DPCC",11
site_301,Delhi,Delhi,"Anand Vihar, Delhi - DPCC",2025-06-21 11:15:00+00:00,2025-06-21 11:15:00+00:00,34.6,56.0,0.8,268.0,,0.0,321.0,742.0,,co,1.15,"Anand Vihar, Delhi - DPCC",11
site_301,Delhi,Delhi,"Anand Vihar, Delhi - DPCC",2025-06-21 11:15:00+00:00,2025-06-21 11:15:00+00:00,34.6,56.0,0.8,268.0,,0.0,321.0,742.0,,benzene,0.7,"Anand Vihar, Delhi - DPCC",11
site_1560,Delhi,Delhi,"Bawana, Delhi - DPCC",2025-06-21 11:15:00+00:00,2025-06-21 11:15:00+00:00,36.7,52.0,2.5,131.0,0.0,0.0,463.0,975.0,,pm10,70.0,"Bawana, Delhi - DPCC",11
site_1560,Delhi,Delhi,"Bawana, Delhi - DPCC",2025-06-21 11:15:00+00:00,2025-06-21 11:15:00+00:00,36.7,52.0,2.5,131.0,0.0,0.0,463.0,975.0,,toluene,7.4,"Bawana, Delhi - DPCC",11
site_301,Delhi,Delhi,"Anand Vihar, Delhi - DPCC",2025-06-21 11:15:00+00:00,2025-06-21 11:15:00+00:00,34.6,56.0,0.8,268.0,,0.0,321.0,742.0,,toluene,4.3,"Anand Vihar, Delhi - DPCC",11
site_1560,Delhi,Delhi,"Bawana, Delhi - DPCC",2025-06-21 11:15:00+00:00,2025-06-21 11:15:00+00:00,36.7,52.0,2.5,131.0,0.0,0.0,463.0,975.0,,ozone,8.0,"Bawana, Delhi - DPCC",11
site_108,Delhi,Delhi,"Aya Nagar, Delhi - IMD",2025-06-21 11:15:00+00:00,2025-06-21 11:15:00+00:00,,,,,,0.0,,,,ozone,96.08,"Aya Nagar, Delhi - IMD",11
site_1560,Delhi,Delhi,"Bawana, Delhi - DPCC",2025-06-21 11:15:00+00:00,2025-06-21 11:15:00+00:00,36.7,52.0,2.5,131.0,0.0,0.0,463.0,975.0,,no,4.0,"Bawana, Delhi - DPCC",11
site_5024,Delhi,Delhi,"Alipur, Delhi - DPCC",2025-06-21 11:15:00+00:00,2025-06-21 11:15:00+00:00,36.4,48.0,,232.0,0.0,0.0,642.0,982.0,,nh3,53.0,"Alipur, Delhi - DPCC",11
site_5024,Delhi,Delhi,"Alipur, Delhi - DPCC",2025-06-21 11:15:00+00:00,2025-06-21 11:15:00+00:00,36.4,48.0,,232.0,0.0,0.0,642.0,982.0,,no,3.2,"Alipur, Delhi - DPCC",11
site_5024,Delhi,Delhi,"Alipur, Delhi - DPCC",2025-06-21 11:15:00+00:00,2025-06-21 11:15:00+00:00,36.4,48.0,,232.0,0.0,0.0,642.0,982.0,,no2,16.0,"Alipur, Delhi - DPCC",11
site_1420,Delhi,Delhi,"Ashok Vihar, Delhi - DPCC",2025-06-21 11:15:00+00:00,2025-06-21 11:15:00+00:00,34.3,56.0,2.7,90.0,0.0,0.0,402.0,981.0,,no,3.2,"Ashok Vihar, Delhi - DPCC",11
site_1420,Delhi,Delhi,"Ashok Vihar, Delhi - DPCC",2025-06-21 11:15:00+00:00,2025-06-21 11:15:00+00:00,34.3,56.0,2.7,90.0,0.0,0.0,402.0,981.0,,no2,12.2,"Ashok Vihar, Delhi - DPCC",11
site_1420,Delhi,Delhi,"Ashok Vihar, Delhi - DPCC",2025-06-21 11:15:00+00:00,2025-06-21 11:15:00+00:00,34.3,56.0,2.7,90.0,0.0,0.0,402.0,981.0,,ozone,41.6,"Ashok Vihar, Delhi - DPCC",11
site_1420,Delhi,Delhi,"Ashok Vihar, Delhi - DPCC",2025-06-21 11:15:00+00:00,2025-06-21 11:15:00+00:00,34.3,56.0,2.7,90.0,0.0,0.0,402.0,981.0,,pm10,70.0,"Ashok Vihar, Delhi - DPCC",11
site_1420,Delhi,Delhi,"Ashok Vihar, Delhi - DPCC",2025-06-21 11:15:00+00:00,2025-06-21 11:15:00+00:00,34.3,56.0,2.7,90.0,0.0,0.0,402.0,981.0,,pm25,33.0,"Ashok Vihar, Delhi - DPCC",11
site_1420,Delhi,Delhi,"Ashok Vihar, Delhi - DPCC",2025-06-21 11:15:00+00:00,2025-06-21 11:15:00+00:00,34.3,56.0,2.7,90.0,0.0,0.0,402.0,981.0,,so2,7.4,"Ashok Vihar, Delhi - DPCC",11
site_1420,Delhi,Delhi,"Ashok Vihar, Delhi - DPCC",2025-06-21 11:15:00+00:00,2025-06-21 11:15:00+00:00,34.3,56.0,2.7,90.0,0.0,0.0,402.0,981.0,,toluene,0.6,"Ashok Vihar, Delhi - DPCC",11
site_5024,Delhi,Delhi,"Alipur, Delhi - DPCC",2025-06-21 11:15:00+00:00,2025-06-21 11:15:00+00:00,36.4,48.0,,232.0,0.0,0.0,642.0,982.0,,ozone,55.4,"Alipur, Delhi - DPCC",11
site_5024,Delhi,Delhi,"Alipur, Delhi - DPCC",2025-06-21 11:15:00+00:00,2025-06-21 11:15:00+00:00,36.4,48.0,,232.0,0.0,0.0,642.0,982.0,,pm10,77.0,"Alipur, Delhi - DPCC",11
site_5024,Delhi,Delhi,"Alipur, Delhi - DPCC",2025-06-21 11:15:00+00:00,2025-06-21 11:15:00+00:00,36.4,48.0,,232.0,0.0,0.0,642.0,982.0,,so2,9.2,"Alipur, Delhi - DPCC",11
site_5024,Delhi,Delhi,"Alipur, Delhi - DPCC",2025-06-21 11:15:00+00:00,2025-06-21 11:15:00+00:00,36.4,48.0,,232.0,0.0,0.0,642.0,982.0,,toluene,0.2,"Alipur, Delhi - DPCC",11
site_1560,Delhi,Delhi,"Bawana, Delhi - DPCC",2025-06-21 11:15:00+00:00,2025-06-21 11:15:00+00:00,36.7,52.0,2.5,131.0,0.0,0.0,463.0,975.0,,no2,7.3,"Bawana, Delhi - DPCC",11
site_5024,Delhi,Delhi,"Alipur, Delhi - DPCC",2025-06-21 11:15:00+00:00,2025-06-21 11:15:00+00:00,36.4,48.0,,232.0,0.0,0.0,642.0,982.0,,benzene,0.1,"Alipur, Delhi - DPCC",11
site_108,Delhi,Delhi,"Aya Nagar, Delhi - IMD",2025-06-21 11:15:00+00:00,2025-06-21 11:15:00+00:00,,,,,,0.0,,,,co,0.94,"Aya Nagar, Delhi - IMD",11
site_5024,Delhi,Delhi,"Alipur, Delhi - DPCC",2025-06-21 11:15:00+00:00,2025-06-21 11:15:00+00:00,36.4,48.0,,232.0,0.0,0.0,642.0,982.0,,co,0.74,"Alipur, Delhi - DPCC",11
site_108,Delhi,Delhi,"Aya Nagar, Delhi - IMD",2025-06-21 11:15:00+00:00,2025-06-21 11:15:00+00:00,,,,,,0.0,,,,no2,9.8,"Aya Nagar, Delhi - IMD",11
site_108,Delhi,Delhi,"Aya Nagar, Delhi - IMD",2025-06-21 11:15:00+00:00,2025-06-21 11:15:00+00:00,,,,,,0.0,,,,pm25,22.95,"Aya Nagar, Delhi - IMD",11
site_108,Delhi,Delhi,"Aya Nagar, Delhi - IMD",2025-06-21 11:15:00+00:00,2025-06-21 11:15:00+00:00,,,,,,0.0,,,,no,4.58,"Aya Nagar, Delhi - IMD",11
site_1420,Delhi,Delhi,"Ashok Vihar, Delhi - DPCC",2025-06-21 11:15:00+00:00,2025-06-21 11:15:00+00:00,34.3,56.0,2.7,90.0,0.0,0.0,402.0,981.0,,nh3,25.7,"Ashok Vihar, Delhi - DPCC",11
site_1420,Delhi,Delhi,"Ashok Vihar, Delhi - DPCC",2025-06-21 11:15:00+00:00,2025-06-21 11:15:00+00:00,34.3,56.0,2.7,90.0,0.0,0.0,402.0,981.0,,co,0.77,"Ashok Vihar, Delhi - DPCC",11
site_1560,Delhi,Delhi,"Bawana, Delhi - DPCC",2025-06-21 11:15:00+00:00,2025-06-21 11:15:00+00:00,36.7,52.0,2.5,131.0,0.0,0.0,463.0,975.0,,nh3,28.0,"Bawana, Delhi - DPCC",11
site_1420,Delhi,Delhi,"Ashok Vihar, Delhi - DPCC",2025-06-21 11:15:00+00:00,2025-06-21 11:15:00+00:00,34.3,56.0,2.7,90.0,0.0,0.0,402.0,981.0,,benzene,0.1,"Ashok Vihar, Delhi - DPCC",11
site_1560,Delhi,Delhi,"Bawana, Delhi - DPCC",2025-06-21 11:15:00+00:00,2025-06-21 11:15:00+00:00,36.7,52.0,2.5,131.0,0.0,0.0,463.0,975.0,,benzene,0.1,"Bawana, Delhi - DPCC",11
site_108,Delhi,Delhi,"Aya Nagar, Delhi - IMD",2025-06-21 11:15:00+00:00,2025-06-21 11:15:00+00:00,,,,,,0.0,,,,pm10,74.54,"Aya Nagar, Delhi - IMD",11
site_1560,Delhi,Delhi,"Bawana, Delhi - DPCC",2025-06-21 11:15:00+00:00,2025-06-21 11:15:00+00:00,36.7,52.0,2.5,131.0,0.0,0.0,463.0,975.0,,co,0.58,"Bawana, Delhi - DPCC",11
site_5024,Delhi,Delhi,"Alipur, Delhi - DPCC",2025-06-21 11:30:00+00:00,2025-06-21 11:30:00+00:00,36.2,49.0,,187.0,0.0,0.0,595.0,981.0,,benzene,0.1,"Alipur, Delhi - DPCC",11
site_108,Delhi,Delhi,"Aya Nagar, Delhi - IMD",2025-06-21 11:30:00+00:00,2025-06-21 11:30:00+00:00,,,,,,0.0,,,,ozone,94.0,"Aya Nagar, Delhi - IMD",11
site_5024,Delhi,Delhi,"Alipur, Delhi - DPCC",2025-06-21 11:30:00+00:00,2025-06-21 11:30:00+00:00,36.2,49.0,,187.0,0.0,0.0,595.0,981.0,,nh3,52.6,"Alipur, Delhi - DPCC",11
site_5024,Delhi,Delhi,"Alipur, Delhi - DPCC",2025-06-21 11:30:00+00:00,2025-06-21 11:30:00+00:00,36.2,49.0,,187.0,0.0,0.0,595.0,981.0,,no2,16.0,"Alipur, Delhi - DPCC",11
site_5024,Delhi,Delhi,"Alipur, Delhi - DPCC",2025-06-21 11:30:00+00:00,2025-06-21 11:30:00+00:00,36.2,49.0,,187.0,0.0,0.0,595.0,981.0,,ozone,56.2,"Alipur, Delhi - DPCC",11
site_5024,Delhi,Delhi,"Alipur, Delhi - DPCC",2025-06-21 11:30:00+00:00,2025-06-21 11:30:00+00:00,36.2,49.0,,187.0,0.0,0.0,595.0,981.0,,pm10,77.0,"Alipur, Delhi - DPCC",11
site_5024,Delhi,Delhi,"Alipur, Delhi - DPCC",2025-06-21 11:30:00+00:00,2025-06-21 11:30:00+00:00,36.2,49.0,,187.0,0.0,0.0,595.0,981.0,,co,0.74,"Alipur, Delhi - DPCC",11
site_5024,Delhi,Delhi,"Alipur, Delhi - DPCC",2025-06-21 11:30:00+00:00,2025-06-21 11:30:00+00:00,36.2,49.0,,187.0,0.0,0.0,595.0,981.0,,no,3.3,"Alipur, Delhi - DPCC",11
site_104,Delhi,Delhi,"Burari Crossing, Delhi - IMD",2025-06-21 11:30:00+00:00,2025-06-21 11:30:00+00:00,,,,,,0.0,,,,pm25,19.83,"Burari Crossing, Delhi - IMD",11
site_104,Delhi,Delhi,"Burari Crossing, Delhi - IMD",2025-06-21 11:30:00+00:00,2025-06-21 11:30:00+00:00,,,,,,0.0,,,,ozone,78.39,"Burari Crossing, Delhi - IMD",11
site_104,Delhi,Delhi,"Burari Crossing, Delhi - IMD",2025-06-21 11:30:00+00:00,2025-06-21 11:30:00+00:00,,,,,,0.0,,,,no2,29.53,"Burari Crossing, Delhi - IMD",11
site_104,Delhi,Delhi,"Burari Crossing, Delhi - IMD",2025-06-21 11:30:00+00:00,2025-06-21 11:30:00+00:00,,,,,,0.0,,,,no,8.33,"Burari Crossing, Delhi - IMD",11
site_104,Delhi,Delhi,"Burari Crossing, Delhi - IMD",2025-06-21 11:30:00+00:00,2025-06-21 11:30:00+00:00,,,,,,0.0,,,,co,0.75,"Burari Crossing, Delhi - IMD",11
site_108,Delhi,Delhi,"Aya Nagar, Delhi - IMD",2025-06-21 11:30:00+00:00,2025-06-21 11:30:00+00:00,,,,,,0.0,,,,co,0.93,"Aya Nagar, Delhi - IMD",11
site_108,Delhi,Delhi,"Aya Nagar, Delhi - IMD",2025-06-21 11:30:00+00:00,2025-06-21 11:30:00+00:00,,,,,,0.0,,,,no,5.21,"Aya Nagar, Delhi - IMD",11
site_5024,Delhi,Delhi,"Alipur, Delhi - DPCC",2025-06-21 11:30:00+00:00,2025-06-21 11:30:00+00:00,36.2,49.0,,187.0,0.0,0.0,595.0,981.0,,so2,8.5,"Alipur, Delhi - DPCC",11
site_108,Delhi,Delhi,"Aya Nagar, Delhi - IMD",2025-06-21 11:30:00+00:00,2025-06-21 11:30:00+00:00,,,,,,0.0,,,,pm25,25.79,"Aya Nagar, Delhi - IMD",11
site_108,Delhi,Delhi,"Aya Nagar, Delhi - IMD",2025-06-21 11:30:00+00:00,2025-06-21 11:30:00+00:00,,,,,,0.0,,,,pm10,72.56,"Aya Nagar, Delhi - IMD",11
site_104,Delhi,Delhi,"Burari Crossing, Delhi - IMD",2025-06-21 11:30:00+00:00,2025-06-21 11:30:00+00:00,,,,,,0.0,,,,pm10,48.29,"Burari Crossing, Delhi - IMD",11
site_5024,Delhi,Delhi,"Alipur, Delhi - DPCC",2025-06-21 11:30:00+00:00,2025-06-21 11:30:00+00:00,36.2,49.0,,187.0,0.0,0.0,595.0,981.0,,toluene,0.2,"Alipur, Delhi - DPCC",11
site_1420,Delhi,Delhi,"Ashok Vihar, Delhi - DPCC",2025-06-21 11:30:00+00:00,2025-06-21 11:30:00+00:00,34.1,57.0,2.8,149.0,0.0,0.0,492.0,982.0,,toluene,0.6,"Ashok Vihar, Delhi - DPCC",11
site_301,Delhi,Delhi,"Anand Vihar, Delhi - DPCC",2025-06-21 11:30:00+00:00,2025-06-21 11:30:00+00:00,34.9,54.0,1.8,264.0,,0.0,312.0,742.0,,nh3,12.9,"Anand Vihar, Delhi - DPCC",11
site_301,Delhi,Delhi,"Anand Vihar, Delhi - DPCC",2025-06-21 11:30:00+00:00,2025-06-21 11:30:00+00:00,34.9,54.0,1.8,264.0,,0.0,312.0,742.0,,ozone,25.0,"Anand Vihar, Delhi - DPCC",11
site_301,Delhi,Delhi,"Anand Vihar, Delhi - DPCC",2025-06-21 11:30:00+00:00,2025-06-21 11:30:00+00:00,34.9,54.0,1.8,264.0,,0.0,312.0,742.0,,pm10,46.0,"Anand Vihar, Delhi - DPCC",11
site_301,Delhi,Delhi,"Anand Vihar, Delhi - DPCC",2025-06-21 11:30:00+00:00,2025-06-21 11:30:00+00:00,34.9,54.0,1.8,264.0,,0.0,312.0,742.0,,pm25,21.0,"Anand Vihar, Delhi - DPCC",11
site_301,Delhi,Delhi,"Anand Vihar, Delhi - DPCC",2025-06-21 11:30:00+00:00,2025-06-21 11:30:00+00:00,34.9,54.0,1.8,264.0,,0.0,312.0,742.0,,so2,50.3,"Anand Vihar, Delhi - DPCC",11
site_301,Delhi,Delhi,"Anand Vihar, Delhi - DPCC",2025-06-21 11:30:00+00:00,2025-06-21 11:30:00+00:00,34.9,54.0,1.8,264.0,,0.0,312.0,742.0,,toluene,4.3,"Anand Vihar, Delhi - DPCC",11
site_1560,Delhi,Delhi,"Bawana, Delhi - DPCC",2025-06-21 11:30:00+00:00,2025-06-21 11:30:00+00:00,36.3,52.0,2.5,108.0,0.0,0.0,557.0,976.0,,toluene,7.1,"Bawana, Delhi - DPCC",11
site_1560,Delhi,Delhi,"Bawana, Delhi - DPCC",2025-06-21 11:30:00+00:00,2025-06-21 11:30:00+00:00,36.3,52.0,2.5,108.0,0.0,0.0,557.0,976.0,,so2,5.0,"Bawana, Delhi - DPCC",11
site_1560,Delhi,Delhi,"Bawana, Delhi - DPCC",2025-06-21 11:30:00+00:00,2025-06-21 11:30:00+00:00,36.3,52.0,2.5,108.0,0.0,0.0,557.0,976.0,,pm25,38.0,"Bawana, Delhi - DPCC",11
site_1560,Delhi,Delhi,"Bawana, Delhi - DPCC",2025-06-21 11:30:00+00:00,2025-06-21 11:30:00+00:00,36.3,52.0,2.5,108.0,0.0,0.0,557.0,976.0,,pm10,70.0,"Bawana, Delhi - DPCC",11
site_1560,Delhi,Delhi,"Bawana, Delhi - DPCC",2025-06-21 11:30:00+00:00,2025-06-21 11:30:00+00:00,36.3,52.0,2.5,108.0,0.0,0.0,557.0,976.0,,ozone,8.8,"Bawana, Delhi - DPCC",11
site_1560,Delhi,Delhi,"Bawana, Delhi - DPCC",2025-06-21 11:30:00+00:00,2025-06-21 11:30:00+00:00,36.3,52.0,2.5,108.0,0.0,0.0,557.0,976.0,,no2,7.0,"Bawana, Delhi - DPCC",11
site_1560,Delhi,Delhi,"Bawana, Delhi - DPCC",2025-06-21 11:30:00+00:00,2025-06-21 11:30:00+00:00,36.3,52.0,2.5,108.0,0.0,0.0,557.0,976.0,,no,3.4,"Bawana, Delhi - DPCC",11
site_1560,Delhi,Delhi,"Bawana, Delhi - DPCC",2025-06-21 11:30:00+00:00,2025-06-21 11:30:00+00:00,36.3,52.0,2.5,108.0,0.0,0.0,557.0,976.0,,nh3,29.4,"Bawana, Delhi - DPCC",11
site_1560,Delhi,Delhi,"Bawana, Delhi - DPCC",2025-06-21 11:30:00+00:00,2025-06-21 11:30:00+00:00,36.3,52.0,2.5,108.0,0.0,0.0,557.0,976.0,,co,0.57,"Bawana, Delhi - DPCC",11
site_1560,Delhi,Delhi,"Bawana, Delhi - DPCC",2025-06-21 11:30:00+00:00,2025-06-21 11:30:00+00:00,36.3,52.0,2.5,108.0,0.0,0.0,557.0,976.0,,benzene,0.1,"Bawana, Delhi - DPCC",11
site_301,Delhi,Delhi,"Anand Vihar, Delhi - DPCC",2025-06-21 11:30:00+00:00,2025-06-21 11:30:00+00:00,34.9,54.0,1.8,264.0,,0.0,312.0,742.0,,no2,22.1,"Anand Vihar, Delhi - DPCC",11
site_301,Delhi,Delhi,"Anand Vihar, Delhi - DPCC",2025-06-21 11:30:00+00:00,2025-06-21 11:30:00+00:00,34.9,54.0,1.8,264.0,,0.0,312.0,742.0,,no,10.5,"Anand Vihar, Delhi - DPCC",11
site_108,Delhi,Delhi,"Aya Nagar, Delhi - IMD",2025-06-21 11:30:00+00:00,2025-06-21 11:30:00+00:00,,,,,,0.0,,,,no2,10.37,"Aya Nagar, Delhi - IMD",11
site_1420,Delhi,Delhi,"Ashok Vihar, Delhi - DPCC",2025-06-21 11:30:00+00:00,2025-06-21 11:30:00+00:00,34.1,57.0,2.8,149.0,0.0,0.0,492.0,982.0,,pm25,33.0,"Ashok Vihar, Delhi - DPCC",11
site_301,Delhi,Delhi,"Anand Vihar, Delhi - DPCC",2025-06-21 11:30:00+00:00,2025-06-21 11:30:00+00:00,34.9,54.0,1.8,264.0,,0.0,312.0,742.0,,benzene,0.7,"Anand Vihar, Delhi - DPCC",11
site_1420,Delhi,Delhi,"Ashok Vihar, Delhi - DPCC",2025-06-21 11:30:00+00:00,2025-06-21 11:30:00+00:00,34.1,57.0,2.8,149.0,0.0,0.0,492.0,982.0,,benzene,0.1,"Ashok Vihar, Delhi - DPCC",11
site_1420,Delhi,Delhi,"Ashok Vihar, Delhi - DPCC",2025-06-21 11:30:00+00:00,2025-06-21 11:30:00+00:00,34.1,57.0,2.8,149.0,0.0,0.0,492.0,982.0,,co,0.84,"Ashok Vihar, Delhi - DPCC",11
site_1420,Delhi,Delhi,"Ashok Vihar, Delhi - DPCC",2025-06-21 11:30:00+00:00,2025-06-21 11:30:00+00:00,34.1,57.0,2.8,149.0,0.0,0.0,492.0,982.0,,nh3,27.1,"Ashok Vihar, Delhi - DPCC",11
site_1420,Delhi,Delhi,"Ashok Vihar, Delhi - DPCC",2025-06-21 11:30:00+00:00,2025-06-21 11:30:00+00:00,34.1,57.0,2.8,149.0,0.0,0.0,492.0,982.0,,no,5.2,"Ashok Vihar, Delhi - DPCC",11
site_1420,Delhi,Delhi,"Ashok Vihar, Delhi - DPCC",2025-06-21 11:30:00+00:00,2025-06-21 11:30:00+00:00,34.1,57.0,2.8,149.0,0.0,0.0,492.0,982.0,,no2,11.3,"Ashok Vihar, Delhi - DPCC",11
site_1420,Delhi,Delhi,"Ashok Vihar, Delhi - DPCC",2025-06-21 11:30:00+00:00,2025-06-21 11:30:00+00:00,34.1,57.0,2.8,149.0,0.0,0.0,492.0,982.0,,ozone,57.5,"Ashok Vihar, Delhi - DPCC",11
site_1420,Delhi,Delhi,"Ashok Vihar, Delhi - DPCC",2025-06-21 11:30:00+00:00,2025-06-21 11:30:00+00:00,34.1,57.0,2.8,149.0,0.0,0.0,492.0,982.0,,pm10,70.0,"Ashok Vihar, Delhi - DPCC",11
site_301,Delhi,Delhi,"Anand Vihar, Delhi - DPCC",2025-06-21 11:30:00+00:00,2025-06-21 11:30:00+00:00,34.9,54.0,1.8,264.0,,0.0,312.0,742.0,,co,0.79,"Anand Vihar, Delhi - DPCC",11
site_1420,Delhi,Delhi,"Ashok Vihar, Delhi - DPCC",2025-06-21 11:30:00+00:00,2025-06-21 11:30:00+00:00,34.1,57.0,2.8,149.0,0.0,0.0,492.0,982.0,,so2,8.6,"Ashok Vihar, Delhi - DPCC",11
site_5024,Delhi,Delhi,"Alipur, Delhi - DPCC",2025-06-21 11:45:00+00:00,2025-06-21 11:45:00+00:00,36.4,48.0,,226.0,0.0,0.0,762.0,981.0,,nh3,52.5,"Alipur, Delhi - DPCC",11
site_5024,Delhi,Delhi,"Alipur, Delhi - DPCC",2025-06-21 11:45:00+00:00,2025-06-21 11:45:00+00:00,36.4,48.0,,226.0,0.0,0.0,762.0,981.0,,co,0.76,"Alipur, Delhi - DPCC",11
site_5024,Delhi,Delhi,"Alipur, Delhi - DPCC",2025-06-21 11:45:00+00:00,2025-06-21 11:45:00+00:00,36.4,48.0,,226.0,0.0,0.0,762.0,981.0,,benzene,0.2,"Alipur, Delhi - DPCC",11
site_5024,Delhi,Delhi,"Alipur, Delhi - DPCC",2025-06-21 11:45:00+00:00,2025-06-21 11:45:00+00:00,36.4,48.0,,226.0,0.0,0.0,762.0,981.0,,no2,16.2,"Alipur, Delhi - DPCC",11
site_5024,Delhi,Delhi,"Alipur, Delhi - DPCC",2025-06-21 11:45:00+00:00,2025-06-21 11:45:00+00:00,36.4,48.0,,226.0,0.0,0.0,762.0,981.0,,pm10,77.0,"Alipur, Delhi - DPCC",11
site_5024,Delhi,Delhi,"Alipur, Delhi - DPCC",2025-06-21 11:45:00+00:00,2025-06-21 11:45:00+00:00,36.4,48.0,,226.0,0.0,0.0,762.0,981.0,,so2,8.1,"Alipur, Delhi - DPCC",11
site_5024,Delhi,Delhi,"Alipur, Delhi - DPCC",2025-06-21 11:45:00+00:00,2025-06-21 11:45:00+00:00,36.4,48.0,,226.0,0.0,0.0,762.0,981.0,,toluene,0.1,"Alipur, Delhi - DPCC",11
site_5024,Delhi,Delhi,"Alipur, Delhi - DPCC",2025-06-21 11:45:00+00:00,2025-06-21 11:45:00+00:00,36.4,48.0,,226.0,0.0,0.0,762.0,981.0,,ozone,53.3,"Alipur, Delhi - DPCC",11
site_5024,Delhi,Delhi,"Alipur, Delhi - DPCC",2025-06-21 11:45:00+00:00,2025-06-21 11:45:00+00:00,36.4,48.0,,226.0,0.0,0.0,762.0,981.0,,no,3.0,"Alipur, Delhi - DPCC",11
site_1420,Delhi,Delhi,"Ashok Vihar, Delhi - DPCC",2025-06-21 11:45:00+00:00,2025-06-21 11:45:00+00:00,34.9,54.0,2.7,140.0,0.0,0.0,601.0,982.0,,ozone,56.5,"Ashok Vihar, Delhi - DPCC",11
site_301,Delhi,Delhi,"Anand Vihar, Delhi - DPCC",2025-06-21 11:45:00+00:00,2025-06-21 11:45:00+00:00,34.9,54.0,1.4,244.0,,0.0,307.0,742.0,,co,0.92,"Anand Vihar, Delhi - DPCC",11
site_1420,Delhi,Delhi,"Ashok Vihar, Delhi - DPCC",2025-06-21 11:45:00+00:00,2025-06-21 11:45:00+00:00,34.9,54.0,2.7,140.0,0.0,0.0,601.0,982.0,,so2,10.1,"Ashok Vihar, Delhi - DPCC",11
site_1420,Delhi,Delhi,"Ashok Vihar, Delhi - DPCC",2025-06-21 11:45:00+00:00,2025-06-21 11:45:00+00:00,34.9,54.0,2.7,140.0,0.0,0.0,601.0,982.0,,toluene,0.6,"Ashok Vihar, Delhi - DPCC",11
site_104,Delhi,Delhi,"Burari Crossing, Delhi - IMD",2025-06-21 11:45:00+00:00,2025-06-21 11:45:00+00:00,,,,,,0.0,,,,pm25,15.38,"Burari Crossing, Delhi - IMD",11
site_1560,Delhi,Delhi,"Bawana, Delhi - DPCC",2025-06-21 11:45:00+00:00,2025-06-21 11:45:00+00:00,36.2,52.0,3.1,114.0,0.0,0.0,372.0,977.0,,ozone,8.9,"Bawana, Delhi - DPCC",11
site_1560,Delhi,Delhi,"Bawana, Delhi - DPCC",2025-06-21 11:45:00+00:00,2025-06-21 11:45:00+00:00,36.2,52.0,3.1,114.0,0.0,0.0,372.0,977.0,,no2,7.1,"Bawana, Delhi - DPCC",11
site_1560,Delhi,Delhi,"Bawana, Delhi - DPCC",2025-06-21 11:45:00+00:00,2025-06-21 11:45:00+00:00,36.2,52.0,3.1,114.0,0.0,0.0,372.0,977.0,,no,3.3,"Bawana, Delhi - DPCC",11
site_1560,Delhi,Delhi,"Bawana, Delhi - DPCC",2025-06-21 11:45:00+00:00,2025-06-21 11:45:00+00:00,36.2,52.0,3.1,114.0,0.0,0.0,372.0,977.0,,nh3,32.0,"Bawana, Delhi - DPCC",11
site_1560,Delhi,Delhi,"Bawana, Delhi - DPCC",2025-06-21 11:45:00+00:00,2025-06-21 11:45:00+00:00,36.2,52.0,3.1,114.0,0.0,0.0,372.0,977.0,,co,0.58,"Bawana, Delhi - DPCC",11
site_1560,Delhi,Delhi,"Bawana, Delhi - DPCC",2025-06-21 11:45:00+00:00,2025-06-21 11:45:00+00:00,36.2,52.0,3.1,114.0,0.0,0.0,372.0,977.0,,benzene,0.0,"Bawana, Delhi - DPCC",11
site_1420,Delhi,Delhi,"Ashok Vihar, Delhi - DPCC",2025-06-21 11:45:00+00:00,2025-06-21 11:45:00+00:00,34.9,54.0,2.7,140.0,0.0,0.0,601.0,982.0,,pm25,33.0,"Ashok Vihar, Delhi - DPCC",11
site_108,Delhi,Delhi,"Aya Nagar, Delhi - IMD",2025-06-21 11:45:00+00:00,2025-06-21 11:45:00+00:00,,,,,,0.0,,,,co,0.94,"Aya Nagar, Delhi - IMD",11
site_108,Delhi,Delhi,"Aya Nagar, Delhi - IMD",2025-06-21 11:45:00+00:00,2025-06-21 11:45:00+00:00,,,,,,0.0,,,,no2,10.23,"Aya Nagar, Delhi - IMD",11
site_108,Delhi,Delhi,"Aya Nagar, Delhi - IMD",2025-06-21 11:45:00+00:00,2025-06-21 11:45:00+00:00,,,,,,0.0,,,,ozone,84.34,"Aya Nagar, Delhi - IMD",11
site_108,Delhi,Delhi,"Aya Nagar, Delhi - IMD",2025-06-21 11:45:00+00:00,2025-06-21 11:45:00+00:00,,,,,,0.0,,,,pm10,71.17,"Aya Nagar, Delhi - IMD",11
site_108,Delhi,Delhi,"Aya Nagar, Delhi - IMD",2025-06-21 11:45:00+00:00,2025-06-21 11:45:00+00:00,,,,,,0.0,,,,pm25,21.23,"Aya Nagar, Delhi - IMD",11
site_104,Delhi,Delhi,"Burari Crossing, Delhi - IMD",2025-06-21 11:45:00+00:00,2025-06-21 11:45:00+00:00,,,,,,0.0,,,,co,0.7,"Burari Crossing, Delhi - IMD",11
site_104,Delhi,Delhi,"Burari Crossing, Delhi - IMD",2025-06-21 11:45:00+00:00,2025-06-21 11:45:00+00:00,,,,,,0.0,,,,no,7.31,"Burari Crossing, Delhi - IMD",11
site_104,Delhi,Delhi,"Burari Crossing, Delhi - IMD",2025-06-21 11:45:00+00:00,2025-06-21 11:45:00+00:00,,,,,,0.0,,,,no2,24.07,"Burari Crossing, Delhi - IMD",11
site_104,Delhi,Delhi,"Burari Crossing, Delhi - IMD",2025-06-21 11:45:00+00:00,2025-06-21 11:45:00+00:00,,,,,,0.0,,,,ozone,87.54,"Burari Crossing, Delhi - IMD",11
site_104,Delhi,Delhi,"Burari Crossing, Delhi - IMD",2025-06-21 11:45:00+00:00,2025-06-21 11:45:00+00:00,,,,,,0.0,,,,pm10,51.12,"Burari Crossing, Delhi - IMD",11
site_108,Delhi,Delhi,"Aya Nagar, Delhi - IMD",2025-06-21 11:45:00+00:00,2025-06-21 11:45:00+00:00,,,,,,0.0,,,,no,5.09,"Aya Nagar, Delhi - IMD",11
site_1420,Delhi,Delhi,"Ashok Vihar, Delhi - DPCC",2025-06-21 11:45:00+00:00,2025-06-21 11:45:00+00:00,34.9,54.0,2.7,140.0,0.0,0.0,601.0,982.0,,pm10,70.0,"Ashok Vihar, Delhi - DPCC",11
site_301,Delhi,Delhi,"Anand Vihar, Delhi - DPCC",2025-06-21 11:45:00+00:00,2025-06-21 11:45:00+00:00,34.9,54.0,1.4,244.0,,0.0,307.0,742.0,,toluene,4.2,"Anand Vihar, Delhi - DPCC",11
site_1420,Delhi,Delhi,"Ashok Vihar, Delhi - DPCC",2025-06-21 11:45:00+00:00,2025-06-21 11:45:00+00:00,34.9,54.0,2.7,140.0,0.0,0.0,601.0,982.0,,no2,10.0,"Ashok Vihar, Delhi - DPCC",11
site_301,Delhi,Delhi,"Anand Vihar, Delhi - DPCC",2025-06-21 11:45:00+00:00,2025-06-21 11:45:00+00:00,34.9,54.0,1.4,244.0,,0.0,307.0,742.0,,nh3,12.7,"Anand Vihar, Delhi - DPCC",11
site_301,Delhi,Delhi,"Anand Vihar, Delhi - DPCC",2025-06-21 11:45:00+00:00,2025-06-21 11:45:00+00:00,34.9,54.0,1.4,244.0,,0.0,307.0,742.0,,no,10.3,"Anand Vihar, Delhi - DPCC",11
site_301,Delhi,Delhi,"Anand Vihar, Delhi - DPCC",2025-06-21 11:45:00+00:00,2025-06-21 11:45:00+00:00,34.9,54.0,1.4,244.0,,0.0,307.0,742.0,,no2,23.6,"Anand Vihar, Delhi - DPCC",11
site_301,Delhi,Delhi,"Anand Vihar, Delhi - DPCC",2025-06-21 11:45:00+00:00,2025-06-21 11:45:00+00:00,34.9,54.0,1.4,244.0,,0.0,307.0,742.0,,ozone,26.1,"Anand Vihar, Delhi - DPCC",11
site_301,Delhi,Delhi,"Anand Vihar, Delhi - DPCC",2025-06-21 11:45:00+00:00,2025-06-21 11:45:00+00:00,34.9,54.0,1.4,244.0,,0.0,307.0,742.0,,pm10,46.0,"Anand Vihar, Delhi - DPCC",11
site_1560,Delhi,Delhi,"Bawana, Delhi - DPCC",2025-06-21 11:45:00+00:00,2025-06-21 11:45:00+00:00,36.2,52.0,3.1,114.0,0.0,0.0,372.0,977.0,,pm10,70.0,"Bawana, Delhi - DPCC",11
site_301,Delhi,Delhi,"Anand Vihar, Delhi - DPCC",2025-06-21 11:45:00+00:00,2025-06-21 11:45:00+00:00,34.9,54.0,1.4,244.0,,0.0,307.0,742.0,,so2,49.8,"Anand Vihar, Delhi - DPCC",11
site_1420,Delhi,Delhi,"Ashok Vihar, Delhi - DPCC",2025-06-21 11:45:00+00:00,2025-06-21 11:45:00+00:00,34.9,54.0,2.7,140.0,0.0,0.0,601.0,982.0,,benzene,0.1,"Ashok Vihar, Delhi - DPCC",11
site_1420,Delhi,Delhi,"Ashok Vihar, Delhi - DPCC",2025-06-21 11:45:00+00:00,2025-06-21 11:45:00+00:00,34.9,54.0,2.7,140.0,0.0,0.0,601.0,982.0,,co,0.84,"Ashok Vihar, Delhi - DPCC",11
site_1420,Delhi,Delhi,"Ashok Vihar, Delhi - DPCC",2025-06-21 11:45:00+00:00,2025-06-21 11:45:00+00:00,34.9,54.0,2.7,140.0,0.0,0.0,601.0,982.0,,nh3,27.0,"Ashok Vihar, Delhi - DPCC",11
site_301,Delhi,Delhi,"Anand Vihar, Delhi - DPCC",2025-06-21 11:45:00+00:00,2025-06-21 11:45:00+00:00,34.9,54.0,1.4,244.0,,0.0,307.0,742.0,,pm25,21.0,"Anand Vihar, Delhi - DPCC",11
site_301,Delhi,Delhi,"Anand Vihar, Delhi - DPCC",2025-06-21 11:45:00+00:00,2025-06-21 11:45:00+00:00,34.9,54.0,1.4,244.0,,0.0,307.0,742.0,,benzene,0.6,"Anand Vihar, Delhi - DPCC",11
site_1560,Delhi,Delhi,"Bawana, Delhi - DPCC",2025-06-21 11:45:00+00:00,2025-06-21 11:45:00+00:00,36.2,52.0,3.1,114.0,0.0,0.0,372.0,977.0,,pm25,38.0,"Bawana, Delhi - DPCC",11
site_1560,Delhi,Delhi,"Bawana, Delhi - DPCC",2025-06-21 11:45:00+00:00,2025-06-21 11:45:00+00:00,36.2,52.0,3.1,114.0,0.0,0.0,372.0,977.0,,so2,4.8,"Bawana, Delhi - DPCC",11
site_1560,Delhi,Delhi,"Bawana, Delhi - DPCC",2025-06-21 11:45:00+00:00,2025-06-21 11:45:00+00:00,36.2,52.0,3.1,114.0,0.0,0.0,372.0,977.0,,toluene,4.1,"Bawana, Delhi - DPCC",11
site_1420,Delhi,Delhi,"Ashok Vihar, Delhi - DPCC",2025-06-21 11:45:00+00:00,2025-06-21 11:45:00+00:00,34.9,54.0,2.7,140.0,0.0,0.0,601.0,982.0,,no,4.0,"Ashok Vihar, Delhi - DPCC",11
site_1560,Delhi,Delhi,"Bawana, Delhi - DPCC",2025-06-21 12:00:00+00:00,2025-06-21 12:00:00+00:00,36.4,51.0,3.4,149.0,0.0,0.0,514.0,977.0,,benzene,0.0,"Bawana, Delhi - DPCC",12
site_1560,Delhi,Delhi,"Bawana, Delhi - DPCC",2025-06-21 12:00:00+00:00,2025-06-21 12:00:00+00:00,36.4,51.0,3.4,149.0,0.0,0.0,514.0,977.0,,co,0.55,"Bawana, Delhi - DPCC",12
site_1560,Delhi,Delhi,"Bawana, Delhi - DPCC",2025-06-21 12:00:00+00:00,2025-06-21 12:00:00+00:00,36.4,51.0,3.4,149.0,0.0,0.0,514.0,977.0,,toluene,2.9,"Bawana, Delhi - DPCC",12
site_1560,Delhi,Delhi,"Bawana, Delhi - DPCC",2025-06-21 12:00:00+00:00,2025-06-21 12:00:00+00:00,36.4,51.0,3.4,149.0,0.0,0.0,514.0,977.0,,so2,4.8,"Bawana, Delhi - DPCC",12
site_1560,Delhi,Delhi,"Bawana, Delhi - DPCC",2025-06-21 12:00:00+00:00,2025-06-21 12:00:00+00:00,36.4,51.0,3.4,149.0,0.0,0.0,514.0,977.0,,ozone,9.9,"Bawana, Delhi - DPCC",12
site_108,Delhi,Delhi,"Aya Nagar, Delhi - IMD",2025-06-21 12:00:00+00:00,2025-06-21 12:00:00+00:00,,,,,,0.0,,,,ozone,88.77,"Aya Nagar, Delhi - IMD",12
site_108,Delhi,Delhi,"Aya Nagar, Delhi - IMD",2025-06-21 12:00:00+00:00,2025-06-21 12:00:00+00:00,,,,,,0.0,,,,no2,9.56,"Aya Nagar, Delhi - IMD",12
site_108,Delhi,Delhi,"Aya Nagar, Delhi - IMD",2025-06-21 12:00:00+00:00,2025-06-21 12:00:00+00:00,,,,,,0.0,,,,no,4.74,"Aya Nagar, Delhi - IMD",12
site_108,Delhi,Delhi,"Aya Nagar, Delhi - IMD",2025-06-21 12:00:00+00:00,2025-06-21 12:00:00+00:00,,,,,,0.0,,,,co,0.93,"Aya Nagar, Delhi - IMD",12
site_1560,Delhi,Delhi,"Bawana, Delhi - DPCC",2025-06-21 12:00:00+00:00,2025-06-21 12:00:00+00:00,36.4,51.0,3.4,149.0,0.0,0.0,514.0,977.0,,nh3,35.8,"Bawana, Delhi - DPCC",12
site_1560,Delhi,Delhi,"Bawana, Delhi - DPCC",2025-06-21 12:00:00+00:00,2025-06-21 12:00:00+00:00,36.4,51.0,3.4,149.0,0.0,0.0,514.0,977.0,,no,3.0,"Bawana, Delhi - DPCC",12
site_1560,Delhi,Delhi,"Bawana, Delhi - DPCC",2025-06-21 12:00:00+00:00,2025-06-21 12:00:00+00:00,36.4,51.0,3.4,149.0,0.0,0.0,514.0,977.0,,no2,6.8,"Bawana, Delhi - DPCC",12
site_108,Delhi,Delhi,"Aya Nagar, Delhi - IMD",2025-06-21 12:00:00+00:00,2025-06-21 12:00:00+00:00,,,,,,0.0,,,,pm10,65.84,"Aya Nagar, Delhi - IMD",12
site_108,Delhi,Delhi,"Aya Nagar, Delhi - IMD",2025-06-21 12:00:00+00:00,2025-06-21 12:00:00+00:00,,,,,,0.0,,,,pm25,24.52,"Aya Nagar, Delhi - IMD",12
site_1420,Delhi,Delhi,"Ashok Vihar, Delhi - DPCC",2025-06-21 12:00:00+00:00,2025-06-21 12:00:00+00:00,34.7,54.0,3.5,95.0,0.0,0.0,364.0,982.0,,so2,11.3,"Ashok Vihar, Delhi - DPCC",12
site_104,Delhi,Delhi,"Burari Crossing, Delhi - IMD",2025-06-21 12:00:00+00:00,2025-06-21 12:00:00+00:00,,,,,,0.0,,,,no,7.22,"Burari Crossing, Delhi - IMD",12
site_301,Delhi,Delhi,"Anand Vihar, Delhi - DPCC",2025-06-21 12:00:00+00:00,2025-06-21 12:00:00+00:00,34.7,55.0,1.3,233.0,,0.0,312.0,742.0,,ozone,30.5,"Anand Vihar, Delhi - DPCC",12
site_301,Delhi,Delhi,"Anand Vihar, Delhi - DPCC",2025-06-21 12:00:00+00:00,2025-06-21 12:00:00+00:00,34.7,55.0,1.3,233.0,,0.0,312.0,742.0,,no2,18.9,"Anand Vihar, Delhi - DPCC",12
site_301,Delhi,Delhi,"Anand Vihar, Delhi - DPCC",2025-06-21 12:00:00+00:00,2025-06-21 12:00:00+00:00,34.7,55.0,1.3,233.0,,0.0,312.0,742.0,,no,8.4,"Anand Vihar, Delhi - DPCC",12
site_301,Delhi,Delhi,"Anand Vihar, Delhi - DPCC",2025-06-21 12:00:00+00:00,2025-06-21 12:00:00+00:00,34.7,55.0,1.3,233.0,,0.0,312.0,742.0,,nh3,14.7,"Anand Vihar, Delhi - DPCC",12
site_301,Delhi,Delhi,"Anand Vihar, Delhi - DPCC",2025-06-21 12:00:00+00:00,2025-06-21 12:00:00+00:00,34.7,55.0,1.3,233.0,,0.0,312.0,742.0,,co,1.25,"Anand Vihar, Delhi - DPCC",12
site_301,Delhi,Delhi,"Anand Vihar, Delhi - DPCC",2025-06-21 12:00:00+00:00,2025-06-21 12:00:00+00:00,34.7,55.0,1.3,233.0,,0.0,312.0,742.0,,benzene,0.6,"Anand Vihar, Delhi - DPCC",12
site_5024,Delhi,Delhi,"Alipur, Delhi - DPCC",2025-06-21 12:00:00+00:00,2025-06-21 12:00:00+00:00,36.3,48.0,,241.0,0.0,0.0,517.0,980.0,,benzene,0.2,"Alipur, Delhi - DPCC",12
site_5024,Delhi,Delhi,"Alipur, Delhi - DPCC",2025-06-21 12:00:00+00:00,2025-06-21 12:00:00+00:00,36.3,48.0,,241.0,0.0,0.0,517.0,980.0,,co,0.74,"Alipur, Delhi - DPCC",12
site_5024,Delhi,Delhi,"Alipur, Delhi - DPCC",2025-06-21 12:00:00+00:00,2025-06-21 12:00:00+00:00,36.3,48.0,,241.0,0.0,0.0,517.0,980.0,,nh3,53.1,"Alipur, Delhi - DPCC",12
site_5024,Delhi,Delhi,"Alipur, Delhi - DPCC",2025-06-21 12:00:00+00:00,2025-06-21 12:00:00+00:00,36.3,48.0,,241.0,0.0,0.0,517.0,980.0,,no,2.4,"Alipur, Delhi - DPCC",12
site_5024,Delhi,Delhi,"Alipur, Delhi - DPCC",2025-06-21 12:00:00+00:00,2025-06-21 12:00:00+00:00,36.3,48.0,,241.0,0.0,0.0,517.0,980.0,,no2,15.8,"Alipur, Delhi - DPCC",12
site_5024,Delhi,Delhi,"Alipur, Delhi - DPCC",2025-06-21 12:00:00+00:00,2025-06-21 12:00:00+00:00,36.3,48.0,,241.0,0.0,0.0,517.0,980.0,,ozone,57.3,"Alipur, Delhi - DPCC",12
site_5024,Delhi,Delhi,"Alipur, Delhi - DPCC",2025-06-21 12:00:00+00:00,2025-06-21 12:00:00+00:00,36.3,48.0,,241.0,0.0,0.0,517.0,980.0,,pm10,74.0,"Alipur, Delhi - DPCC",12
site_5024,Delhi,Delhi,"Alipur, Delhi - DPCC",2025-06-21 12:00:00+00:00,2025-06-21 12:00:00+00:00,36.3,48.0,,241.0,0.0,0.0,517.0,980.0,,so2,8.2,"Alipur, Delhi - DPCC",12
site_5024,Delhi,Delhi,"Alipur, Delhi - DPCC",2025-06-21 12:00:00+00:00,2025-06-21 12:00:00+00:00,36.3,48.0,,241.0,0.0,0.0,517.0,980.0,,toluene,0.2,"Alipur, Delhi - DPCC",12
site_301,Delhi,Delhi,"Anand Vihar, Delhi - DPCC",2025-06-21 12:00:00+00:00,2025-06-21 12:00:00+00:00,34.7,55.0,1.3,233.0,,0.0,312.0,742.0,,pm10,59.0,"Anand Vihar, Delhi - DPCC",12
site_104,Delhi,Delhi,"Burari Crossing, Delhi - IMD",2025-06-21 12:00:00+00:00,2025-06-21 12:00:00+00:00,,,,,,0.0,,,,co,0.68,"Burari Crossing, Delhi - IMD",12
site_301,Delhi,Delhi,"Anand Vihar, Delhi - DPCC",2025-06-21 12:00:00+00:00,2025-06-21 12:00:00+00:00,34.7,55.0,1.3,233.0,,0.0,312.0,742.0,,pm25,24.0,"Anand Vihar, Delhi - DPCC",12
site_301,Delhi,Delhi,"Anand Vihar, Delhi - DPCC",2025-06-21 12:00:00+00:00,2025-06-21 12:00:00+00:00,34.7,55.0,1.3,233.0,,0.0,312.0,742.0,,toluene,4.8,"Anand Vihar, Delhi - DPCC",12
site_104,Delhi,Delhi,"Burari Crossing, Delhi - IMD",2025-06-21 12:00:00+00:00,2025-06-21 12:00:00+00:00,,,,,,0.0,,,,no2,23.79,"Burari Crossing, Delhi - IMD",12
site_104,Delhi,Delhi,"Burari Crossing, Delhi - IMD",2025-06-21 12:00:00+00:00,2025-06-21 12:00:00+00:00,,,,,,0.0,,,,ozone,86.62,"Burari Crossing, Delhi - IMD",12
site_104,Delhi,Delhi,"Burari Crossing, Delhi - IMD",2025-06-21 12:00:00+00:00,2025-06-21 12:00:00+00:00,,,,,,0.0,,,,pm10,51.6,"Burari Crossing, Delhi - IMD",12
site_104,Delhi,Delhi,"Burari Crossing, Delhi - IMD",2025-06-21 12:00:00+00:00,2025-06-21 12:00:00+00:00,,,,,,0.0,,,,pm25,20.89,"Burari Crossing, Delhi - IMD",12
site_1420,Delhi,Delhi,"Ashok Vihar, Delhi - DPCC",2025-06-21 12:00:00+00:00,2025-06-21 12:00:00+00:00,34.7,54.0,3.5,95.0,0.0,0.0,364.0,982.0,,toluene,0.6,"Ashok Vihar, Delhi - DPCC",12
site_1560,Delhi,Delhi,"Bawana, Delhi - DPCC",2025-06-21 12:00:00+00:00,2025-06-21 12:00:00+00:00,36.4,51.0,3.4,149.0,0.0,0.0,514.0,977.0,,pm10,66.0,"Bawana, Delhi - DPCC",12
site_301,Delhi,Delhi,"Anand Vihar, Delhi - DPCC",2025-06-21 12:00:00+00:00,2025-06-21 12:00:00+00:00,34.7,55.0,1.3,233.0,,0.0,312.0,742.0,,so2,52.6,"Anand Vihar, Delhi - DPCC",12
site_1420,Delhi,Delhi,"Ashok Vihar, Delhi - DPCC",2025-06-21 12:00:00+00:00,2025-06-21 12:00:00+00:00,34.7,54.0,3.5,95.0,0.0,0.0,364.0,982.0,,pm25,38.0,"Ashok Vihar, Delhi - DPCC",12
site_1420,Delhi,Delhi,"Ashok Vihar, Delhi - DPCC",2025-06-21 12:00:00+00:00,2025-06-21 12:00:00+00:00,34.7,54.0,3.5,95.0,0.0,0.0,364.0,982.0,,ozone,58.2,"Ashok Vihar, Delhi - DPCC",12
site_1420,Delhi,Delhi,"Ashok Vihar, Delhi - DPCC",2025-06-21 12:00:00+00:00,2025-06-21 12:00:00+00:00,34.7,54.0,3.5,95.0,0.0,0.0,364.0,982.0,,no2,12.7,"Ashok Vihar, Delhi - DPCC",12
site_1420,Delhi,Delhi,"Ashok Vihar, Delhi - DPCC",2025-06-21 12:00:00+00:00,2025-06-21 12:00:00+00:00,34.7,54.0,3.5,95.0,0.0,0.0,364.0,982.0,,no,2.0,"Ashok Vihar, Delhi - DPCC",12
site_1420,Delhi,Delhi,"Ashok Vihar, Delhi - DPCC",2025-06-21 12:00:00+00:00,2025-06-21 12:00:00+00:00,34.7,54.0,3.5,95.0,0.0,0.0,364.0,982.0,,nh3,27.2,"Ashok Vihar, Delhi - DPCC",12
site_1420,Delhi,Delhi,"Ashok Vihar, Delhi - DPCC",2025-06-21 12:00:00+00:00,2025-06-21 12:00:00+00:00,34.7,54.0,3.5,95.0,0.0,0.0,364.0,982.0,,co,0.84,"Ashok Vihar, Delhi - DPCC",12
site_1420,Delhi,Delhi,"Ashok Vihar, Delhi - DPCC",2025-06-21 12:00:00+00:00,2025-06-21 12:00:00+00:00,34.7,54.0,3.5,95.0,0.0,0.0,364.0,982.0,,benzene,0.1,"Ashok Vihar, Delhi - DPCC",12
site_1420,Delhi,Delhi,"Ashok Vihar, Delhi - DPCC",2025-06-21 12:00:00+00:00,2025-06-21 12:00:00+00:00,34.7,54.0,3.5,95.0,0.0,0.0,364.0,982.0,,pm10,77.0,"Ashok Vihar, Delhi - DPCC",12
site_1560,Delhi,Delhi,"Bawana, Delhi - DPCC",2025-06-21 12:00:00+00:00,2025-06-21 12:00:00+00:00,36.4,51.0,3.4,149.0,0.0,0.0,514.0,977.0,,pm25,38.0,"Bawana, Delhi - DPCC",12
site_104,Delhi,Delhi,"Burari Crossing, Delhi - IMD",2025-06-21 12:15:00+00:00,2025-06-21 12:15:00+00:00,,,,,,0.0,,,,pm25,26.47,"Burari Crossing, Delhi - IMD",12
site_104,Delhi,Delhi,"Burari Crossing, Delhi - IMD",2025-06-21 12:15:00+00:00,2025-06-21 12:15:00+00:00,,,,,,0.0,,,,co,0.69,"Burari Crossing, Delhi - IMD",12
site_1420,Delhi,Delhi,"Ashok Vihar, Delhi - DPCC",2025-06-21 12:15:00+00:00,2025-06-21 12:15:00+00:00,34.1,56.0,3.0,170.0,0.0,0.0,594.0,982.0,,pm25,38.0,"Ashok Vihar, Delhi - DPCC",12
site_108,Delhi,Delhi,"Aya Nagar, Delhi - IMD",2025-06-21 12:15:00+00:00,2025-06-21 12:15:00+00:00,,,,,,0.0,,,,no,5.46,"Aya Nagar, Delhi - IMD",12
site_104,Delhi,Delhi,"Burari Crossing, Delhi - IMD",2025-06-21 12:15:00+00:00,2025-06-21 12:15:00+00:00,,,,,,0.0,,,,ozone,88.58,"Burari Crossing, Delhi - IMD",12
site_1420,Delhi,Delhi,"Ashok Vihar, Delhi - DPCC",2025-06-21 12:15:00+00:00,2025-06-21 12:15:00+00:00,34.1,56.0,3.0,170.0,0.0,0.0,594.0,982.0,,benzene,0.1,"Ashok Vihar, Delhi - DPCC",12
site_1420,Delhi,Delhi,"Ashok Vihar, Delhi - DPCC",2025-06-21 12:15:00+00:00,2025-06-21 12:15:00+00:00,34.1,56.0,3.0,170.0,0.0,0.0,594.0,982.0,,co,0.82,"Ashok Vihar, Delhi - DPCC",12
site_1420,Delhi,Delhi,"Ashok Vihar, Delhi - DPCC",2025-06-21 12:15:00+00:00,2025-06-21 12:15:00+00:00,34.1,56.0,3.0,170.0,0.0,0.0,594.0,982.0,,nh3,27.4,"Ashok Vihar, Delhi - DPCC",12
site_1420,Delhi,Delhi,"Ashok Vihar, Delhi - DPCC",2025-06-21 12:15:00+00:00,2025-06-21 12:15:00+00:00,34.1,56.0,3.0,170.0,0.0,0.0,594.0,982.0,,no,5.0,"Ashok Vihar, Delhi - DPCC",12
site_1420,Delhi,Delhi,"Ashok Vihar, Delhi - DPCC",2025-06-21 12:15:00+00:00,2025-06-21 12:15:00+00:00,34.1,56.0,3.0,170.0,0.0,0.0,594.0,982.0,,no2,10.5,"Ashok Vihar, Delhi - DPCC",12
site_108,Delhi,Delhi,"Aya Nagar, Delhi - IMD",2025-06-21 12:15:00+00:00,2025-06-21 12:15:00+00:00,,,,,,0.0,,,,co,0.91,"Aya Nagar, Delhi - IMD",12
site_1420,Delhi,Delhi,"Ashok Vihar, Delhi - DPCC",2025-06-21 12:15:00+00:00,2025-06-21 12:15:00+00:00,34.1,56.0,3.0,170.0,0.0,0.0,594.0,982.0,,ozone,71.7,"Ashok Vihar, Delhi - DPCC",12
site_1420,Delhi,Delhi,"Ashok Vihar, Delhi - DPCC",2025-06-21 12:15:00+00:00,2025-06-21 12:15:00+00:00,34.1,56.0,3.0,170.0,0.0,0.0,594.0,982.0,,so2,12.7,"Ashok Vihar, Delhi - DPCC",12
site_1420,Delhi,Delhi,"Ashok Vihar, Delhi - DPCC",2025-06-21 12:15:00+00:00,2025-06-21 12:15:00+00:00,34.1,56.0,3.0,170.0,0.0,0.0,594.0,982.0,,toluene,0.5,"Ashok Vihar, Delhi - DPCC",12
site_108,Delhi,Delhi,"Aya Nagar, Delhi - IMD",2025-06-21 12:15:00+00:00,2025-06-21 12:15:00+00:00,,,,,,0.0,,,,pm25,27.77,"Aya Nagar, Delhi - IMD",12
site_108,Delhi,Delhi,"Aya Nagar, Delhi - IMD",2025-06-21 12:15:00+00:00,2025-06-21 12:15:00+00:00,,,,,,0.0,,,,pm10,65.56,"Aya Nagar, Delhi - IMD",12
site_108,Delhi,Delhi,"Aya Nagar, Delhi - IMD",2025-06-21 12:15:00+00:00,2025-06-21 12:15:00+00:00,,,,,,0.0,,,,ozone,88.83,"Aya Nagar, Delhi - IMD",12
site_108,Delhi,Delhi,"Aya Nagar, Delhi - IMD",2025-06-21 12:15:00+00:00,2025-06-21 12:15:00+00:00,,,,,,0.0,,,,no2,10.44,"Aya Nagar, Delhi - IMD",12
site_1420,Delhi,Delhi,"Ashok Vihar, Delhi - DPCC",2025-06-21 12:15:00+00:00,2025-06-21 12:15:00+00:00,34.1,56.0,3.0,170.0,0.0,0.0,594.0,982.0,,pm10,77.0,"Ashok Vihar, Delhi - DPCC",12
site_104,Delhi,Delhi,"Burari Crossing, Delhi - IMD",2025-06-21 12:15:00+00:00,2025-06-21 12:15:00+00:00,,,,,,0.0,,,,pm10,55.77,"Burari Crossing, Delhi - IMD",12
site_104,Delhi,Delhi,"Burari Crossing, Delhi - IMD",2025-06-21 12:15:00+00:00,2025-06-21 12:15:00+00:00,,,,,,0.0,,,,no,7.22,"Burari Crossing, Delhi - IMD",12
site_5024,Delhi,Delhi,"Alipur, Delhi - DPCC",2025-06-21 12:15:00+00:00,2025-06-21 12:15:00+00:00,36.2,48.0,,208.0,0.0,0.0,529.0,978.0,,co,0.74,"Alipur, Delhi - DPCC",12
site_1560,Delhi,Delhi,"Bawana, Delhi - DPCC",2025-06-21 12:15:00+00:00,2025-06-21 12:15:00+00:00,36.2,52.0,3.4,180.0,0.0,0.0,527.0,976.0,,ozone,10.6,"Bawana, Delhi - DPCC",12
site_1560,Delhi,Delhi,"Bawana, Delhi - DPCC",2025-06-21 12:15:00+00:00,2025-06-21 12:15:00+00:00,36.2,52.0,3.4,180.0,0.0,0.0,527.0,976.0,,no2,6.5,"Bawana, Delhi - DPCC",12
site_1560,Delhi,Delhi,"Bawana, Delhi - DPCC",2025-06-21 12:15:00+00:00,2025-06-21 12:15:00+00:00,36.2,52.0,3.4,180.0,0.0,0.0,527.0,976.0,,no,2.6,"Bawana, Delhi - DPCC",12
site_1560,Delhi,Delhi,"Bawana, Delhi - DPCC",2025-06-21 12:15:00+00:00,2025-06-21 12:15:00+00:00,36.2,52.0,3.4,180.0,0.0,0.0,527.0,976.0,,nh3,40.0,"Bawana, Delhi - DPCC",12
site_1560,Delhi,Delhi,"Bawana, Delhi - DPCC",2025-06-21 12:15:00+00:00,2025-06-21 12:15:00+00:00,36.2,52.0,3.4,180.0,0.0,0.0,527.0,976.0,,co,0.54,"Bawana, Delhi - DPCC",12
site_1560,Delhi,Delhi,"Bawana, Delhi - DPCC",2025-06-21 12:15:00+00:00,2025-06-21 12:15:00+00:00,36.2,52.0,3.4,180.0,0.0,0.0,527.0,976.0,,benzene,0.1,"Bawana, Delhi - DPCC",12
site_301,Delhi,Delhi,"Anand Vihar, Delhi - DPCC",2025-06-21 12:15:00+00:00,2025-06-21 12:15:00+00:00,34.8,55.0,1.4,264.0,,0.0,320.0,742.0,,pm25,24.0,"Anand Vihar, Delhi - DPCC",12
site_1560,Delhi,Delhi,"Bawana, Delhi - DPCC",2025-06-21 12:15:00+00:00,2025-06-21 12:15:00+00:00,36.2,52.0,3.4,180.0,0.0,0.0,527.0,976.0,,pm10,66.0,"Bawana, Delhi - DPCC",12
site_301,Delhi,Delhi,"Anand Vihar, Delhi - DPCC",2025-06-21 12:15:00+00:00,2025-06-21 12:15:00+00:00,34.8,55.0,1.4,264.0,,0.0,320.0,742.0,,pm10,59.0,"Anand Vihar, Delhi - DPCC",12
site_301,Delhi,Delhi,"Anand Vihar, Delhi - DPCC",2025-06-21 12:15:00+00:00,2025-06-21 12:15:00+00:00,34.8,55.0,1.4,264.0,,0.0,320.0,742.0,,no2,23.5,"Anand Vihar, Delhi - DPCC",12
site_301,Delhi,Delhi,"Anand Vihar, Delhi - DPCC",2025-06-21 12:15:00+00:00,2025-06-21 12:15:00+00:00,34.8,55.0,1.4,264.0,,0.0,320.0,742.0,,no,11.4,"Anand Vihar, Delhi - DPCC",12
site_301,Delhi,Delhi,"Anand Vihar, Delhi - DPCC",2025-06-21 12:15:00+00:00,2025-06-21 12:15:00+00:00,34.8,55.0,1.4,264.0,,0.0,320.0,742.0,,nh3,13.5,"Anand Vihar, Delhi - DPCC",12
site_5024,Delhi,Delhi,"Alipur, Delhi - DPCC",2025-06-21 12:15:00+00:00,2025-06-21 12:15:00+00:00,36.2,48.0,,208.0,0.0,0.0,529.0,978.0,,benzene,0.2,"Alipur, Delhi - DPCC",12
site_301,Delhi,Delhi,"Anand Vihar, Delhi - DPCC",2025-06-21 12:15:00+00:00,2025-06-21 12:15:00+00:00,34.8,55.0,1.4,264.0,,0.0,320.0,742.0,,co,1.23,"Anand Vihar, Delhi - DPCC",12
site_301,Delhi,Delhi,"Anand Vihar, Delhi - DPCC",2025-06-21 12:15:00+00:00,2025-06-21 12:15:00+00:00,34.8,55.0,1.4,264.0,,0.0,320.0,742.0,,benzene,0.6,"Anand Vihar, Delhi - DPCC",12
site_104,Delhi,Delhi,"Burari Crossing, Delhi - IMD",2025-06-21 12:15:00+00:00,2025-06-21 12:15:00+00:00,,,,,,0.0,,,,no2,24.34,"Burari Crossing, Delhi - IMD",12
site_301,Delhi,Delhi,"Anand Vihar, Delhi - DPCC",2025-06-21 12:15:00+00:00,2025-06-21 12:15:00+00:00,34.8,55.0,1.4,264.0,,0.0,320.0,742.0,,ozone,33.7,"Anand Vihar, Delhi - DPCC",12
site_1560,Delhi,Delhi,"Bawana, Delhi - DPCC",2025-06-21 12:15:00+00:00,2025-06-21 12:15:00+00:00,36.2,52.0,3.4,180.0,0.0,0.0,527.0,976.0,,so2,4.9,"Bawana, Delhi - DPCC",12
site_1560,Delhi,Delhi,"Bawana, Delhi - DPCC",2025-06-21 12:15:00+00:00,2025-06-21 12:15:00+00:00,36.2,52.0,3.4,180.0,0.0,0.0,527.0,976.0,,pm25,38.0,"Bawana, Delhi - DPCC",12
site_301,Delhi,Delhi,"Anand Vihar, Delhi - DPCC",2025-06-21 12:15:00+00:00,2025-06-21 12:15:00+00:00,34.8,55.0,1.4,264.0,,0.0,320.0,742.0,,so2,55.3,"Anand Vihar, Delhi - DPCC",12
site_301,Delhi,Delhi,"Anand Vihar, Delhi - DPCC",2025-06-21 12:15:00+00:00,2025-06-21 12:15:00+00:00,34.8,55.0,1.4,264.0,,0.0,320.0,742.0,,toluene,6.2,"Anand Vihar, Delhi - DPCC",12
site_5024,Delhi,Delhi,"Alipur, Delhi - DPCC",2025-06-21 12:15:00+00:00,2025-06-21 12:15:00+00:00,36.2,48.0,,208.0,0.0,0.0,529.0,978.0,,nh3,53.3,"Alipur, Delhi - DPCC",12
site_5024,Delhi,Delhi,"Alipur, Delhi - DPCC",2025-06-21 12:15:00+00:00,2025-06-21 12:15:00+00:00,36.2,48.0,,208.0,0.0,0.0,529.0,978.0,,no,2.3,"Alipur, Delhi - DPCC",12
site_5024,Delhi,Delhi,"Alipur, Delhi - DPCC",2025-06-21 12:15:00+00:00,2025-06-21 12:15:00+00:00,36.2,48.0,,208.0,0.0,0.0,529.0,978.0,,no2,15.9,"Alipur, Delhi - DPCC",12
site_5024,Delhi,Delhi,"Alipur, Delhi - DPCC",2025-06-21 12:15:00+00:00,2025-06-21 12:15:00+00:00,36.2,48.0,,208.0,0.0,0.0,529.0,978.0,,ozone,62.0,"Alipur, Delhi - DPCC",12
site_5024,Delhi,Delhi,"Alipur, Delhi - DPCC",2025-06-21 12:15:00+00:00,2025-06-21 12:15:00+00:00,36.2,48.0,,208.0,0.0,0.0,529.0,978.0,,pm10,74.0,"Alipur, Delhi - DPCC",12
site_5024,Delhi,Delhi,"Alipur, Delhi - DPCC",2025-06-21 12:15:00+00:00,2025-06-21 12:15:00+00:00,36.2,48.0,,208.0,0.0,0.0,529.0,978.0,,so2,8.8,"Alipur, Delhi - DPCC",12
site_1560,Delhi,Delhi,"Bawana, Delhi - DPCC",2025-06-21 12:15:00+00:00,2025-06-21 12:15:00+00:00,36.2,52.0,3.4,180.0,0.0,0.0,527.0,976.0,,toluene,2.7,"Bawana, Delhi - DPCC",12
site_5024,Delhi,Delhi,"Alipur, Delhi - DPCC",2025-06-21 12:15:00+00:00,2025-06-21 12:15:00+00:00,36.2,48.0,,208.0,0.0,0.0,529.0,978.0,,toluene,0.2,"Alipur, Delhi - DPCC",12
site_1420,Delhi,Delhi,"Ashok Vihar, Delhi - DPCC",2025-06-21 12:30:00+00:00,2025-06-21 12:30:00+00:00,34.6,54.0,3.3,116.0,0.0,0.0,372.0,982.0,,co,0.81,"Ashok Vihar, Delhi - DPCC",12
site_1420,Delhi,Delhi,"Ashok Vihar, Delhi - DPCC",2025-06-21 12:30:00+00:00,2025-06-21 12:30:00+00:00,34.6,54.0,3.3,116.0,0.0,0.0,372.0,982.0,,benzene,0.0,"Ashok Vihar, Delhi - DPCC",12
site_301,Delhi,Delhi,"Anand Vihar, Delhi - DPCC",2025-06-21 12:30:00+00:00,2025-06-21 12:30:00+00:00,35.3,53.0,1.1,240.0,,0.0,316.0,742.0,,pm25,24.0,"Anand Vihar, Delhi - DPCC",12
site_301,Delhi,Delhi,"Anand Vihar, Delhi - DPCC",2025-06-21 12:30:00+00:00,2025-06-21 12:30:00+00:00,35.3,53.0,1.1,240.0,,0.0,316.0,742.0,,ozone,34.5,"Anand Vihar, Delhi - DPCC",12
site_301,Delhi,Delhi,"Anand Vihar, Delhi - DPCC",2025-06-21 12:30:00+00:00,2025-06-21 12:30:00+00:00,35.3,53.0,1.1,240.0,,0.0,316.0,742.0,,no2,18.3,"Anand Vihar, Delhi - DPCC",12
site_301,Delhi,Delhi,"Anand Vihar, Delhi - DPCC",2025-06-21 12:30:00+00:00,2025-06-21 12:30:00+00:00,35.3,53.0,1.1,240.0,,0.0,316.0,742.0,,no,9.6,"Anand Vihar, Delhi - DPCC",12
site_301,Delhi,Delhi,"Anand Vihar, Delhi - DPCC",2025-06-21 12:30:00+00:00,2025-06-21 12:30:00+00:00,35.3,53.0,1.1,240.0,,0.0,316.0,742.0,,nh3,14.8,"Anand Vihar, Delhi - DPCC",12
site_301,Delhi,Delhi,"Anand Vihar, Delhi - DPCC",2025-06-21 12:30:00+00:00,2025-06-21 12:30:00+00:00,35.3,53.0,1.1,240.0,,0.0,316.0,742.0,,co,1.19,"Anand Vihar, Delhi - DPCC",12
site_301,Delhi,Delhi,"Anand Vihar, Delhi - DPCC",2025-06-21 12:30:00+00:00,2025-06-21 12:30:00+00:00,35.3,53.0,1.1,240.0,,0.0,316.0,742.0,,benzene,0.6,"Anand Vihar, Delhi - DPCC",12
site_301,Delhi,Delhi,"Anand Vihar, Delhi - DPCC",2025-06-21 12:30:00+00:00,2025-06-21 12:30:00+00:00,35.3,53.0,1.1,240.0,,0.0,316.0,742.0,,pm10,59.0,"Anand Vihar, Delhi - DPCC",12
site_1420,Delhi,Delhi,"Ashok Vihar, Delhi - DPCC",2025-06-21 12:30:00+00:00,2025-06-21 12:30:00+00:00,34.6,54.0,3.3,116.0,0.0,0.0,372.0,982.0,,nh3,27.6,"Ashok Vihar, Delhi - DPCC",12
site_108,Delhi,Delhi,"Aya Nagar, Delhi - IMD",2025-06-21 12:30:00+00:00,2025-06-21 12:30:00+00:00,,,,,,0.0,,,,pm10,67.71,"Aya Nagar, Delhi - IMD",12
site_1420,Delhi,Delhi,"Ashok Vihar, Delhi - DPCC",2025-06-21 12:30:00+00:00,2025-06-21 12:30:00+00:00,34.6,54.0,3.3,116.0,0.0,0.0,372.0,982.0,,ozone,63.5,"Ashok Vihar, Delhi - DPCC",12
site_1560,Delhi,Delhi,"Bawana, Delhi - DPCC",2025-06-21 12:30:00+00:00,2025-06-21 12:30:00+00:00,36.8,50.0,3.5,156.0,0.0,0.0,641.0,975.0,,toluene,2.5,"Bawana, Delhi - DPCC",12
site_1560,Delhi,Delhi,"Bawana, Delhi - DPCC",2025-06-21 12:30:00+00:00,2025-06-21 12:30:00+00:00,36.8,50.0,3.5,156.0,0.0,0.0,641.0,975.0,,so2,5.0,"Bawana, Delhi - DPCC",12
site_1560,Delhi,Delhi,"Bawana, Delhi - DPCC",2025-06-21 12:30:00+00:00,2025-06-21 12:30:00+00:00,36.8,50.0,3.5,156.0,0.0,0.0,641.0,975.0,,pm25,38.0,"Bawana, Delhi - DPCC",12
site_1560,Delhi,Delhi,"Bawana, Delhi - DPCC",2025-06-21 12:30:00+00:00,2025-06-21 12:30:00+00:00,36.8,50.0,3.5,156.0,0.0,0.0,641.0,975.0,,pm10,66.0,"Bawana, Delhi - DPCC",12
site_1560,Delhi,Delhi,"Bawana, Delhi - DPCC",2025-06-21 12:30:00+00:00,2025-06-21 12:30:00+00:00,36.8,50.0,3.5,156.0,0.0,0.0,641.0,975.0,,ozone,11.3,"Bawana, Delhi - DPCC",12
site_1560,Delhi,Delhi,"Bawana, Delhi - DPCC",2025-06-21 12:30:00+00:00,2025-06-21 12:30:00+00:00,36.8,50.0,3.5,156.0,0.0,0.0,641.0,975.0,,no2,7.1,"Bawana, Delhi - DPCC",12
site_1560,Delhi,Delhi,"Bawana, Delhi - DPCC",2025-06-21 12:30:00+00:00,2025-06-21 12:30:00+00:00,36.8,50.0,3.5,156.0,0.0,0.0,641.0,975.0,,no,2.5,"Bawana, Delhi - DPCC",12
site_1560,Delhi,Delhi,"Bawana, Delhi - DPCC",2025-06-21 12:30:00+00:00,2025-06-21 12:30:00+00:00,36.8,50.0,3.5,156.0,0.0,0.0,641.0,975.0,,nh3,40.2,"Bawana, Delhi - DPCC",12
site_1560,Delhi,Delhi,"Bawana, Delhi - DPCC",2025-06-21 12:30:00+00:00,2025-06-21 12:30:00+00:00,36.8,50.0,3.5,156.0,0.0,0.0,641.0,975.0,,co,0.55,"Bawana, Delhi - DPCC",12
site_1420,Delhi,Delhi,"Ashok Vihar, Delhi - DPCC",2025-06-21 12:30:00+00:00,2025-06-21 12:30:00+00:00,34.6,54.0,3.3,116.0,0.0,0.0,372.0,982.0,,no2,11.6,"Ashok Vihar, Delhi - DPCC",12
site_1560,Delhi,Delhi,"Bawana, Delhi - DPCC",2025-06-21 12:30:00+00:00,2025-06-21 12:30:00+00:00,36.8,50.0,3.5,156.0,0.0,0.0,641.0,975.0,,benzene,0.2,"Bawana, Delhi - DPCC",12
site_108,Delhi,Delhi,"Aya Nagar, Delhi - IMD",2025-06-21 12:30:00+00:00,2025-06-21 12:30:00+00:00,,,,,,0.0,,,,no,5.49,"Aya Nagar, Delhi - IMD",12
site_108,Delhi,Delhi,"Aya Nagar, Delhi - IMD",2025-06-21 12:30:00+00:00,2025-06-21 12:30:00+00:00,,,,,,0.0,,,,no2,11.11,"Aya Nagar, Delhi - IMD",12
site_108,Delhi,Delhi,"Aya Nagar, Delhi - IMD",2025-06-21 12:30:00+00:00,2025-06-21 12:30:00+00:00,,,,,,0.0,,,,ozone,78.48,"Aya Nagar, Delhi - IMD",12
site_301,Delhi,Delhi,"Anand Vihar, Delhi - DPCC",2025-06-21 12:30:00+00:00,2025-06-21 12:30:00+00:00,35.3,53.0,1.1,240.0,,0.0,316.0,742.0,,so2,53.0,"Anand Vihar, Delhi - DPCC",12
site_108,Delhi,Delhi,"Aya Nagar, Delhi - IMD",2025-06-21 12:30:00+00:00,2025-06-21 12:30:00+00:00,,,,,,0.0,,,,pm25,34.74,"Aya Nagar, Delhi - IMD",12
site_1420,Delhi,Delhi,"Ashok Vihar, Delhi - DPCC",2025-06-21 12:30:00+00:00,2025-06-21 12:30:00+00:00,34.6,54.0,3.3,116.0,0.0,0.0,372.0,982.0,,toluene,0.9,"Ashok Vihar, Delhi - DPCC",12
site_1420,Delhi,Delhi,"Ashok Vihar, Delhi - DPCC",2025-06-21 12:30:00+00:00,2025-06-21 12:30:00+00:00,34.6,54.0,3.3,116.0,0.0,0.0,372.0,982.0,,so2,12.4,"Ashok Vihar, Delhi - DPCC",12
site_1420,Delhi,Delhi,"Ashok Vihar, Delhi - DPCC",2025-06-21 12:30:00+00:00,2025-06-21 12:30:00+00:00,34.6,54.0,3.3,116.0,0.0,0.0,372.0,982.0,,pm25,38.0,"Ashok Vihar, Delhi - DPCC",12
site_1420,Delhi,Delhi,"Ashok Vihar, Delhi - DPCC",2025-06-21 12:30:00+00:00,2025-06-21 12:30:00+00:00,34.6,54.0,3.3,116.0,0.0,0.0,372.0,982.0,,pm10,77.0,"Ashok Vihar, Delhi - DPCC",12
site_108,Delhi,Delhi,"Aya Nagar, Delhi - IMD",2025-06-21 12:30:00+00:00,2025-06-21 12:30:00+00:00,,,,,,0.0,,,,co,0.9,"Aya Nagar, Delhi - IMD",12
site_301,Delhi,Delhi,"Anand Vihar, Delhi - DPCC",2025-06-21 12:30:00+00:00,2025-06-21 12:30:00+00:00,35.3,53.0,1.1,240.0,,0.0,316.0,742.0,,toluene,6.2,"Anand Vihar, Delhi - DPCC",12
site_1420,Delhi,Delhi,"Ashok Vihar, Delhi - DPCC",2025-06-21 12:30:00+00:00,2025-06-21 12:30:00+00:00,34.6,54.0,3.3,116.0,0.0,0.0,372.0,982.0,,no,3.3,"Ashok Vihar, Delhi - DPCC",12
site_5024,Delhi,Delhi,"Alipur, Delhi - DPCC",2025-06-21 12:30:00+00:00,2025-06-21 12:30:00+00:00,36.3,48.0,,243.0,0.0,0.0,796.0,978.0,,toluene,0.2,"Alipur, Delhi - DPCC",12
site_5024,Delhi,Delhi,"Alipur, Delhi - DPCC",2025-06-21 12:30:00+00:00,2025-06-21 12:30:00+00:00,36.3,48.0,,243.0,0.0,0.0,796.0,978.0,,so2,9.3,"Alipur, Delhi - DPCC",12
site_5024,Delhi,Delhi,"Alipur, Delhi - DPCC",2025-06-21 12:30:00+00:00,2025-06-21 12:30:00+00:00,36.3,48.0,,243.0,0.0,0.0,796.0,978.0,,benzene,0.2,"Alipur, Delhi - DPCC",12
site_5024,Delhi,Delhi,"Alipur, Delhi - DPCC",2025-06-21 12:30:00+00:00,2025-06-21 12:30:00+00:00,36.3,48.0,,243.0,0.0,0.0,796.0,978.0,,nh3,52.3,"Alipur, Delhi - DPCC",12
site_5024,Delhi,Delhi,"Alipur, Delhi - DPCC",2025-06-21 12:30:00+00:00,2025-06-21 12:30:00+00:00,36.3,48.0,,243.0,0.0,0.0,796.0,978.0,,no,2.6,"Alipur, Delhi - DPCC",12
site_5024,Delhi,Delhi,"Alipur, Delhi - DPCC",2025-06-21 12:30:00+00:00,2025-06-21 12:30:00+00:00,36.3,48.0,,243.0,0.0,0.0,796.0,978.0,,no2,16.4,"Alipur, Delhi - DPCC",12
site_5024,Delhi,Delhi,"Alipur, Delhi - DPCC",2025-06-21 12:30:00+00:00,2025-06-21 12:30:00+00:00,36.3,48.0,,243.0,0.0,0.0,796.0,978.0,,ozone,62.4,"Alipur, Delhi - DPCC",12
site_5024,Delhi,Delhi,"Alipur, Delhi - DPCC",2025-06-21 12:30:00+00:00,2025-06-21 12:30:00+00:00,36.3,48.0,,243.0,0.0,0.0,796.0,978.0,,co,0.77,"Alipur, Delhi - DPCC",12
site_104,Delhi,Delhi,"Burari Crossing, Delhi - IMD",2025-06-21 12:30:00+00:00,2025-06-21 12:30:00+00:00,,,,,,0.0,,,,pm10,50.94,"Burari Crossing, Delhi - IMD",12
site_104,Delhi,Delhi,"Burari Crossing, Delhi - IMD",2025-06-21 12:30:00+00:00,2025-06-21 12:30:00+00:00,,,,,,0.0,,,,ozone,88.23,"Burari Crossing, Delhi - IMD",12
site_104,Delhi,Delhi,"Burari Crossing, Delhi - IMD",2025-06-21 12:30:00+00:00,2025-06-21 12:30:00+00:00,,,,,,0.0,,,,no2,23.91,"Burari Crossing, Delhi - IMD",12
site_104,Delhi,Delhi,"Burari Crossing, Delhi - IMD",2025-06-21 12:30:00+00:00,2025-06-21 12:30:00+00:00,,,,,,0.0,,,,no,7.31,"Burari Crossing, Delhi - IMD",12
site_104,Delhi,Delhi,"Burari Crossing, Delhi - IMD",2025-06-21 12:30:00+00:00,2025-06-21 12:30:00+00:00,,,,,,0.0,,,,co,0.69,"Burari Crossing, Delhi - IMD",12
site_5024,Delhi,Delhi,"Alipur, Delhi - DPCC",2025-06-21 12:30:00+00:00,2025-06-21 12:30:00+00:00,36.3,48.0,,243.0,0.0,0.0,796.0,978.0,,pm10,74.0,"Alipur, Delhi - DPCC",12
site_104,Delhi,Delhi,"Burari Crossing, Delhi - IMD",2025-06-21 12:30:00+00:00,2025-06-21 12:30:00+00:00,,,,,,0.0,,,,pm25,30.44,"Burari Crossing, Delhi - IMD",12
site_108,Delhi,Delhi,"Aya Nagar, Delhi - IMD",2025-06-21 12:45:00+00:00,2025-06-21 12:45:00+00:00,,,,,,0.0,,,,pm10,71.41,"Aya Nagar, Delhi - IMD",12
site_108,Delhi,Delhi,"Aya Nagar, Delhi - IMD",2025-06-21 12:45:00+00:00,2025-06-21 12:45:00+00:00,,,,,,0.0,,,,pm25,32.22,"Aya Nagar, Delhi - IMD",12
site_5024,Delhi,Delhi,"Alipur, Delhi - DPCC",2025-06-21 12:45:00+00:00,2025-06-21 12:45:00+00:00,36.4,47.0,,190.0,0.0,0.0,569.0,978.0,,so2,9.4,"Alipur, Delhi - DPCC",12
site_5024,Delhi,Delhi,"Alipur, Delhi - DPCC",2025-06-21 12:45:00+00:00,2025-06-21 12:45:00+00:00,36.4,47.0,,190.0,0.0,0.0,569.0,978.0,,no2,16.7,"Alipur, Delhi - DPCC",12
site_5024,Delhi,Delhi,"Alipur, Delhi - DPCC",2025-06-21 12:45:00+00:00,2025-06-21 12:45:00+00:00,36.4,47.0,,190.0,0.0,0.0,569.0,978.0,,ozone,65.4,"Alipur, Delhi - DPCC",12
site_5024,Delhi,Delhi,"Alipur, Delhi - DPCC",2025-06-21 12:45:00+00:00,2025-06-21 12:45:00+00:00,36.4,47.0,,190.0,0.0,0.0,569.0,978.0,,no,2.3,"Alipur, Delhi - DPCC",12
site_5024,Delhi,Delhi,"Alipur, Delhi - DPCC",2025-06-21 12:45:00+00:00,2025-06-21 12:45:00+00:00,36.4,47.0,,190.0,0.0,0.0,569.0,978.0,,nh3,53.0,"Alipur, Delhi - DPCC",12
site_108,Delhi,Delhi,"Aya Nagar, Delhi - IMD",2025-06-21 12:45:00+00:00,2025-06-21 12:45:00+00:00,,,,,,0.0,,,,ozone,76.81,"Aya Nagar, Delhi - IMD",12
site_5024,Delhi,Delhi,"Alipur, Delhi - DPCC",2025-06-21 12:45:00+00:00,2025-06-21 12:45:00+00:00,36.4,47.0,,190.0,0.0,0.0,569.0,978.0,,pm10,74.0,"Alipur, Delhi - DPCC",12
site_108,Delhi,Delhi,"Aya Nagar, Delhi - IMD",2025-06-21 12:45:00+00:00,2025-06-21 12:45:00+00:00,,,,,,0.0,,,,no2,10.99,"Aya Nagar, Delhi - IMD",12
site_301,Delhi,Delhi,"Anand Vihar, Delhi - DPCC",2025-06-21 12:45:00+00:00,2025-06-21 12:45:00+00:00,35.2,53.0,1.6,246.0,,0.0,314.0,742.0,,so2,54.1,"Anand Vihar, Delhi - DPCC",12
site_108,Delhi,Delhi,"Aya Nagar, Delhi - IMD",2025-06-21 12:45:00+00:00,2025-06-21 12:45:00+00:00,,,,,,0.0,,,,co,0.92,"Aya Nagar, Delhi - IMD",12
site_5024,Delhi,Delhi,"Alipur, Delhi - DPCC",2025-06-21 12:45:00+00:00,2025-06-21 12:45:00+00:00,36.4,47.0,,190.0,0.0,0.0,569.0,978.0,,toluene,0.2,"Alipur, Delhi - DPCC",12
site_104,Delhi,Delhi,"Burari Crossing, Delhi - IMD",2025-06-21 12:45:00+00:00,2025-06-21 12:45:00+00:00,,,,,,0.0,,,,co,0.7,"Burari Crossing, Delhi - IMD",12
site_104,Delhi,Delhi,"Burari Crossing, Delhi - IMD",2025-06-21 12:45:00+00:00,2025-06-21 12:45:00+00:00,,,,,,0.0,,,,no,7.29,"Burari Crossing, Delhi - IMD",12
site_104,Delhi,Delhi,"Burari Crossing, Delhi - IMD",2025-06-21 12:45:00+00:00,2025-06-21 12:45:00+00:00,,,,,,0.0,,,,no2,24.25,"Burari Crossing, Delhi - IMD",12
site_104,Delhi,Delhi,"Burari Crossing, Delhi - IMD",2025-06-21 12:45:00+00:00,2025-06-21 12:45:00+00:00,,,,,,0.0,,,,ozone,93.68,"Burari Crossing, Delhi - IMD",12
site_104,Delhi,Delhi,"Burari Crossing, Delhi - IMD",2025-06-21 12:45:00+00:00,2025-06-21 12:45:00+00:00,,,,,,0.0,,,,pm10,47.94,"Burari Crossing, Delhi - IMD",12
site_104,Delhi,Delhi,"Burari Crossing, Delhi - IMD",2025-06-21 12:45:00+00:00,2025-06-21 12:45:00+00:00,,,,,,0.0,,,,pm25,32.76,"Burari Crossing, Delhi - IMD",12
site_301,Delhi,Delhi,"Anand Vihar, Delhi - DPCC",2025-06-21 12:45:00+00:00,2025-06-21 12:45:00+00:00,35.2,53.0,1.6,246.0,,0.0,314.0,742.0,,benzene,0.6,"Anand Vihar, Delhi - DPCC",12
site_301,Delhi,Delhi,"Anand Vihar, Delhi - DPCC",2025-06-21 12:45:00+00:00,2025-06-21 12:45:00+00:00,35.2,53.0,1.6,246.0,,0.0,314.0,742.0,,co,1.2,"Anand Vihar, Delhi - DPCC",12
site_301,Delhi,Delhi,"Anand Vihar, Delhi - DPCC",2025-06-21 12:45:00+00:00,2025-06-21 12:45:00+00:00,35.2,53.0,1.6,246.0,,0.0,314.0,742.0,,nh3,15.0,"Anand Vihar, Delhi - DPCC",12
site_301,Delhi,Delhi,"Anand Vihar, Delhi - DPCC",2025-06-21 12:45:00+00:00,2025-06-21 12:45:00+00:00,35.2,53.0,1.6,246.0,,0.0,314.0,742.0,,no,8.9,"Anand Vihar, Delhi - DPCC",12
site_301,Delhi,Delhi,"Anand Vihar, Delhi - DPCC",2025-06-21 12:45:00+00:00,2025-06-21 12:45:00+00:00,35.2,53.0,1.6,246.0,,0.0,314.0,742.0,,no2,17.3,"Anand Vihar, Delhi - DPCC",12
site_301,Delhi,Delhi,"Anand Vihar, Delhi - DPCC",2025-06-21 12:45:00+00:00,2025-06-21 12:45:00+00:00,35.2,53.0,1.6,246.0,,0.0,314.0,742.0,,pm10,59.0,"Anand Vihar, Delhi - DPCC",12
site_301,Delhi,Delhi,"Anand Vihar, Delhi - DPCC",2025-06-21 12:45:00+00:00,2025-06-21 12:45:00+00:00,35.2,53.0,1.6,246.0,,0.0,314.0,742.0,,pm25,24.0,"Anand Vihar, Delhi - DPCC",12
site_301,Delhi,Delhi,"Anand Vihar, Delhi - DPCC",2025-06-21 12:45:00+00:00,2025-06-21 12:45:00+00:00,35.2,53.0,1.6,246.0,,0.0,314.0,742.0,,toluene,5.7,"Anand Vihar, Delhi - DPCC",12
site_108,Delhi,Delhi,"Aya Nagar, Delhi - IMD",2025-06-21 12:45:00+00:00,2025-06-21 12:45:00+00:00,,,,,,0.0,,,,no,4.83,"Aya Nagar, Delhi - IMD",12
site_5024,Delhi,Delhi,"Alipur, Delhi - DPCC",2025-06-21 12:45:00+00:00,2025-06-21 12:45:00+00:00,36.4,47.0,,190.0,0.0,0.0,569.0,978.0,,co,0.79,"Alipur, Delhi - DPCC",12
site_301,Delhi,Delhi,"Anand Vihar, Delhi - DPCC",2025-06-21 12:45:00+00:00,2025-06-21 12:45:00+00:00,35.2,53.0,1.6,246.0,,0.0,314.0,742.0,,ozone,37.8,"Anand Vihar, Delhi - DPCC",12
site_1420,Delhi,Delhi,"Ashok Vihar, Delhi - DPCC",2025-06-21 12:45:00+00:00,2025-06-21 12:45:00+00:00,34.3,55.0,4.3,127.0,0.0,0.0,356.0,982.0,,benzene,0.1,"Ashok Vihar, Delhi - DPCC",12
site_1420,Delhi,Delhi,"Ashok Vihar, Delhi - DPCC",2025-06-21 12:45:00+00:00,2025-06-21 12:45:00+00:00,34.3,55.0,4.3,127.0,0.0,0.0,356.0,982.0,,no2,12.4,"Ashok Vihar, Delhi - DPCC",12
site_1420,Delhi,Delhi,"Ashok Vihar, Delhi - DPCC",2025-06-21 12:45:00+00:00,2025-06-21 12:45:00+00:00,34.3,55.0,4.3,127.0,0.0,0.0,356.0,982.0,,no,3.7,"Ashok Vihar, Delhi - DPCC",12
site_1420,Delhi,Delhi,"Ashok Vihar, Delhi - DPCC",2025-06-21 12:45:00+00:00,2025-06-21 12:45:00+00:00,34.3,55.0,4.3,127.0,0.0,0.0,356.0,982.0,,nh3,29.8,"Ashok Vihar, Delhi - DPCC",12
site_1420,Delhi,Delhi,"Ashok Vihar, Delhi - DPCC",2025-06-21 12:45:00+00:00,2025-06-21 12:45:00+00:00,34.3,55.0,4.3,127.0,0.0,0.0,356.0,982.0,,co,0.79,"Ashok Vihar, Delhi - DPCC",12
site_1420,Delhi,Delhi,"Ashok Vihar, Delhi - DPCC",2025-06-21 12:45:00+00:00,2025-06-21 12:45:00+00:00,34.3,55.0,4.3,127.0,0.0,0.0,356.0,982.0,,pm10,77.0,"Ashok Vihar, Delhi - DPCC",12
site_1420,Delhi,Delhi,"Ashok Vihar, Delhi - DPCC",2025-06-21 12:45:00+00:00,2025-06-21 12:45:00+00:00,34.3,55.0,4.3,127.0,0.0,0.0,356.0,982.0,,pm25,38.0,"Ashok Vihar, Delhi - DPCC",12
site_1420,Delhi,Delhi,"Ashok Vihar, Delhi - DPCC",2025-06-21 12:45:00+00:00,2025-06-21 12:45:00+00:00,34.3,55.0,4.3,127.0,0.0,0.0,356.0,982.0,,so2,12.4,"Ashok Vihar, Delhi - DPCC",12
site_1560,Delhi,Delhi,"Bawana, Delhi - DPCC",2025-06-21 12:45:00+00:00,2025-06-21 12:45:00+00:00,37.2,48.0,2.8,143.0,0.0,0.0,505.0,974.0,,toluene,2.0,"Bawana, Delhi - DPCC",12
site_1560,Delhi,Delhi,"Bawana, Delhi - DPCC",2025-06-21 12:45:00+00:00,2025-06-21 12:45:00+00:00,37.2,48.0,2.8,143.0,0.0,0.0,505.0,974.0,,so2,4.9,"Bawana, Delhi - DPCC",12
site_5024,Delhi,Delhi,"Alipur, Delhi - DPCC",2025-06-21 12:45:00+00:00,2025-06-21 12:45:00+00:00,36.4,47.0,,190.0,0.0,0.0,569.0,978.0,,benzene,0.2,"Alipur, Delhi - DPCC",12
site_1560,Delhi,Delhi,"Bawana, Delhi - DPCC",2025-06-21 12:45:00+00:00,2025-06-21 12:45:00+00:00,37.2,48.0,2.8,143.0,0.0,0.0,505.0,974.0,,pm25,38.0,"Bawana, Delhi - DPCC",12
site_1420,Delhi,Delhi,"Ashok Vihar, Delhi - DPCC",2025-06-21 12:45:00+00:00,2025-06-21 12:45:00+00:00,34.3,55.0,4.3,127.0,0.0,0.0,356.0,982.0,,toluene,0.8,"Ashok Vihar, Delhi - DPCC",12
site_1560,Delhi,Delhi,"Bawana, Delhi - DPCC",2025-06-21 12:45:00+00:00,2025-06-21 12:45:00+00:00,37.2,48.0,2.8,143.0,0.0,0.0,505.0,974.0,,ozone,11.6,"Bawana, Delhi - DPCC",12
site_1560,Delhi,Delhi,"Bawana, Delhi - DPCC",2025-06-21 12:45:00+00:00,2025-06-21 12:45:00+00:00,37.2,48.0,2.8,143.0,0.0,0.0,505.0,974.0,,no2,7.2,"Bawana, Delhi - DPCC",12
site_1560,Delhi,Delhi,"Bawana, Delhi - DPCC",2025-06-21 12:45:00+00:00,2025-06-21 12:45:00+00:00,37.2,48.0,2.8,143.0,0.0,0.0,505.0,974.0,,no,3.2,"Bawana, Delhi - DPCC",12
site_1560,Delhi,Delhi,"Bawana, Delhi - DPCC",2025-06-21 12:45:00+00:00,2025-06-21 12:45:00+00:00,37.2,48.0,2.8,143.0,0.0,0.0,505.0,974.0,,nh3,41.8,"Bawana, Delhi - DPCC",12
site_1560,Delhi,Delhi,"Bawana, Delhi - DPCC",2025-06-21 12:45:00+00:00,2025-06-21 12:45:00+00:00,37.2,48.0,2.8,143.0,0.0,0.0,505.0,974.0,,co,0.55,"Bawana, Delhi - DPCC",12
site_1560,Delhi,Delhi,"Bawana, Delhi - DPCC",2025-06-21 12:45:00+00:00,2025-06-21 12:45:00+00:00,37.2,48.0,2.8,143.0,0.0,0.0,505.0,974.0,,benzene,0.2,"Bawana, Delhi - DPCC",12
site_1560,Delhi,Delhi,"Bawana, Delhi - DPCC",2025-06-21 12:45:00+00:00,2025-06-21 12:45:00+00:00,37.2,48.0,2.8,143.0,0.0,0.0,505.0,974.0,,pm10,66.0,"Bawana, Delhi - DPCC",12
site_1420,Delhi,Delhi,"Ashok Vihar, Delhi - DPCC",2025-06-21 12:45:00+00:00,2025-06-21 12:45:00+00:00,34.3,55.0,4.3,127.0,0.0,0.0,356.0,982.0,,ozone,60.4,"Ashok Vihar, Delhi - DPCC",12
site_1420,Delhi,Delhi,"Ashok Vihar, Delhi - DPCC",2025-06-21 13:00:00+00:00,2025-06-21 13:00:00+00:00,34.1,56.0,3.1,119.0,0.0,0.0,479.0,982.0,,so2,13.6,"Ashok Vihar, Delhi - DPCC",13
site_1420,Delhi,Delhi,"Ashok Vihar, Delhi - DPCC",2025-06-21 13:00:00+00:00,2025-06-21 13:00:00+00:00,34.1,56.0,3.1,119.0,0.0,0.0,479.0,982.0,,pm25,35.0,"Ashok Vihar, Delhi - DPCC",13
site_5024,Delhi,Delhi,"Alipur, Delhi - DPCC",2025-06-21 13:00:00+00:00,2025-06-21 13:00:00+00:00,37.1,46.0,,200.0,0.0,0.0,574.0,978.0,,no2,16.5,"Alipur, Delhi - DPCC",13
site_1420,Delhi,Delhi,"Ashok Vihar, Delhi - DPCC",2025-06-21 13:00:00+00:00,2025-06-21 13:00:00+00:00,34.1,56.0,3.1,119.0,0.0,0.0,479.0,982.0,,pm10,188.0,"Ashok Vihar, Delhi - DPCC",13
site_108,Delhi,Delhi,"Aya Nagar, Delhi - IMD",2025-06-21 13:00:00+00:00,2025-06-21 13:00:00+00:00,,,,,,0.0,,,,pm10,72.95,"Aya Nagar, Delhi - IMD",13
site_108,Delhi,Delhi,"Aya Nagar, Delhi - IMD",2025-06-21 13:00:00+00:00,2025-06-21 13:00:00+00:00,,,,,,0.0,,,,pm25,24.12,"Aya Nagar, Delhi - IMD",13
site_104,Delhi,Delhi,"Burari Crossing, Delhi - IMD",2025-06-21 13:00:00+00:00,2025-06-21 13:00:00+00:00,,,,,,0.0,,,,co,0.69,"Burari Crossing, Delhi - IMD",13
site_5024,Delhi,Delhi,"Alipur, Delhi - DPCC",2025-06-21 13:00:00+00:00,2025-06-21 13:00:00+00:00,37.1,46.0,,200.0,0.0,0.0,574.0,978.0,,ozone,67.4,"Alipur, Delhi - DPCC",13
site_1420,Delhi,Delhi,"Ashok Vihar, Delhi - DPCC",2025-06-21 13:00:00+00:00,2025-06-21 13:00:00+00:00,34.1,56.0,3.1,119.0,0.0,0.0,479.0,982.0,,toluene,0.7,"Ashok Vihar, Delhi - DPCC",13
site_1420,Delhi,Delhi,"Ashok Vihar, Delhi - DPCC",2025-06-21 13:00:00+00:00,2025-06-21 13:00:00+00:00,34.1,56.0,3.1,119.0,0.0,0.0,479.0,982.0,,ozone,61.8,"Ashok Vihar, Delhi - DPCC",13
site_5024,Delhi,Delhi,"Alipur, Delhi - DPCC",2025-06-21 13:00:00+00:00,2025-06-21 13:00:00+00:00,37.1,46.0,,200.0,0.0,0.0,574.0,978.0,,pm10,86.0,"Alipur, Delhi - DPCC",13
site_1420,Delhi,Delhi,"Ashok Vihar, Delhi - DPCC",2025-06-21 13:00:00+00:00,2025-06-21 13:00:00+00:00,34.1,56.0,3.1,119.0,0.0,0.0,479.0,982.0,,no,3.9,"Ashok Vihar, Delhi - DPCC",13
site_1420,Delhi,Delhi,"Ashok Vihar, Delhi - DPCC",2025-06-21 13:00:00+00:00,2025-06-21 13:00:00+00:00,34.1,56.0,3.1,119.0,0.0,0.0,479.0,982.0,,nh3,32.5,"Ashok Vihar, Delhi - DPCC",13
site_1420,Delhi,Delhi,"Ashok Vihar, Delhi - DPCC",2025-06-21 13:00:00+00:00,2025-06-21 13:00:00+00:00,34.1,56.0,3.1,119.0,0.0,0.0,479.0,982.0,,co,0.82,"Ashok Vihar, Delhi - DPCC",13
site_1420,Delhi,Delhi,"Ashok Vihar, Delhi - DPCC",2025-06-21 13:00:00+00:00,2025-06-21 13:00:00+00:00,34.1,56.0,3.1,119.0,0.0,0.0,479.0,982.0,,benzene,0.1,"Ashok Vihar, Delhi - DPCC",13
site_5024,Delhi,Delhi,"Alipur, Delhi - DPCC",2025-06-21 13:00:00+00:00,2025-06-21 13:00:00+00:00,37.1,46.0,,200.0,0.0,0.0,574.0,978.0,,so2,9.8,"Alipur, Delhi - DPCC",13
site_108,Delhi,Delhi,"Aya Nagar, Delhi - IMD",2025-06-21 13:00:00+00:00,2025-06-21 13:00:00+00:00,,,,,,0.0,,,,ozone,79.44,"Aya Nagar, Delhi - IMD",13
site_108,Delhi,Delhi,"Aya Nagar, Delhi - IMD",2025-06-21 13:00:00+00:00,2025-06-21 13:00:00+00:00,,,,,,0.0,,,,co,0.94,"Aya Nagar, Delhi - IMD",13
site_108,Delhi,Delhi,"Aya Nagar, Delhi - IMD",2025-06-21 13:00:00+00:00,2025-06-21 13:00:00+00:00,,,,,,0.0,,,,no,3.72,"Aya Nagar, Delhi - IMD",13
site_108,Delhi,Delhi,"Aya Nagar, Delhi - IMD",2025-06-21 13:00:00+00:00,2025-06-21 13:00:00+00:00,,,,,,0.0,,,,no2,10.73,"Aya Nagar, Delhi - IMD",13
site_1420,Delhi,Delhi,"Ashok Vihar, Delhi - DPCC",2025-06-21 13:00:00+00:00,2025-06-21 13:00:00+00:00,34.1,56.0,3.1,119.0,0.0,0.0,479.0,982.0,,no2,10.5,"Ashok Vihar, Delhi - DPCC",13
site_5024,Delhi,Delhi,"Alipur, Delhi - DPCC",2025-06-21 13:00:00+00:00,2025-06-21 13:00:00+00:00,37.1,46.0,,200.0,0.0,0.0,574.0,978.0,,no,2.7,"Alipur, Delhi - DPCC",13
site_104,Delhi,Delhi,"Burari Crossing, Delhi - IMD",2025-06-21 13:00:00+00:00,2025-06-21 13:00:00+00:00,,,,,,0.0,,,,no,7.2,"Burari Crossing, Delhi - IMD",13
site_5024,Delhi,Delhi,"Alipur, Delhi - DPCC",2025-06-21 13:00:00+00:00,2025-06-21 13:00:00+00:00,37.1,46.0,,200.0,0.0,0.0,574.0,978.0,,co,0.73,"Alipur, Delhi - DPCC",13
site_104,Delhi,Delhi,"Burari Crossing, Delhi - IMD",2025-06-21 13:00:00+00:00,2025-06-21 13:00:00+00:00,,,,,,0.0,,,,no2,24.69,"Burari Crossing, Delhi - IMD",13
site_104,Delhi,Delhi,"Burari Crossing, Delhi - IMD",2025-06-21 13:00:00+00:00,2025-06-21 13:00:00+00:00,,,,,,0.0,,,,ozone,96.32,"Burari Crossing, Delhi - IMD",13
site_104,Delhi,Delhi,"Burari Crossing, Delhi - IMD",2025-06-21 13:00:00+00:00,2025-06-21 13:00:00+00:00,,,,,,0.0,,,,pm10,45.98,"Burari Crossing, Delhi - IMD",13
site_104,Delhi,Delhi,"Burari Crossing, Delhi - IMD",2025-06-21 13:00:00+00:00,2025-06-21 13:00:00+00:00,,,,,,0.0,,,,pm25,30.51,"Burari Crossing, Delhi - IMD",13
site_1560,Delhi,Delhi,"Bawana, Delhi - DPCC",2025-06-21 13:00:00+00:00,2025-06-21 13:00:00+00:00,36.9,49.0,3.8,182.0,0.0,0.0,598.0,975.0,,toluene,2.5,"Bawana, Delhi - DPCC",13
site_5024,Delhi,Delhi,"Alipur, Delhi - DPCC",2025-06-21 13:00:00+00:00,2025-06-21 13:00:00+00:00,37.1,46.0,,200.0,0.0,0.0,574.0,978.0,,nh3,53.5,"Alipur, Delhi - DPCC",13
site_1560,Delhi,Delhi,"Bawana, Delhi - DPCC",2025-06-21 13:00:00+00:00,2025-06-21 13:00:00+00:00,36.9,49.0,3.8,182.0,0.0,0.0,598.0,975.0,,pm25,35.0,"Bawana, Delhi - DPCC",13
site_1560,Delhi,Delhi,"Bawana, Delhi - DPCC",2025-06-21 13:00:00+00:00,2025-06-21 13:00:00+00:00,36.9,49.0,3.8,182.0,0.0,0.0,598.0,975.0,,pm10,61.0,"Bawana, Delhi - DPCC",13
site_1560,Delhi,Delhi,"Bawana, Delhi - DPCC",2025-06-21 13:00:00+00:00,2025-06-21 13:00:00+00:00,36.9,49.0,3.8,182.0,0.0,0.0,598.0,975.0,,ozone,12.1,"Bawana, Delhi - DPCC",13
site_1560,Delhi,Delhi,"Bawana, Delhi - DPCC",2025-06-21 13:00:00+00:00,2025-06-21 13:00:00+00:00,36.9,49.0,3.8,182.0,0.0,0.0,598.0,975.0,,no2,7.2,"Bawana, Delhi - DPCC",13
site_1560,Delhi,Delhi,"Bawana, Delhi - DPCC",2025-06-21 13:00:00+00:00,2025-06-21 13:00:00+00:00,36.9,49.0,3.8,182.0,0.0,0.0,598.0,975.0,,no,3.4,"Bawana, Delhi - DPCC",13
site_1560,Delhi,Delhi,"Bawana, Delhi - DPCC",2025-06-21 13:00:00+00:00,2025-06-21 13:00:00+00:00,36.9,49.0,3.8,182.0,0.0,0.0,598.0,975.0,,nh3,43.8,"Bawana, Delhi - DPCC",13
site_1560,Delhi,Delhi,"Bawana, Delhi - DPCC",2025-06-21 13:00:00+00:00,2025-06-21 13:00:00+00:00,36.9,49.0,3.8,182.0,0.0,0.0,598.0,975.0,,co,0.55,"Bawana, Delhi - DPCC",13
site_1560,Delhi,Delhi,"Bawana, Delhi - DPCC",2025-06-21 13:00:00+00:00,2025-06-21 13:00:00+00:00,36.9,49.0,3.8,182.0,0.0,0.0,598.0,975.0,,so2,5.0,"Bawana, Delhi - DPCC",13
site_301,Delhi,Delhi,"Anand Vihar, Delhi - DPCC",2025-06-21 13:00:00+00:00,2025-06-21 13:00:00+00:00,35.3,53.0,2.3,251.0,,0.0,321.0,742.0,,toluene,5.8,"Anand Vihar, Delhi - DPCC",13
site_5024,Delhi,Delhi,"Alipur, Delhi - DPCC",2025-06-21 13:00:00+00:00,2025-06-21 13:00:00+00:00,37.1,46.0,,200.0,0.0,0.0,574.0,978.0,,benzene,0.2,"Alipur, Delhi - DPCC",13
site_301,Delhi,Delhi,"Anand Vihar, Delhi - DPCC",2025-06-21 13:00:00+00:00,2025-06-21 13:00:00+00:00,35.3,53.0,2.3,251.0,,0.0,321.0,742.0,,benzene,0.6,"Anand Vihar, Delhi - DPCC",13
site_301,Delhi,Delhi,"Anand Vihar, Delhi - DPCC",2025-06-21 13:00:00+00:00,2025-06-21 13:00:00+00:00,35.3,53.0,2.3,251.0,,0.0,321.0,742.0,,co,1.2,"Anand Vihar, Delhi - DPCC",13
site_1560,Delhi,Delhi,"Bawana, Delhi - DPCC",2025-06-21 13:00:00+00:00,2025-06-21 13:00:00+00:00,36.9,49.0,3.8,182.0,0.0,0.0,598.0,975.0,,benzene,0.1,"Bawana, Delhi - DPCC",13
site_301,Delhi,Delhi,"Anand Vihar, Delhi - DPCC",2025-06-21 13:00:00+00:00,2025-06-21 13:00:00+00:00,35.3,53.0,2.3,251.0,,0.0,321.0,742.0,,nh3,13.6,"Anand Vihar, Delhi - DPCC",13
site_5024,Delhi,Delhi,"Alipur, Delhi - DPCC",2025-06-21 13:00:00+00:00,2025-06-21 13:00:00+00:00,37.1,46.0,,200.0,0.0,0.0,574.0,978.0,,toluene,0.2,"Alipur, Delhi - DPCC",13
site_301,Delhi,Delhi,"Anand Vihar, Delhi - DPCC",2025-06-21 13:00:00+00:00,2025-06-21 13:00:00+00:00,35.3,53.0,2.3,251.0,,0.0,321.0,742.0,,no2,23.9,"Anand Vihar, Delhi - DPCC",13
site_301,Delhi,Delhi,"Anand Vihar, Delhi - DPCC",2025-06-21 13:00:00+00:00,2025-06-21 13:00:00+00:00,35.3,53.0,2.3,251.0,,0.0,321.0,742.0,,so2,56.9,"Anand Vihar, Delhi - DPCC",13
site_301,Delhi,Delhi,"Anand Vihar, Delhi - DPCC",2025-06-21 13:00:00+00:00,2025-06-21 13:00:00+00:00,35.3,53.0,2.3,251.0,,0.0,321.0,742.0,,ozone,38.7,"Anand Vihar, Delhi - DPCC",13
site_301,Delhi,Delhi,"Anand Vihar, Delhi - DPCC",2025-06-21 13:00:00+00:00,2025-06-21 13:00:00+00:00,35.3,53.0,2.3,251.0,,0.0,321.0,742.0,,pm25,21.0,"Anand Vihar, Delhi - DPCC",13
site_301,Delhi,Delhi,"Anand Vihar, Delhi - DPCC",2025-06-21 13:00:00+00:00,2025-06-21 13:00:00+00:00,35.3,53.0,2.3,251.0,,0.0,321.0,742.0,,no,7.6,"Anand Vihar, Delhi - DPCC",13
site_301,Delhi,Delhi,"Anand Vihar, Delhi - DPCC",2025-06-21 13:00:00+00:00,2025-06-21 13:00:00+00:00,35.3,53.0,2.3,251.0,,0.0,321.0,742.0,,pm10,73.0,"Anand Vihar, Delhi - DPCC",13
site_108,Delhi,Delhi,"Aya Nagar, Delhi - IMD",2025-06-21 13:15:00+00:00,2025-06-21 13:15:00+00:00,,,,,,0.0,,,,pm10,72.81,"Aya Nagar, Delhi - IMD",13
site_108,Delhi,Delhi,"Aya Nagar, Delhi - IMD",2025-06-21 13:15:00+00:00,2025-06-21 13:15:00+00:00,,,,,,0.0,,,,ozone,90.82,"Aya Nagar, Delhi - IMD",13
site_108,Delhi,Delhi,"Aya Nagar, Delhi - IMD",2025-06-21 13:15:00+00:00,2025-06-21 13:15:00+00:00,,,,,,0.0,,,,no2,9.7,"Aya Nagar, Delhi - IMD",13
site_108,Delhi,Delhi,"Aya Nagar, Delhi - IMD",2025-06-21 13:15:00+00:00,2025-06-21 13:15:00+00:00,,,,,,0.0,,,,no,3.64,"Aya Nagar, Delhi - IMD",13
site_108,Delhi,Delhi,"Aya Nagar, Delhi - IMD",2025-06-21 13:15:00+00:00,2025-06-21 13:15:00+00:00,,,,,,0.0,,,,co,0.94,"Aya Nagar, Delhi - IMD",13
site_108,Delhi,Delhi,"Aya Nagar, Delhi - IMD",2025-06-21 13:15:00+00:00,2025-06-21 13:15:00+00:00,,,,,,0.0,,,,pm25,26.68,"Aya Nagar, Delhi - IMD",13
site_1560,Delhi,Delhi,"Bawana, Delhi - DPCC",2025-06-21 13:15:00+00:00,2025-06-21 13:15:00+00:00,37.0,49.0,3.0,126.0,0.0,0.0,378.0,975.0,,toluene,2.4,"Bawana, Delhi - DPCC",13
site_1560,Delhi,Delhi,"Bawana, Delhi - DPCC",2025-06-21 13:15:00+00:00,2025-06-21 13:15:00+00:00,37.0,49.0,3.0,126.0,0.0,0.0,378.0,975.0,,pm25,35.0,"Bawana, Delhi - DPCC",13
site_1560,Delhi,Delhi,"Bawana, Delhi - DPCC",2025-06-21 13:15:00+00:00,2025-06-21 13:15:00+00:00,37.0,49.0,3.0,126.0,0.0,0.0,378.0,975.0,,ozone,11.5,"Bawana, Delhi - DPCC",13
site_1560,Delhi,Delhi,"Bawana, Delhi - DPCC",2025-06-21 13:15:00+00:00,2025-06-21 13:15:00+00:00,37.0,49.0,3.0,126.0,0.0,0.0,378.0,975.0,,no2,7.9,"Bawana, Delhi - DPCC",13
site_1560,Delhi,Delhi,"Bawana, Delhi - DPCC",2025-06-21 13:15:00+00:00,2025-06-21 13:15:00+00:00,37.0,49.0,3.0,126.0,0.0,0.0,378.0,975.0,,no,3.2,"Bawana, Delhi - DPCC",13
site_1560,Delhi,Delhi,"Bawana, Delhi - DPCC",2025-06-21 13:15:00+00:00,2025-06-21 13:15:00+00:00,37.0,49.0,3.0,126.0,0.0,0.0,378.0,975.0,,nh3,42.8,"Bawana, Delhi - DPCC",13
site_1560,Delhi,Delhi,"Bawana, Delhi - DPCC",2025-06-21 13:15:00+00:00,2025-06-21 13:15:00+00:00,37.0,49.0,3.0,126.0,0.0,0.0,378.0,975.0,,co,0.55,"Bawana, Delhi - DPCC",13
site_1560,Delhi,Delhi,"Bawana, Delhi - DPCC",2025-06-21 13:15:00+00:00,2025-06-21 13:15:00+00:00,37.0,49.0,3.0,126.0,0.0,0.0,378.0,975.0,,benzene,0.0,"Bawana, Delhi - DPCC",13
site_1560,Delhi,Delhi,"Bawana, Delhi - DPCC",2025-06-21 13:15:00+00:00,2025-06-21 13:15:00+00:00,37.0,49.0,3.0,126.0,0.0,0.0,378.0,975.0,,so2,4.9,"Bawana, Delhi - DPCC",13
site_1560,Delhi,Delhi,"Bawana, Delhi - DPCC",2025-06-21 13:15:00+00:00,2025-06-21 13:15:00+00:00,37.0,49.0,3.0,126.0,0.0,0.0,378.0,975.0,,pm10,61.0,"Bawana, Delhi - DPCC",13
site_1420,Delhi,Delhi,"Ashok Vihar, Delhi - DPCC",2025-06-21 13:15:00+00:00,2025-06-21 13:15:00+00:00,35.1,52.0,3.2,124.0,0.0,0.0,587.0,982.0,,pm10,188.0,"Ashok Vihar, Delhi - DPCC",13
site_301,Delhi,Delhi,"Anand Vihar, Delhi - DPCC",2025-06-21 13:15:00+00:00,2025-06-21 13:15:00+00:00,35.5,52.0,1.8,272.0,,0.0,317.0,742.0,,no2,22.5,"Anand Vihar, Delhi - DPCC",13
site_1420,Delhi,Delhi,"Ashok Vihar, Delhi - DPCC",2025-06-21 13:15:00+00:00,2025-06-21 13:15:00+00:00,35.1,52.0,3.2,124.0,0.0,0.0,587.0,982.0,,pm25,35.0,"Ashok Vihar, Delhi - DPCC",13
site_1420,Delhi,Delhi,"Ashok Vihar, Delhi - DPCC",2025-06-21 13:15:00+00:00,2025-06-21 13:15:00+00:00,35.1,52.0,3.2,124.0,0.0,0.0,587.0,982.0,,ozone,57.6,"Ashok Vihar, Delhi - DPCC",13
site_1420,Delhi,Delhi,"Ashok Vihar, Delhi - DPCC",2025-06-21 13:15:00+00:00,2025-06-21 13:15:00+00:00,35.1,52.0,3.2,124.0,0.0,0.0,587.0,982.0,,no2,9.8,"Ashok Vihar, Delhi - DPCC",13
site_1420,Delhi,Delhi,"Ashok Vihar, Delhi - DPCC",2025-06-21 13:15:00+00:00,2025-06-21 13:15:00+00:00,35.1,52.0,3.2,124.0,0.0,0.0,587.0,982.0,,no,4.4,"Ashok Vihar, Delhi - DPCC",13
site_1420,Delhi,Delhi,"Ashok Vihar, Delhi - DPCC",2025-06-21 13:15:00+00:00,2025-06-21 13:15:00+00:00,35.1,52.0,3.2,124.0,0.0,0.0,587.0,982.0,,nh3,32.8,"Ashok Vihar, Delhi - DPCC",13
site_1420,Delhi,Delhi,"Ashok Vihar, Delhi - DPCC",2025-06-21 13:15:00+00:00,2025-06-21 13:15:00+00:00,35.1,52.0,3.2,124.0,0.0,0.0,587.0,982.0,,co,0.77,"Ashok Vihar, Delhi - DPCC",13
site_1420,Delhi,Delhi,"Ashok Vihar, Delhi - DPCC",2025-06-21 13:15:00+00:00,2025-06-21 13:15:00+00:00,35.1,52.0,3.2,124.0,0.0,0.0,587.0,982.0,,benzene,0.0,"Ashok Vihar, Delhi - DPCC",13
site_5024,Delhi,Delhi,"Alipur, Delhi - DPCC",2025-06-21 13:15:00+00:00,2025-06-21 13:15:00+00:00,37.0,46.0,,251.0,0.0,0.0,583.0,978.0,,benzene,0.2,"Alipur, Delhi - DPCC",13
site_5024,Delhi,Delhi,"Alipur, Delhi - DPCC",2025-06-21 13:15:00+00:00,2025-06-21 13:15:00+00:00,37.0,46.0,,251.0,0.0,0.0,583.0,978.0,,co,0.74,"Alipur, Delhi - DPCC",13
site_5024,Delhi,Delhi,"Alipur, Delhi - DPCC",2025-06-21 13:15:00+00:00,2025-06-21 13:15:00+00:00,37.0,46.0,,251.0,0.0,0.0,583.0,978.0,,nh3,53.4,"Alipur, Delhi - DPCC",13
site_5024,Delhi,Delhi,"Alipur, Delhi - DPCC",2025-06-21 13:15:00+00:00,2025-06-21 13:15:00+00:00,37.0,46.0,,251.0,0.0,0.0,583.0,978.0,,no,3.0,"Alipur, Delhi - DPCC",13
site_5024,Delhi,Delhi,"Alipur, Delhi - DPCC",2025-06-21 13:15:00+00:00,2025-06-21 13:15:00+00:00,37.0,46.0,,251.0,0.0,0.0,583.0,978.0,,no2,16.4,"Alipur, Delhi - DPCC",13
site_5024,Delhi,Delhi,"Alipur, Delhi - DPCC",2025-06-21 13:15:00+00:00,2025-06-21 13:15:00+00:00,37.0,46.0,,251.0,0.0,0.0,583.0,978.0,,ozone,66.5,"Alipur, Delhi - DPCC",13
site_5024,Delhi,Delhi,"Alipur, Delhi - DPCC",2025-06-21 13:15:00+00:00,2025-06-21 13:15:00+00:00,37.0,46.0,,251.0,0.0,0.0,583.0,978.0,,pm10,86.0,"Alipur, Delhi - DPCC",13
site_5024,Delhi,Delhi,"Alipur, Delhi - DPCC",2025-06-21 13:15:00+00:00,2025-06-21 13:15:00+00:00,37.0,46.0,,251.0,0.0,0.0,583.0,978.0,,so2,9.6,"Alipur, Delhi - DPCC",13
site_5024,Delhi,Delhi,"Alipur, Delhi - DPCC",2025-06-21 13:15:00+00:00,2025-06-21 13:15:00+00:00,37.0,46.0,,251.0,0.0,0.0,583.0,978.0,,toluene,0.2,"Alipur, Delhi - DPCC",13
site_301,Delhi,Delhi,"Anand Vihar, Delhi - DPCC",2025-06-21 13:15:00+00:00,2025-06-21 13:15:00+00:00,35.5,52.0,1.8,272.0,,0.0,317.0,742.0,,toluene,6.1,"Anand Vihar, Delhi - DPCC",13
site_301,Delhi,Delhi,"Anand Vihar, Delhi - DPCC",2025-06-21 13:15:00+00:00,2025-06-21 13:15:00+00:00,35.5,52.0,1.8,272.0,,0.0,317.0,742.0,,so2,56.6,"Anand Vihar, Delhi - DPCC",13
site_301,Delhi,Delhi,"Anand Vihar, Delhi - DPCC",2025-06-21 13:15:00+00:00,2025-06-21 13:15:00+00:00,35.5,52.0,1.8,272.0,,0.0,317.0,742.0,,pm25,21.0,"Anand Vihar, Delhi - DPCC",13
site_301,Delhi,Delhi,"Anand Vihar, Delhi - DPCC",2025-06-21 13:15:00+00:00,2025-06-21 13:15:00+00:00,35.5,52.0,1.8,272.0,,0.0,317.0,742.0,,pm10,73.0,"Anand Vihar, Delhi - DPCC",13
site_301,Delhi,Delhi,"Anand Vihar, Delhi - DPCC",2025-06-21 13:15:00+00:00,2025-06-21 13:15:00+00:00,35.5,52.0,1.8,272.0,,0.0,317.0,742.0,,ozone,39.0,"Anand Vihar, Delhi - DPCC",13
site_301,Delhi,Delhi,"Anand Vihar, Delhi - DPCC",2025-06-21 13:15:00+00:00,2025-06-21 13:15:00+00:00,35.5,52.0,1.8,272.0,,0.0,317.0,742.0,,no,3.8,"Anand Vihar, Delhi - DPCC",13
site_301,Delhi,Delhi,"Anand Vihar, Delhi - DPCC",2025-06-21 13:15:00+00:00,2025-06-21 13:15:00+00:00,35.5,52.0,1.8,272.0,,0.0,317.0,742.0,,benzene,0.6,"Anand Vihar, Delhi - DPCC",13
site_1420,Delhi,Delhi,"Ashok Vihar, Delhi - DPCC",2025-06-21 13:15:00+00:00,2025-06-21 13:15:00+00:00,35.1,52.0,3.2,124.0,0.0,0.0,587.0,982.0,,so2,14.8,"Ashok Vihar, Delhi - DPCC",13
site_301,Delhi,Delhi,"Anand Vihar, Delhi - DPCC",2025-06-21 13:15:00+00:00,2025-06-21 13:15:00+00:00,35.5,52.0,1.8,272.0,,0.0,317.0,742.0,,co,1.2,"Anand Vihar, Delhi - DPCC",13
site_301,Delhi,Delhi,"Anand Vihar, Delhi - DPCC",2025-06-21 13:15:00+00:00,2025-06-21 13:15:00+00:00,35.5,52.0,1.8,272.0,,0.0,317.0,742.0,,nh3,14.4,"Anand Vihar, Delhi - DPCC",13
site_104,Delhi,Delhi,"Burari Crossing, Delhi - IMD",2025-06-21 13:15:00+00:00,2025-06-21 13:15:00+00:00,,,,,,0.0,,,,no,6.95,"Burari Crossing, Delhi - IMD",13
site_104,Delhi,Delhi,"Burari Crossing, Delhi - IMD",2025-06-21 13:15:00+00:00,2025-06-21 13:15:00+00:00,,,,,,0.0,,,,no2,25.75,"Burari Crossing, Delhi - IMD",13
site_104,Delhi,Delhi,"Burari Crossing, Delhi - IMD",2025-06-21 13:15:00+00:00,2025-06-21 13:15:00+00:00,,,,,,0.0,,,,ozone,95.16,"Burari Crossing, Delhi - IMD",13
site_104,Delhi,Delhi,"Burari Crossing, Delhi - IMD",2025-06-21 13:15:00+00:00,2025-06-21 13:15:00+00:00,,,,,,0.0,,,,pm10,50.83,"Burari Crossing, Delhi - IMD",13
site_104,Delhi,Delhi,"Burari Crossing, Delhi - IMD",2025-06-21 13:15:00+00:00,2025-06-21 13:15:00+00:00,,,,,,0.0,,,,pm25,26.46,"Burari Crossing, Delhi - IMD",13
site_104,Delhi,Delhi,"Burari Crossing, Delhi - IMD",2025-06-21 13:15:00+00:00,2025-06-21 13:15:00+00:00,,,,,,0.0,,,,co,0.67,"Burari Crossing, Delhi - IMD",13
site_1420,Delhi,Delhi,"Ashok Vihar, Delhi - DPCC",2025-06-21 13:15:00+00:00,2025-06-21 13:15:00+00:00,35.1,52.0,3.2,124.0,0.0,0.0,587.0,982.0,,toluene,1.1,"Ashok Vihar, Delhi - DPCC",13
site_1560,Delhi,Delhi,"Bawana, Delhi - DPCC",2025-06-21 13:30:00+00:00,2025-06-21 13:30:00+00:00,37.3,48.0,2.4,128.0,0.0,0.0,614.0,975.0,,no2,7.4,"Bawana, Delhi - DPCC",13
site_1560,Delhi,Delhi,"Bawana, Delhi - DPCC",2025-06-21 13:30:00+00:00,2025-06-21 13:30:00+00:00,37.3,48.0,2.4,128.0,0.0,0.0,614.0,975.0,,no,2.9,"Bawana, Delhi - DPCC",13
site_1560,Delhi,Delhi,"Bawana, Delhi - DPCC",2025-06-21 13:30:00+00:00,2025-06-21 13:30:00+00:00,37.3,48.0,2.4,128.0,0.0,0.0,614.0,975.0,,pm10,61.0,"Bawana, Delhi - DPCC",13
site_301,Delhi,Delhi,"Anand Vihar, Delhi - DPCC",2025-06-21 13:30:00+00:00,2025-06-21 13:30:00+00:00,36.0,51.0,0.7,253.0,,0.0,308.0,742.0,,benzene,0.6,"Anand Vihar, Delhi - DPCC",13
site_301,Delhi,Delhi,"Anand Vihar, Delhi - DPCC",2025-06-21 13:30:00+00:00,2025-06-21 13:30:00+00:00,36.0,51.0,0.7,253.0,,0.0,308.0,742.0,,co,1.16,"Anand Vihar, Delhi - DPCC",13
site_1560,Delhi,Delhi,"Bawana, Delhi - DPCC",2025-06-21 13:30:00+00:00,2025-06-21 13:30:00+00:00,37.3,48.0,2.4,128.0,0.0,0.0,614.0,975.0,,pm25,35.0,"Bawana, Delhi - DPCC",13
site_1420,Delhi,Delhi,"Ashok Vihar, Delhi - DPCC",2025-06-21 13:30:00+00:00,2025-06-21 13:30:00+00:00,35.5,50.0,2.7,120.0,0.0,0.0,377.0,982.0,,benzene,0.0,"Ashok Vihar, Delhi - DPCC",13
site_1560,Delhi,Delhi,"Bawana, Delhi - DPCC",2025-06-21 13:30:00+00:00,2025-06-21 13:30:00+00:00,37.3,48.0,2.4,128.0,0.0,0.0,614.0,975.0,,so2,5.3,"Bawana, Delhi - DPCC",13
site_1560,Delhi,Delhi,"Bawana, Delhi - DPCC",2025-06-21 13:30:00+00:00,2025-06-21 13:30:00+00:00,37.3,48.0,2.4,128.0,0.0,0.0,614.0,975.0,,toluene,2.7,"Bawana, Delhi - DPCC",13
site_1560,Delhi,Delhi,"Bawana, Delhi - DPCC",2025-06-21 13:30:00+00:00,2025-06-21 13:30:00+00:00,37.3,48.0,2.4,128.0,0.0,0.0,614.0,975.0,,nh3,48.1,"Bawana, Delhi - DPCC",13
site_1560,Delhi,Delhi,"Bawana, Delhi - DPCC",2025-06-21 13:30:00+00:00,2025-06-21 13:30:00+00:00,37.3,48.0,2.4,128.0,0.0,0.0,614.0,975.0,,ozone,11.8,"Bawana, Delhi - DPCC",13
site_1560,Delhi,Delhi,"Bawana, Delhi - DPCC",2025-06-21 13:30:00+00:00,2025-06-21 13:30:00+00:00,37.3,48.0,2.4,128.0,0.0,0.0,614.0,975.0,,co,0.55,"Bawana, Delhi - DPCC",13
site_301,Delhi,Delhi,"Anand Vihar, Delhi - DPCC",2025-06-21 13:30:00+00:00,2025-06-21 13:30:00+00:00,36.0,51.0,0.7,253.0,,0.0,308.0,742.0,,pm10,73.0,"Anand Vihar, Delhi - DPCC",13
site_301,Delhi,Delhi,"Anand Vihar, Delhi - DPCC",2025-06-21 13:30:00+00:00,2025-06-21 13:30:00+00:00,36.0,51.0,0.7,253.0,,0.0,308.0,742.0,,nh3,9.5,"Anand Vihar, Delhi - DPCC",13
site_301,Delhi,Delhi,"Anand Vihar, Delhi - DPCC",2025-06-21 13:30:00+00:00,2025-06-21 13:30:00+00:00,36.0,51.0,0.7,253.0,,0.0,308.0,742.0,,pm25,21.0,"Anand Vihar, Delhi - DPCC",13
site_104,Delhi,Delhi,"Burari Crossing, Delhi - IMD",2025-06-21 13:30:00+00:00,2025-06-21 13:30:00+00:00,,,,,,0.0,,,,co,0.73,"Burari Crossing, Delhi - IMD",13
site_104,Delhi,Delhi,"Burari Crossing, Delhi - IMD",2025-06-21 13:30:00+00:00,2025-06-21 13:30:00+00:00,,,,,,0.0,,,,no,7.42,"Burari Crossing, Delhi - IMD",13
site_104,Delhi,Delhi,"Burari Crossing, Delhi - IMD",2025-06-21 13:30:00+00:00,2025-06-21 13:30:00+00:00,,,,,,0.0,,,,no2,29.12,"Burari Crossing, Delhi - IMD",13
site_104,Delhi,Delhi,"Burari Crossing, Delhi - IMD",2025-06-21 13:30:00+00:00,2025-06-21 13:30:00+00:00,,,,,,0.0,,,,ozone,92.18,"Burari Crossing, Delhi - IMD",13
site_104,Delhi,Delhi,"Burari Crossing, Delhi - IMD",2025-06-21 13:30:00+00:00,2025-06-21 13:30:00+00:00,,,,,,0.0,,,,pm10,55.91,"Burari Crossing, Delhi - IMD",13
site_104,Delhi,Delhi,"Burari Crossing, Delhi - IMD",2025-06-21 13:30:00+00:00,2025-06-21 13:30:00+00:00,,,,,,0.0,,,,pm25,23.33,"Burari Crossing, Delhi - IMD",13
site_301,Delhi,Delhi,"Anand Vihar, Delhi - DPCC",2025-06-21 13:30:00+00:00,2025-06-21 13:30:00+00:00,36.0,51.0,0.7,253.0,,0.0,308.0,742.0,,toluene,6.6,"Anand Vihar, Delhi - DPCC",13
site_301,Delhi,Delhi,"Anand Vihar, Delhi - DPCC",2025-06-21 13:30:00+00:00,2025-06-21 13:30:00+00:00,36.0,51.0,0.7,253.0,,0.0,308.0,742.0,,so2,53.7,"Anand Vihar, Delhi - DPCC",13
site_301,Delhi,Delhi,"Anand Vihar, Delhi - DPCC",2025-06-21 13:30:00+00:00,2025-06-21 13:30:00+00:00,36.0,51.0,0.7,253.0,,0.0,308.0,742.0,,no2,25.2,"Anand Vihar, Delhi - DPCC",13
site_301,Delhi,Delhi,"Anand Vihar, Delhi - DPCC",2025-06-21 13:30:00+00:00,2025-06-21 13:30:00+00:00,36.0,51.0,0.7,253.0,,0.0,308.0,742.0,,ozone,43.2,"Anand Vihar, Delhi - DPCC",13
site_1560,Delhi,Delhi,"Bawana, Delhi - DPCC",2025-06-21 13:30:00+00:00,2025-06-21 13:30:00+00:00,37.3,48.0,2.4,128.0,0.0,0.0,614.0,975.0,,benzene,0.2,"Bawana, Delhi - DPCC",13
site_301,Delhi,Delhi,"Anand Vihar, Delhi - DPCC",2025-06-21 13:30:00+00:00,2025-06-21 13:30:00+00:00,36.0,51.0,0.7,253.0,,0.0,308.0,742.0,,no,8.4,"Anand Vihar, Delhi - DPCC",13
site_1420,Delhi,Delhi,"Ashok Vihar, Delhi - DPCC",2025-06-21 13:30:00+00:00,2025-06-21 13:30:00+00:00,35.5,50.0,2.7,120.0,0.0,0.0,377.0,982.0,,co,0.73,"Ashok Vihar, Delhi - DPCC",13
site_5024,Delhi,Delhi,"Alipur, Delhi - DPCC",2025-06-21 13:30:00+00:00,2025-06-21 13:30:00+00:00,36.5,47.0,,253.0,0.0,0.0,532.0,978.0,,so2,10.0,"Alipur, Delhi - DPCC",13
site_1420,Delhi,Delhi,"Ashok Vihar, Delhi - DPCC",2025-06-21 13:30:00+00:00,2025-06-21 13:30:00+00:00,35.5,50.0,2.7,120.0,0.0,0.0,377.0,982.0,,ozone,66.0,"Ashok Vihar, Delhi - DPCC",13
site_1420,Delhi,Delhi,"Ashok Vihar, Delhi - DPCC",2025-06-21 13:30:00+00:00,2025-06-21 13:30:00+00:00,35.5,50.0,2.7,120.0,0.0,0.0,377.0,982.0,,no2,9.7,"Ashok Vihar, Delhi - DPCC",13
site_1420,Delhi,Delhi,"Ashok Vihar, Delhi - DPCC",2025-06-21 13:30:00+00:00,2025-06-21 13:30:00+00:00,35.5,50.0,2.7,120.0,0.0,0.0,377.0,982.0,,no,4.9,"Ashok Vihar, Delhi - DPCC",13
site_1420,Delhi,Delhi,"Ashok Vihar, Delhi - DPCC",2025-06-21 13:30:00+00:00,2025-06-21 13:30:00+00:00,35.5,50.0,2.7,120.0,0.0,0.0,377.0,982.0,,nh3,32.7,"Ashok Vihar, Delhi - DPCC",13
site_1420,Delhi,Delhi,"Ashok Vihar, Delhi - DPCC",2025-06-21 13:30:00+00:00,2025-06-21 13:30:00+00:00,35.5,50.0,2.7,120.0,0.0,0.0,377.0,982.0,,so2,13.7,"Ashok Vihar, Delhi - DPCC",13
site_1420,Delhi,Delhi,"Ashok Vihar, Delhi - DPCC",2025-06-21 13:30:00+00:00,2025-06-21 13:30:00+00:00,35.5,50.0,2.7,120.0,0.0,0.0,377.0,982.0,,toluene,1.2,"Ashok Vihar, Delhi - DPCC",13
site_5024,Delhi,Delhi,"Alipur, Delhi - DPCC",2025-06-21 13:30:00+00:00,2025-06-21 13:30:00+00:00,36.5,47.0,,253.0,0.0,0.0,532.0,978.0,,toluene,0.2,"Alipur, Delhi - DPCC",13
site_108,Delhi,Delhi,"Aya Nagar, Delhi - IMD",2025-06-21 13:30:00+00:00,2025-06-21 13:30:00+00:00,,,,,,0.0,,,,pm25,28.78,"Aya Nagar, Delhi - IMD",13
site_1420,Delhi,Delhi,"Ashok Vihar, Delhi - DPCC",2025-06-21 13:30:00+00:00,2025-06-21 13:30:00+00:00,35.5,50.0,2.7,120.0,0.0,0.0,377.0,982.0,,pm10,188.0,"Ashok Vihar, Delhi - DPCC",13
site_108,Delhi,Delhi,"Aya Nagar, Delhi - IMD",2025-06-21 13:30:00+00:00,2025-06-21 13:30:00+00:00,,,,,,0.0,,,,ozone,99.46,"Aya Nagar, Delhi - IMD",13
site_108,Delhi,Delhi,"Aya Nagar, Delhi - IMD",2025-06-21 13:30:00+00:00,2025-06-21 13:30:00+00:00,,,,,,0.0,,,,pm10,74.16,"Aya Nagar, Delhi - IMD",13
site_108,Delhi,Delhi,"Aya Nagar, Delhi - IMD",2025-06-21 13:30:00+00:00,2025-06-21 13:30:00+00:00,,,,,,0.0,,,,no,4.15,"Aya Nagar, Delhi - IMD",13
site_108,Delhi,Delhi,"Aya Nagar, Delhi - IMD",2025-06-21 13:30:00+00:00,2025-06-21 13:30:00+00:00,,,,,,0.0,,,,co,0.93,"Aya Nagar, Delhi - IMD",13
site_5024,Delhi,Delhi,"Alipur, Delhi - DPCC",2025-06-21 13:30:00+00:00,2025-06-21 13:30:00+00:00,36.5,47.0,,253.0,0.0,0.0,532.0,978.0,,benzene,0.2,"Alipur, Delhi - DPCC",13
site_5024,Delhi,Delhi,"Alipur, Delhi - DPCC",2025-06-21 13:30:00+00:00,2025-06-21 13:30:00+00:00,36.5,47.0,,253.0,0.0,0.0,532.0,978.0,,co,0.72,"Alipur, Delhi - DPCC",13
site_5024,Delhi,Delhi,"Alipur, Delhi - DPCC",2025-06-21 13:30:00+00:00,2025-06-21 13:30:00+00:00,36.5,47.0,,253.0,0.0,0.0,532.0,978.0,,nh3,53.7,"Alipur, Delhi - DPCC",13
site_5024,Delhi,Delhi,"Alipur, Delhi - DPCC",2025-06-21 13:30:00+00:00,2025-06-21 13:30:00+00:00,36.5,47.0,,253.0,0.0,0.0,532.0,978.0,,no,2.5,"Alipur, Delhi - DPCC",13
site_5024,Delhi,Delhi,"Alipur, Delhi - DPCC",2025-06-21 13:30:00+00:00,2025-06-21 13:30:00+00:00,36.5,47.0,,253.0,0.0,0.0,532.0,978.0,,no2,16.6,"Alipur, Delhi - DPCC",13
site_5024,Delhi,Delhi,"Alipur, Delhi - DPCC",2025-06-21 13:30:00+00:00,2025-06-21 13:30:00+00:00,36.5,47.0,,253.0,0.0,0.0,532.0,978.0,,ozone,68.5,"Alipur, Delhi - DPCC",13
site_5024,Delhi,Delhi,"Alipur, Delhi - DPCC",2025-06-21 13:30:00+00:00,2025-06-21 13:30:00+00:00,36.5,47.0,,253.0,0.0,0.0,532.0,978.0,,pm10,86.0,"Alipur, Delhi - DPCC",13
site_108,Delhi,Delhi,"Aya Nagar, Delhi - IMD",2025-06-21 13:30:00+00:00,2025-06-21 13:30:00+00:00,,,,,,0.0,,,,no2,10.55,"Aya Nagar, Delhi - IMD",13
site_1420,Delhi,Delhi,"Ashok Vihar, Delhi - DPCC",2025-06-21 13:30:00+00:00,2025-06-21 13:30:00+00:00,35.5,50.0,2.7,120.0,0.0,0.0,377.0,982.0,,pm25,35.0,"Ashok Vihar, Delhi - DPCC",13
site_1420,Delhi,Delhi,"Ashok Vihar, Delhi - DPCC",2025-06-21 13:45:00+00:00,2025-06-21 13:45:00+00:00,34.9,52.0,2.0,141.0,0.0,0.0,404.0,982.0,,no2,11.4,"Ashok Vihar, Delhi - DPCC",13
site_1420,Delhi,Delhi,"Ashok Vihar, Delhi - DPCC",2025-06-21 13:45:00+00:00,2025-06-21 13:45:00+00:00,34.9,52.0,2.0,141.0,0.0,0.0,404.0,982.0,,no,3.6,"Ashok Vihar, Delhi - DPCC",13
site_1420,Delhi,Delhi,"Ashok Vihar, Delhi - DPCC",2025-06-21 13:45:00+00:00,2025-06-21 13:45:00+00:00,34.9,52.0,2.0,141.0,0.0,0.0,404.0,982.0,,nh3,34.3,"Ashok Vihar, Delhi - DPCC",13
site_1420,Delhi,Delhi,"Ashok Vihar, Delhi - DPCC",2025-06-21 13:45:00+00:00,2025-06-21 13:45:00+00:00,34.9,52.0,2.0,141.0,0.0,0.0,404.0,982.0,,co,0.72,"Ashok Vihar, Delhi - DPCC",13
site_1420,Delhi,Delhi,"Ashok Vihar, Delhi - DPCC",2025-06-21 13:45:00+00:00,2025-06-21 13:45:00+00:00,34.9,52.0,2.0,141.0,0.0,0.0,404.0,982.0,,benzene,0.0,"Ashok Vihar, Delhi - DPCC",13
site_1560,Delhi,Delhi,"Bawana, Delhi - DPCC",2025-06-21 13:45:00+00:00,2025-06-21 13:45:00+00:00,37.6,47.0,3.9,129.0,0.0,0.0,550.0,974.0,,no,3.5,"Bawana, Delhi - DPCC",13
site_1560,Delhi,Delhi,"Bawana, Delhi - DPCC",2025-06-21 13:45:00+00:00,2025-06-21 13:45:00+00:00,37.6,47.0,3.9,129.0,0.0,0.0,550.0,974.0,,co,0.57,"Bawana, Delhi - DPCC",13
site_1560,Delhi,Delhi,"Bawana, Delhi - DPCC",2025-06-21 13:45:00+00:00,2025-06-21 13:45:00+00:00,37.6,47.0,3.9,129.0,0.0,0.0,550.0,974.0,,nh3,48.7,"Bawana, Delhi - DPCC",13
site_1420,Delhi,Delhi,"Ashok Vihar, Delhi - DPCC",2025-06-21 13:45:00+00:00,2025-06-21 13:45:00+00:00,34.9,52.0,2.0,141.0,0.0,0.0,404.0,982.0,,ozone,64.9,"Ashok Vihar, Delhi - DPCC",13
site_1560,Delhi,Delhi,"Bawana, Delhi - DPCC",2025-06-21 13:45:00+00:00,2025-06-21 13:45:00+00:00,37.6,47.0,3.9,129.0,0.0,0.0,550.0,974.0,,no2,6.7,"Bawana, Delhi - DPCC",13
site_1560,Delhi,Delhi,"Bawana, Delhi - DPCC",2025-06-21 13:45:00+00:00,2025-06-21 13:45:00+00:00,37.6,47.0,3.9,129.0,0.0,0.0,550.0,974.0,,ozone,13.1,"Bawana, Delhi - DPCC",13
site_1560,Delhi,Delhi,"Bawana, Delhi - DPCC",2025-06-21 13:45:00+00:00,2025-06-21 13:45:00+00:00,37.6,47.0,3.9,129.0,0.0,0.0,550.0,974.0,,pm10,61.0,"Bawana, Delhi - DPCC",13
site_1560,Delhi,Delhi,"Bawana, Delhi - DPCC",2025-06-21 13:45:00+00:00,2025-06-21 13:45:00+00:00,37.6,47.0,3.9,129.0,0.0,0.0,550.0,974.0,,pm25,35.0,"Bawana, Delhi - DPCC",13
site_1560,Delhi,Delhi,"Bawana, Delhi - DPCC",2025-06-21 13:45:00+00:00,2025-06-21 13:45:00+00:00,37.6,47.0,3.9,129.0,0.0,0.0,550.0,974.0,,benzene,0.4,"Bawana, Delhi - DPCC",13
site_1420,Delhi,Delhi,"Ashok Vihar, Delhi - DPCC",2025-06-21 13:45:00+00:00,2025-06-21 13:45:00+00:00,34.9,52.0,2.0,141.0,0.0,0.0,404.0,982.0,,pm10,188.0,"Ashok Vihar, Delhi - DPCC",13
site_108,Delhi,Delhi,"Aya Nagar, Delhi - IMD",2025-06-21 13:45:00+00:00,2025-06-21 13:45:00+00:00,,,,,,0.0,,,,no,4.63,"Aya Nagar, Delhi - IMD",13
site_1420,Delhi,Delhi,"Ashok Vihar, Delhi - DPCC",2025-06-21 13:45:00+00:00,2025-06-21 13:45:00+00:00,34.9,52.0,2.0,141.0,0.0,0.0,404.0,982.0,,so2,13.5,"Ashok Vihar, Delhi - DPCC",13
site_1560,Delhi,Delhi,"Bawana, Delhi - DPCC",2025-06-21 13:45:00+00:00,2025-06-21 13:45:00+00:00,37.6,47.0,3.9,129.0,0.0,0.0,550.0,974.0,,so2,5.0,"Bawana, Delhi - DPCC",13
site_108,Delhi,Delhi,"Aya Nagar, Delhi - IMD",2025-06-21 13:45:00+00:00,2025-06-21 13:45:00+00:00,,,,,,0.0,,,,co,0.97,"Aya Nagar, Delhi - IMD",13
site_301,Delhi,Delhi,"Anand Vihar, Delhi - DPCC",2025-06-21 13:45:00+00:00,2025-06-21 13:45:00+00:00,35.6,51.0,0.9,278.0,,0.0,294.0,742.0,,benzene,0.6,"Anand Vihar, Delhi - DPCC",13
site_301,Delhi,Delhi,"Anand Vihar, Delhi - DPCC",2025-06-21 13:45:00+00:00,2025-06-21 13:45:00+00:00,35.6,51.0,0.9,278.0,,0.0,294.0,742.0,,co,1.19,"Anand Vihar, Delhi - DPCC",13
site_301,Delhi,Delhi,"Anand Vihar, Delhi - DPCC",2025-06-21 13:45:00+00:00,2025-06-21 13:45:00+00:00,35.6,51.0,0.9,278.0,,0.0,294.0,742.0,,nh3,12.6,"Anand Vihar, Delhi - DPCC",13
site_301,Delhi,Delhi,"Anand Vihar, Delhi - DPCC",2025-06-21 13:45:00+00:00,2025-06-21 13:45:00+00:00,35.6,51.0,0.9,278.0,,0.0,294.0,742.0,,no,8.0,"Anand Vihar, Delhi - DPCC",13
site_301,Delhi,Delhi,"Anand Vihar, Delhi - DPCC",2025-06-21 13:45:00+00:00,2025-06-21 13:45:00+00:00,35.6,51.0,0.9,278.0,,0.0,294.0,742.0,,no2,20.0,"Anand Vihar, Delhi - DPCC",13
site_301,Delhi,Delhi,"Anand Vihar, Delhi - DPCC",2025-06-21 13:45:00+00:00,2025-06-21 13:45:00+00:00,35.6,51.0,0.9,278.0,,0.0,294.0,742.0,,ozone,47.7,"Anand Vihar, Delhi - DPCC",13
site_301,Delhi,Delhi,"Anand Vihar, Delhi - DPCC",2025-06-21 13:45:00+00:00,2025-06-21 13:45:00+00:00,35.6,51.0,0.9,278.0,,0.0,294.0,742.0,,pm10,73.0,"Anand Vihar, Delhi - DPCC",13
site_301,Delhi,Delhi,"Anand Vihar, Delhi - DPCC",2025-06-21 13:45:00+00:00,2025-06-21 13:45:00+00:00,35.6,51.0,0.9,278.0,,0.0,294.0,742.0,,so2,53.1,"Anand Vihar, Delhi - DPCC",13
site_301,Delhi,Delhi,"Anand Vihar, Delhi - DPCC",2025-06-21 13:45:00+00:00,2025-06-21 13:45:00+00:00,35.6,51.0,0.9,278.0,,0.0,294.0,742.0,,toluene,6.6,"Anand Vihar, Delhi - DPCC",13
site_104,Delhi,Delhi,"Burari Crossing, Delhi - IMD",2025-06-21 13:45:00+00:00,2025-06-21 13:45:00+00:00,,,,,,0.0,,,,pm25,28.3,"Burari Crossing, Delhi - IMD",13
site_104,Delhi,Delhi,"Burari Crossing, Delhi - IMD",2025-06-21 13:45:00+00:00,2025-06-21 13:45:00+00:00,,,,,,0.0,,,,pm10,57.49,"Burari Crossing, Delhi - IMD",13
site_104,Delhi,Delhi,"Burari Crossing, Delhi - IMD",2025-06-21 13:45:00+00:00,2025-06-21 13:45:00+00:00,,,,,,0.0,,,,ozone,94.05,"Burari Crossing, Delhi - IMD",13
site_104,Delhi,Delhi,"Burari Crossing, Delhi - IMD",2025-06-21 13:45:00+00:00,2025-06-21 13:45:00+00:00,,,,,,0.0,,,,no2,26.78,"Burari Crossing, Delhi - IMD",13
site_104,Delhi,Delhi,"Burari Crossing, Delhi - IMD",2025-06-21 13:45:00+00:00,2025-06-21 13:45:00+00:00,,,,,,0.0,,,,no,7.31,"Burari Crossing, Delhi - IMD",13
site_104,Delhi,Delhi,"Burari Crossing, Delhi - IMD",2025-06-21 13:45:00+00:00,2025-06-21 13:45:00+00:00,,,,,,0.0,,,,co,0.7,"Burari Crossing, Delhi - IMD",13
site_108,Delhi,Delhi,"Aya Nagar, Delhi - IMD",2025-06-21 13:45:00+00:00,2025-06-21 13:45:00+00:00,,,,,,0.0,,,,no2,11.8,"Aya Nagar, Delhi - IMD",13
site_108,Delhi,Delhi,"Aya Nagar, Delhi - IMD",2025-06-21 13:45:00+00:00,2025-06-21 13:45:00+00:00,,,,,,0.0,,,,ozone,103.19,"Aya Nagar, Delhi - IMD",13
site_108,Delhi,Delhi,"Aya Nagar, Delhi - IMD",2025-06-21 13:45:00+00:00,2025-06-21 13:45:00+00:00,,,,,,0.0,,,,pm10,85.6,"Aya Nagar, Delhi - IMD",13
site_1420,Delhi,Delhi,"Ashok Vihar, Delhi - DPCC",2025-06-21 13:45:00+00:00,2025-06-21 13:45:00+00:00,34.9,52.0,2.0,141.0,0.0,0.0,404.0,982.0,,toluene,2.4,"Ashok Vihar, Delhi - DPCC",13
site_1420,Delhi,Delhi,"Ashok Vihar, Delhi - DPCC",2025-06-21 13:45:00+00:00,2025-06-21 13:45:00+00:00,34.9,52.0,2.0,141.0,0.0,0.0,404.0,982.0,,pm25,35.0,"Ashok Vihar, Delhi - DPCC",13
site_1560,Delhi,Delhi,"Bawana, Delhi - DPCC",2025-06-21 13:45:00+00:00,2025-06-21 13:45:00+00:00,37.6,47.0,3.9,129.0,0.0,0.0,550.0,974.0,,toluene,2.9,"Bawana, Delhi - DPCC",13
site_108,Delhi,Delhi,"Aya Nagar, Delhi - IMD",2025-06-21 13:45:00+00:00,2025-06-21 13:45:00+00:00,,,,,,0.0,,,,pm25,35.27,"Aya Nagar, Delhi - IMD",13
site_5024,Delhi,Delhi,"Alipur, Delhi - DPCC",2025-06-21 13:45:00+00:00,2025-06-21 13:45:00+00:00,36.5,47.0,,239.0,0.0,0.0,551.0,978.0,,so2,10.1,"Alipur, Delhi - DPCC",13
site_5024,Delhi,Delhi,"Alipur, Delhi - DPCC",2025-06-21 13:45:00+00:00,2025-06-21 13:45:00+00:00,36.5,47.0,,239.0,0.0,0.0,551.0,978.0,,benzene,0.2,"Alipur, Delhi - DPCC",13
site_5024,Delhi,Delhi,"Alipur, Delhi - DPCC",2025-06-21 13:45:00+00:00,2025-06-21 13:45:00+00:00,36.5,47.0,,239.0,0.0,0.0,551.0,978.0,,co,0.96,"Alipur, Delhi - DPCC",13
site_5024,Delhi,Delhi,"Alipur, Delhi - DPCC",2025-06-21 13:45:00+00:00,2025-06-21 13:45:00+00:00,36.5,47.0,,239.0,0.0,0.0,551.0,978.0,,nh3,54.2,"Alipur, Delhi - DPCC",13
site_5024,Delhi,Delhi,"Alipur, Delhi - DPCC",2025-06-21 13:45:00+00:00,2025-06-21 13:45:00+00:00,36.5,47.0,,239.0,0.0,0.0,551.0,978.0,,no,2.4,"Alipur, Delhi - DPCC",13
site_5024,Delhi,Delhi,"Alipur, Delhi - DPCC",2025-06-21 13:45:00+00:00,2025-06-21 13:45:00+00:00,36.5,47.0,,239.0,0.0,0.0,551.0,978.0,,no2,16.4,"Alipur, Delhi - DPCC",13
site_5024,Delhi,Delhi,"Alipur, Delhi - DPCC",2025-06-21 13:45:00+00:00,2025-06-21 13:45:00+00:00,36.5,47.0,,239.0,0.0,0.0,551.0,978.0,,ozone,73.4,"Alipur, Delhi - DPCC",13
site_5024,Delhi,Delhi,"Alipur, Delhi - DPCC",2025-06-21 13:45:00+00:00,2025-06-21 13:45:00+00:00,36.5,47.0,,239.0,0.0,0.0,551.0,978.0,,pm10,86.0,"Alipur, Delhi - DPCC",13
site_5024,Delhi,Delhi,"Alipur, Delhi - DPCC",2025-06-21 13:45:00+00:00,2025-06-21 13:45:00+00:00,36.5,47.0,,239.0,0.0,0.0,551.0,978.0,,toluene,0.2,"Alipur, Delhi - DPCC",13
site_108,Delhi,Delhi,"Aya Nagar, Delhi - IMD",2025-06-21 14:00:00+00:00,2025-06-21 14:00:00+00:00,,,,,,0.0,,,,pm10,94.12,"Aya Nagar, Delhi - IMD",14
site_108,Delhi,Delhi,"Aya Nagar, Delhi - IMD",2025-06-21 14:00:00+00:00,2025-06-21 14:00:00+00:00,,,,,,0.0,,,,ozone,99.8,"Aya Nagar, Delhi - IMD",14
site_108,Delhi,Delhi,"Aya Nagar, Delhi - IMD",2025-06-21 14:00:00+00:00,2025-06-21 14:00:00+00:00,,,,,,0.0,,,,no2,12.29,"Aya Nagar, Delhi - IMD",14
site_108,Delhi,Delhi,"Aya Nagar, Delhi - IMD",2025-06-21 14:00:00+00:00,2025-06-21 14:00:00+00:00,,,,,,0.0,,,,no,4.44,"Aya Nagar, Delhi - IMD",14
site_108,Delhi,Delhi,"Aya Nagar, Delhi - IMD",2025-06-21 14:00:00+00:00,2025-06-21 14:00:00+00:00,,,,,,0.0,,,,co,0.95,"Aya Nagar, Delhi - IMD",14
site_301,Delhi,Delhi,"Anand Vihar, Delhi - DPCC",2025-06-21 14:00:00+00:00,2025-06-21 14:00:00+00:00,35.5,52.0,0.6,227.0,,0.0,296.0,742.0,,benzene,0.6,"Anand Vihar, Delhi - DPCC",14
site_1560,Delhi,Delhi,"Bawana, Delhi - DPCC",2025-06-21 14:00:00+00:00,2025-06-21 14:00:00+00:00,37.2,49.0,3.0,121.0,0.0,0.0,317.0,975.0,,so2,4.8,"Bawana, Delhi - DPCC",14
site_104,Delhi,Delhi,"Burari Crossing, Delhi - IMD",2025-06-21 14:00:00+00:00,2025-06-21 14:00:00+00:00,,,,,,0.0,,,,pm10,55.49,"Burari Crossing, Delhi - IMD",14
site_108,Delhi,Delhi,"Aya Nagar, Delhi - IMD",2025-06-21 14:00:00+00:00,2025-06-21 14:00:00+00:00,,,,,,0.0,,,,pm25,32.9,"Aya Nagar, Delhi - IMD",14
site_104,Delhi,Delhi,"Burari Crossing, Delhi - IMD",2025-06-21 14:00:00+00:00,2025-06-21 14:00:00+00:00,,,,,,0.0,,,,ozone,94.65,"Burari Crossing, Delhi - IMD",14
site_104,Delhi,Delhi,"Burari Crossing, Delhi - IMD",2025-06-21 14:00:00+00:00,2025-06-21 14:00:00+00:00,,,,,,0.0,,,,no,8.1,"Burari Crossing, Delhi - IMD",14
site_104,Delhi,Delhi,"Burari Crossing, Delhi - IMD",2025-06-21 14:00:00+00:00,2025-06-21 14:00:00+00:00,,,,,,0.0,,,,co,0.77,"Burari Crossing, Delhi - IMD",14
site_104,Delhi,Delhi,"Burari Crossing, Delhi - IMD",2025-06-21 14:00:00+00:00,2025-06-21 14:00:00+00:00,,,,,,0.0,,,,pm25,28.69,"Burari Crossing, Delhi - IMD",14
site_1560,Delhi,Delhi,"Bawana, Delhi - DPCC",2025-06-21 14:00:00+00:00,2025-06-21 14:00:00+00:00,37.2,49.0,3.0,121.0,0.0,0.0,317.0,975.0,,benzene,0.4,"Bawana, Delhi - DPCC",14
site_1560,Delhi,Delhi,"Bawana, Delhi - DPCC",2025-06-21 14:00:00+00:00,2025-06-21 14:00:00+00:00,37.2,49.0,3.0,121.0,0.0,0.0,317.0,975.0,,ozone,17.2,"Bawana, Delhi - DPCC",14
site_1560,Delhi,Delhi,"Bawana, Delhi - DPCC",2025-06-21 14:00:00+00:00,2025-06-21 14:00:00+00:00,37.2,49.0,3.0,121.0,0.0,0.0,317.0,975.0,,nh3,41.1,"Bawana, Delhi - DPCC",14
site_1560,Delhi,Delhi,"Bawana, Delhi - DPCC",2025-06-21 14:00:00+00:00,2025-06-21 14:00:00+00:00,37.2,49.0,3.0,121.0,0.0,0.0,317.0,975.0,,no,3.5,"Bawana, Delhi - DPCC",14
site_1560,Delhi,Delhi,"Bawana, Delhi - DPCC",2025-06-21 14:00:00+00:00,2025-06-21 14:00:00+00:00,37.2,49.0,3.0,121.0,0.0,0.0,317.0,975.0,,no2,7.3,"Bawana, Delhi - DPCC",14
site_301,Delhi,Delhi,"Anand Vihar, Delhi - DPCC",2025-06-21 14:00:00+00:00,2025-06-21 14:00:00+00:00,35.5,52.0,0.6,227.0,,0.0,296.0,742.0,,co,1.17,"Anand Vihar, Delhi - DPCC",14
site_1560,Delhi,Delhi,"Bawana, Delhi - DPCC",2025-06-21 14:00:00+00:00,2025-06-21 14:00:00+00:00,37.2,49.0,3.0,121.0,0.0,0.0,317.0,975.0,,pm10,69.0,"Bawana, Delhi - DPCC",14
site_1560,Delhi,Delhi,"Bawana, Delhi - DPCC",2025-06-21 14:00:00+00:00,2025-06-21 14:00:00+00:00,37.2,49.0,3.0,121.0,0.0,0.0,317.0,975.0,,pm25,39.0,"Bawana, Delhi - DPCC",14
site_1560,Delhi,Delhi,"Bawana, Delhi - DPCC",2025-06-21 14:00:00+00:00,2025-06-21 14:00:00+00:00,37.2,49.0,3.0,121.0,0.0,0.0,317.0,975.0,,toluene,2.6,"Bawana, Delhi - DPCC",14
site_1420,Delhi,Delhi,"Ashok Vihar, Delhi - DPCC",2025-06-21 14:00:00+00:00,2025-06-21 14:00:00+00:00,35.7,50.0,2.8,142.0,0.0,0.0,359.0,982.0,,no2,10.7,"Ashok Vihar, Delhi - DPCC",14
site_1420,Delhi,Delhi,"Ashok Vihar, Delhi - DPCC",2025-06-21 14:00:00+00:00,2025-06-21 14:00:00+00:00,35.7,50.0,2.8,142.0,0.0,0.0,359.0,982.0,,ozone,66.8,"Ashok Vihar, Delhi - DPCC",14
site_1420,Delhi,Delhi,"Ashok Vihar, Delhi - DPCC",2025-06-21 14:00:00+00:00,2025-06-21 14:00:00+00:00,35.7,50.0,2.8,142.0,0.0,0.0,359.0,982.0,,pm10,62.0,"Ashok Vihar, Delhi - DPCC",14
site_1420,Delhi,Delhi,"Ashok Vihar, Delhi - DPCC",2025-06-21 14:00:00+00:00,2025-06-21 14:00:00+00:00,35.7,50.0,2.8,142.0,0.0,0.0,359.0,982.0,,pm25,20.0,"Ashok Vihar, Delhi - DPCC",14
site_1420,Delhi,Delhi,"Ashok Vihar, Delhi - DPCC",2025-06-21 14:00:00+00:00,2025-06-21 14:00:00+00:00,35.7,50.0,2.8,142.0,0.0,0.0,359.0,982.0,,toluene,1.1,"Ashok Vihar, Delhi - DPCC",14
site_1560,Delhi,Delhi,"Bawana, Delhi - DPCC",2025-06-21 14:00:00+00:00,2025-06-21 14:00:00+00:00,37.2,49.0,3.0,121.0,0.0,0.0,317.0,975.0,,co,0.6,"Bawana, Delhi - DPCC",14
site_301,Delhi,Delhi,"Anand Vihar, Delhi - DPCC",2025-06-21 14:00:00+00:00,2025-06-21 14:00:00+00:00,35.5,52.0,0.6,227.0,,0.0,296.0,742.0,,nh3,14.2,"Anand Vihar, Delhi - DPCC",14
site_104,Delhi,Delhi,"Burari Crossing, Delhi - IMD",2025-06-21 14:00:00+00:00,2025-06-21 14:00:00+00:00,,,,,,0.0,,,,no2,31.75,"Burari Crossing, Delhi - IMD",14
site_301,Delhi,Delhi,"Anand Vihar, Delhi - DPCC",2025-06-21 14:00:00+00:00,2025-06-21 14:00:00+00:00,35.5,52.0,0.6,227.0,,0.0,296.0,742.0,,no2,29.9,"Anand Vihar, Delhi - DPCC",14
site_1420,Delhi,Delhi,"Ashok Vihar, Delhi - DPCC",2025-06-21 14:00:00+00:00,2025-06-21 14:00:00+00:00,35.7,50.0,2.8,142.0,0.0,0.0,359.0,982.0,,benzene,0.0,"Ashok Vihar, Delhi - DPCC",14
site_1420,Delhi,Delhi,"Ashok Vihar, Delhi - DPCC",2025-06-21 14:00:00+00:00,2025-06-21 14:00:00+00:00,35.7,50.0,2.8,142.0,0.0,0.0,359.0,982.0,,nh3,36.6,"Ashok Vihar, Delhi - DPCC",14
site_1420,Delhi,Delhi,"Ashok Vihar, Delhi - DPCC",2025-06-21 14:00:00+00:00,2025-06-21 14:00:00+00:00,35.7,50.0,2.8,142.0,0.0,0.0,359.0,982.0,,no,4.1,"Ashok Vihar, Delhi - DPCC",14
site_5024,Delhi,Delhi,"Alipur, Delhi - DPCC",2025-06-21 14:00:00+00:00,2025-06-21 14:00:00+00:00,36.8,46.0,,244.0,0.0,0.0,585.0,978.0,,benzene,0.3,"Alipur, Delhi - DPCC",14
site_5024,Delhi,Delhi,"Alipur, Delhi - DPCC",2025-06-21 14:00:00+00:00,2025-06-21 14:00:00+00:00,36.8,46.0,,244.0,0.0,0.0,585.0,978.0,,nh3,54.3,"Alipur, Delhi - DPCC",14
site_5024,Delhi,Delhi,"Alipur, Delhi - DPCC",2025-06-21 14:00:00+00:00,2025-06-21 14:00:00+00:00,36.8,46.0,,244.0,0.0,0.0,585.0,978.0,,no,2.6,"Alipur, Delhi - DPCC",14
site_5024,Delhi,Delhi,"Alipur, Delhi - DPCC",2025-06-21 14:00:00+00:00,2025-06-21 14:00:00+00:00,36.8,46.0,,244.0,0.0,0.0,585.0,978.0,,no2,16.1,"Alipur, Delhi - DPCC",14
site_5024,Delhi,Delhi,"Alipur, Delhi - DPCC",2025-06-21 14:00:00+00:00,2025-06-21 14:00:00+00:00,36.8,46.0,,244.0,0.0,0.0,585.0,978.0,,ozone,71.5,"Alipur, Delhi - DPCC",14
site_5024,Delhi,Delhi,"Alipur, Delhi - DPCC",2025-06-21 14:00:00+00:00,2025-06-21 14:00:00+00:00,36.8,46.0,,244.0,0.0,0.0,585.0,978.0,,pm10,94.0,"Alipur, Delhi - DPCC",14
site_5024,Delhi,Delhi,"Alipur, Delhi - DPCC",2025-06-21 14:00:00+00:00,2025-06-21 14:00:00+00:00,36.8,46.0,,244.0,0.0,0.0,585.0,978.0,,so2,8.8,"Alipur, Delhi - DPCC",14
site_301,Delhi,Delhi,"Anand Vihar, Delhi - DPCC",2025-06-21 14:00:00+00:00,2025-06-21 14:00:00+00:00,35.5,52.0,0.6,227.0,,0.0,296.0,742.0,,no,11.2,"Anand Vihar, Delhi - DPCC",14
site_5024,Delhi,Delhi,"Alipur, Delhi - DPCC",2025-06-21 14:00:00+00:00,2025-06-21 14:00:00+00:00,36.8,46.0,,244.0,0.0,0.0,585.0,978.0,,toluene,0.2,"Alipur, Delhi - DPCC",14
site_301,Delhi,Delhi,"Anand Vihar, Delhi - DPCC",2025-06-21 14:00:00+00:00,2025-06-21 14:00:00+00:00,35.5,52.0,0.6,227.0,,0.0,296.0,742.0,,so2,58.5,"Anand Vihar, Delhi - DPCC",14
site_301,Delhi,Delhi,"Anand Vihar, Delhi - DPCC",2025-06-21 14:00:00+00:00,2025-06-21 14:00:00+00:00,35.5,52.0,0.6,227.0,,0.0,296.0,742.0,,ozone,41.0,"Anand Vihar, Delhi - DPCC",14
site_301,Delhi,Delhi,"Anand Vihar, Delhi - DPCC",2025-06-21 14:00:00+00:00,2025-06-21 14:00:00+00:00,35.5,52.0,0.6,227.0,,0.0,296.0,742.0,,pm10,63.0,"Anand Vihar, Delhi - DPCC",14
site_301,Delhi,Delhi,"Anand Vihar, Delhi - DPCC",2025-06-21 14:00:00+00:00,2025-06-21 14:00:00+00:00,35.5,52.0,0.6,227.0,,0.0,296.0,742.0,,pm25,28.0,"Anand Vihar, Delhi - DPCC",14
site_301,Delhi,Delhi,"Anand Vihar, Delhi - DPCC",2025-06-21 14:00:00+00:00,2025-06-21 14:00:00+00:00,35.5,52.0,0.6,227.0,,0.0,296.0,742.0,,toluene,6.6,"Anand Vihar, Delhi - DPCC",14
site_1560,Delhi,Delhi,"Bawana, Delhi - DPCC",2025-06-21 14:15:00+00:00,2025-06-21 14:15:00+00:00,36.5,50.0,2.5,160.0,0.0,0.0,405.0,977.0,,nh3,38.6,"Bawana, Delhi - DPCC",14
site_1560,Delhi,Delhi,"Bawana, Delhi - DPCC",2025-06-21 14:15:00+00:00,2025-06-21 14:15:00+00:00,36.5,50.0,2.5,160.0,0.0,0.0,405.0,977.0,,no,3.2,"Bawana, Delhi - DPCC",14
site_1560,Delhi,Delhi,"Bawana, Delhi - DPCC",2025-06-21 14:15:00+00:00,2025-06-21 14:15:00+00:00,36.5,50.0,2.5,160.0,0.0,0.0,405.0,977.0,,no2,7.3,"Bawana, Delhi - DPCC",14
site_1560,Delhi,Delhi,"Bawana, Delhi - DPCC",2025-06-21 14:15:00+00:00,2025-06-21 14:15:00+00:00,36.5,50.0,2.5,160.0,0.0,0.0,405.0,977.0,,ozone,16.2,"Bawana, Delhi - DPCC",14
site_1560,Delhi,Delhi,"Bawana, Delhi - DPCC",2025-06-21 14:15:00+00:00,2025-06-21 14:15:00+00:00,36.5,50.0,2.5,160.0,0.0,0.0,405.0,977.0,,pm10,69.0,"Bawana, Delhi - DPCC",14
site_301,Delhi,Delhi,"Anand Vihar, Delhi - DPCC",2025-06-21 14:15:00+00:00,2025-06-21 14:15:00+00:00,35.7,52.0,0.8,269.0,,0.0,296.0,742.0,,pm10,63.0,"Anand Vihar, Delhi - DPCC",14
site_1420,Delhi,Delhi,"Ashok Vihar, Delhi - DPCC",2025-06-21 14:15:00+00:00,2025-06-21 14:15:00+00:00,35.0,52.0,2.4,135.0,0.0,0.0,428.0,982.0,,pm25,20.0,"Ashok Vihar, Delhi - DPCC",14
site_1560,Delhi,Delhi,"Bawana, Delhi - DPCC",2025-06-21 14:15:00+00:00,2025-06-21 14:15:00+00:00,36.5,50.0,2.5,160.0,0.0,0.0,405.0,977.0,,so2,4.7,"Bawana, Delhi - DPCC",14
site_1420,Delhi,Delhi,"Ashok Vihar, Delhi - DPCC",2025-06-21 14:15:00+00:00,2025-06-21 14:15:00+00:00,35.0,52.0,2.4,135.0,0.0,0.0,428.0,982.0,,toluene,0.5,"Ashok Vihar, Delhi - DPCC",14
site_1420,Delhi,Delhi,"Ashok Vihar, Delhi - DPCC",2025-06-21 14:15:00+00:00,2025-06-21 14:15:00+00:00,35.0,52.0,2.4,135.0,0.0,0.0,428.0,982.0,,so2,11.9,"Ashok Vihar, Delhi - DPCC",14
site_1560,Delhi,Delhi,"Bawana, Delhi - DPCC",2025-06-21 14:15:00+00:00,2025-06-21 14:15:00+00:00,36.5,50.0,2.5,160.0,0.0,0.0,405.0,977.0,,pm25,39.0,"Bawana, Delhi - DPCC",14
site_1560,Delhi,Delhi,"Bawana, Delhi - DPCC",2025-06-21 14:15:00+00:00,2025-06-21 14:15:00+00:00,36.5,50.0,2.5,160.0,0.0,0.0,405.0,977.0,,co,0.6,"Bawana, Delhi - DPCC",14
site_1560,Delhi,Delhi,"Bawana, Delhi - DPCC",2025-06-21 14:15:00+00:00,2025-06-21 14:15:00+00:00,36.5,50.0,2.5,160.0,0.0,0.0,405.0,977.0,,benzene,0.5,"Bawana, Delhi - DPCC",14
site_301,Delhi,Delhi,"Anand Vihar, Delhi - DPCC",2025-06-21 14:15:00+00:00,2025-06-21 14:15:00+00:00,35.7,52.0,0.8,269.0,,0.0,296.0,742.0,,benzene,0.7,"Anand Vihar, Delhi - DPCC",14
site_301,Delhi,Delhi,"Anand Vihar, Delhi - DPCC",2025-06-21 14:15:00+00:00,2025-06-21 14:15:00+00:00,35.7,52.0,0.8,269.0,,0.0,296.0,742.0,,co,1.24,"Anand Vihar, Delhi - DPCC",14
site_301,Delhi,Delhi,"Anand Vihar, Delhi - DPCC",2025-06-21 14:15:00+00:00,2025-06-21 14:15:00+00:00,35.7,52.0,0.8,269.0,,0.0,296.0,742.0,,nh3,15.8,"Anand Vihar, Delhi - DPCC",14
site_301,Delhi,Delhi,"Anand Vihar, Delhi - DPCC",2025-06-21 14:15:00+00:00,2025-06-21 14:15:00+00:00,35.7,52.0,0.8,269.0,,0.0,296.0,742.0,,no,14.7,"Anand Vihar, Delhi - DPCC",14
site_301,Delhi,Delhi,"Anand Vihar, Delhi - DPCC",2025-06-21 14:15:00+00:00,2025-06-21 14:15:00+00:00,35.7,52.0,0.8,269.0,,0.0,296.0,742.0,,no2,26.8,"Anand Vihar, Delhi - DPCC",14
site_301,Delhi,Delhi,"Anand Vihar, Delhi - DPCC",2025-06-21 14:15:00+00:00,2025-06-21 14:15:00+00:00,35.7,52.0,0.8,269.0,,0.0,296.0,742.0,,toluene,6.9,"Anand Vihar, Delhi - DPCC",14
site_301,Delhi,Delhi,"Anand Vihar, Delhi - DPCC",2025-06-21 14:15:00+00:00,2025-06-21 14:15:00+00:00,35.7,52.0,0.8,269.0,,0.0,296.0,742.0,,so2,61.5,"Anand Vihar, Delhi - DPCC",14
site_301,Delhi,Delhi,"Anand Vihar, Delhi - DPCC",2025-06-21 14:15:00+00:00,2025-06-21 14:15:00+00:00,35.7,52.0,0.8,269.0,,0.0,296.0,742.0,,pm25,28.0,"Anand Vihar, Delhi - DPCC",14
site_108,Delhi,Delhi,"Aya Nagar, Delhi - IMD",2025-06-21 14:15:00+00:00,2025-06-21 14:15:00+00:00,,,,,,0.0,,,,pm25,36.62,"Aya Nagar, Delhi - IMD",14
site_108,Delhi,Delhi,"Aya Nagar, Delhi - IMD",2025-06-21 14:15:00+00:00,2025-06-21 14:15:00+00:00,,,,,,0.0,,,,pm10,91.77,"Aya Nagar, Delhi - IMD",14
site_108,Delhi,Delhi,"Aya Nagar, Delhi - IMD",2025-06-21 14:15:00+00:00,2025-06-21 14:15:00+00:00,,,,,,0.0,,,,ozone,105.93,"Aya Nagar, Delhi - IMD",14
site_108,Delhi,Delhi,"Aya Nagar, Delhi - IMD",2025-06-21 14:15:00+00:00,2025-06-21 14:15:00+00:00,,,,,,0.0,,,,no2,10.4,"Aya Nagar, Delhi - IMD",14
site_108,Delhi,Delhi,"Aya Nagar, Delhi - IMD",2025-06-21 14:15:00+00:00,2025-06-21 14:15:00+00:00,,,,,,0.0,,,,no,4.48,"Aya Nagar, Delhi - IMD",14
site_108,Delhi,Delhi,"Aya Nagar, Delhi - IMD",2025-06-21 14:15:00+00:00,2025-06-21 14:15:00+00:00,,,,,,0.0,,,,co,0.92,"Aya Nagar, Delhi - IMD",14
site_301,Delhi,Delhi,"Anand Vihar, Delhi - DPCC",2025-06-21 14:15:00+00:00,2025-06-21 14:15:00+00:00,35.7,52.0,0.8,269.0,,0.0,296.0,742.0,,ozone,31.2,"Anand Vihar, Delhi - DPCC",14
site_1420,Delhi,Delhi,"Ashok Vihar, Delhi - DPCC",2025-06-21 14:15:00+00:00,2025-06-21 14:15:00+00:00,35.0,52.0,2.4,135.0,0.0,0.0,428.0,982.0,,pm10,62.0,"Ashok Vihar, Delhi - DPCC",14
site_1560,Delhi,Delhi,"Bawana, Delhi - DPCC",2025-06-21 14:15:00+00:00,2025-06-21 14:15:00+00:00,36.5,50.0,2.5,160.0,0.0,0.0,405.0,977.0,,toluene,2.5,"Bawana, Delhi - DPCC",14
site_1420,Delhi,Delhi,"Ashok Vihar, Delhi - DPCC",2025-06-21 14:15:00+00:00,2025-06-21 14:15:00+00:00,35.0,52.0,2.4,135.0,0.0,0.0,428.0,982.0,,no2,10.3,"Ashok Vihar, Delhi - DPCC",14
site_5024,Delhi,Delhi,"Alipur, Delhi - DPCC",2025-06-21 14:15:00+00:00,2025-06-21 14:15:00+00:00,36.5,47.0,,270.0,0.0,0.0,458.0,978.0,,no,2.6,"Alipur, Delhi - DPCC",14
site_5024,Delhi,Delhi,"Alipur, Delhi - DPCC",2025-06-21 14:15:00+00:00,2025-06-21 14:15:00+00:00,36.5,47.0,,270.0,0.0,0.0,458.0,978.0,,no2,16.0,"Alipur, Delhi - DPCC",14
site_5024,Delhi,Delhi,"Alipur, Delhi - DPCC",2025-06-21 14:15:00+00:00,2025-06-21 14:15:00+00:00,36.5,47.0,,270.0,0.0,0.0,458.0,978.0,,ozone,67.1,"Alipur, Delhi - DPCC",14
site_5024,Delhi,Delhi,"Alipur, Delhi - DPCC",2025-06-21 14:15:00+00:00,2025-06-21 14:15:00+00:00,36.5,47.0,,270.0,0.0,0.0,458.0,978.0,,pm10,94.0,"Alipur, Delhi - DPCC",14
site_5024,Delhi,Delhi,"Alipur, Delhi - DPCC",2025-06-21 14:15:00+00:00,2025-06-21 14:15:00+00:00,36.5,47.0,,270.0,0.0,0.0,458.0,978.0,,so2,8.6,"Alipur, Delhi - DPCC",14
site_5024,Delhi,Delhi,"Alipur, Delhi - DPCC",2025-06-21 14:15:00+00:00,2025-06-21 14:15:00+00:00,36.5,47.0,,270.0,0.0,0.0,458.0,978.0,,toluene,0.2,"Alipur, Delhi - DPCC",14
site_5024,Delhi,Delhi,"Alipur, Delhi - DPCC",2025-06-21 14:15:00+00:00,2025-06-21 14:15:00+00:00,36.5,47.0,,270.0,0.0,0.0,458.0,978.0,,benzene,0.2,"Alipur, Delhi - DPCC",14
site_1420,Delhi,Delhi,"Ashok Vihar, Delhi - DPCC",2025-06-21 14:15:00+00:00,2025-06-21 14:15:00+00:00,35.0,52.0,2.4,135.0,0.0,0.0,428.0,982.0,,ozone,68.3,"Ashok Vihar, Delhi - DPCC",14
site_104,Delhi,Delhi,"Burari Crossing, Delhi - IMD",2025-06-21 14:15:00+00:00,2025-06-21 14:15:00+00:00,,,,,,0.0,,,,co,0.69,"Burari Crossing, Delhi - IMD",14
site_5024,Delhi,Delhi,"Alipur, Delhi - DPCC",2025-06-21 14:15:00+00:00,2025-06-21 14:15:00+00:00,36.5,47.0,,270.0,0.0,0.0,458.0,978.0,,nh3,53.2,"Alipur, Delhi - DPCC",14
site_104,Delhi,Delhi,"Burari Crossing, Delhi - IMD",2025-06-21 14:15:00+00:00,2025-06-21 14:15:00+00:00,,,,,,0.0,,,,no2,25.24,"Burari Crossing, Delhi - IMD",14
site_104,Delhi,Delhi,"Burari Crossing, Delhi - IMD",2025-06-21 14:15:00+00:00,2025-06-21 14:15:00+00:00,,,,,,0.0,,,,ozone,100.77,"Burari Crossing, Delhi - IMD",14
site_104,Delhi,Delhi,"Burari Crossing, Delhi - IMD",2025-06-21 14:15:00+00:00,2025-06-21 14:15:00+00:00,,,,,,0.0,,,,pm10,54.28,"Burari Crossing, Delhi - IMD",14
site_104,Delhi,Delhi,"Burari Crossing, Delhi - IMD",2025-06-21 14:15:00+00:00,2025-06-21 14:15:00+00:00,,,,,,0.0,,,,pm25,29.24,"Burari Crossing, Delhi - IMD",14
site_104,Delhi,Delhi,"Burari Crossing, Delhi - IMD",2025-06-21 14:15:00+00:00,2025-06-21 14:15:00+00:00,,,,,,0.0,,,,no,6.63,"Burari Crossing, Delhi - IMD",14
site_5024,Delhi,Delhi,"Alipur, Delhi - DPCC",2025-06-21 14:15:00+00:00,2025-06-21 14:15:00+00:00,36.5,47.0,,270.0,0.0,0.0,458.0,978.0,,co,0.89,"Alipur, Delhi - DPCC",14
site_1420,Delhi,Delhi,"Ashok Vihar, Delhi - DPCC",2025-06-21 14:15:00+00:00,2025-06-21 14:15:00+00:00,35.0,52.0,2.4,135.0,0.0,0.0,428.0,982.0,,benzene,0.0,"Ashok Vihar, Delhi - DPCC",14
site_1420,Delhi,Delhi,"Ashok Vihar, Delhi - DPCC",2025-06-21 14:15:00+00:00,2025-06-21 14:15:00+00:00,35.0,52.0,2.4,135.0,0.0,0.0,428.0,982.0,,no,3.9,"Ashok Vihar, Delhi - DPCC",14
site_1420,Delhi,Delhi,"Ashok Vihar, Delhi - DPCC",2025-06-21 14:15:00+00:00,2025-06-21 14:15:00+00:00,35.0,52.0,2.4,135.0,0.0,0.0,428.0,982.0,,nh3,35.3,"Ashok Vihar, Delhi - DPCC",14
site_1420,Delhi,Delhi,"Ashok Vihar, Delhi - DPCC",2025-06-21 14:15:00+00:00,2025-06-21 14:15:00+00:00,35.0,52.0,2.4,135.0,0.0,0.0,428.0,982.0,,co,0.78,"Ashok Vihar, Delhi - DPCC",14
site_1560,Delhi,Delhi,"Bawana, Delhi - DPCC",2025-06-21 14:30:00+00:00,2025-06-21 14:30:00+00:00,37.0,50.0,2.8,198.0,0.0,0.0,502.0,975.0,,pm25,39.0,"Bawana, Delhi - DPCC",14
site_1560,Delhi,Delhi,"Bawana, Delhi - DPCC",2025-06-21 14:30:00+00:00,2025-06-21 14:30:00+00:00,37.0,50.0,2.8,198.0,0.0,0.0,502.0,975.0,,pm10,69.0,"Bawana, Delhi - DPCC",14
site_1560,Delhi,Delhi,"Bawana, Delhi - DPCC",2025-06-21 14:30:00+00:00,2025-06-21 14:30:00+00:00,37.0,50.0,2.8,198.0,0.0,0.0,502.0,975.0,,ozone,15.8,"Bawana, Delhi - DPCC",14
site_1560,Delhi,Delhi,"Bawana, Delhi - DPCC",2025-06-21 14:30:00+00:00,2025-06-21 14:30:00+00:00,37.0,50.0,2.8,198.0,0.0,0.0,502.0,975.0,,no2,6.9,"Bawana, Delhi - DPCC",14
site_301,Delhi,Delhi,"Anand Vihar, Delhi - DPCC",2025-06-21 14:30:00+00:00,2025-06-21 14:30:00+00:00,35.8,51.0,1.6,261.0,,0.0,287.0,742.0,,benzene,0.6,"Anand Vihar, Delhi - DPCC",14
site_301,Delhi,Delhi,"Anand Vihar, Delhi - DPCC",2025-06-21 14:30:00+00:00,2025-06-21 14:30:00+00:00,35.8,51.0,1.6,261.0,,0.0,287.0,742.0,,co,1.26,"Anand Vihar, Delhi - DPCC",14
site_301,Delhi,Delhi,"Anand Vihar, Delhi - DPCC",2025-06-21 14:30:00+00:00,2025-06-21 14:30:00+00:00,35.8,51.0,1.6,261.0,,0.0,287.0,742.0,,toluene,7.1,"Anand Vihar, Delhi - DPCC",14
site_301,Delhi,Delhi,"Anand Vihar, Delhi - DPCC",2025-06-21 14:30:00+00:00,2025-06-21 14:30:00+00:00,35.8,51.0,1.6,261.0,,0.0,287.0,742.0,,nh3,15.7,"Anand Vihar, Delhi - DPCC",14
site_301,Delhi,Delhi,"Anand Vihar, Delhi - DPCC",2025-06-21 14:30:00+00:00,2025-06-21 14:30:00+00:00,35.8,51.0,1.6,261.0,,0.0,287.0,742.0,,no,11.6,"Anand Vihar, Delhi - DPCC",14
site_301,Delhi,Delhi,"Anand Vihar, Delhi - DPCC",2025-06-21 14:30:00+00:00,2025-06-21 14:30:00+00:00,35.8,51.0,1.6,261.0,,0.0,287.0,742.0,,no2,28.1,"Anand Vihar, Delhi - DPCC",14
site_301,Delhi,Delhi,"Anand Vihar, Delhi - DPCC",2025-06-21 14:30:00+00:00,2025-06-21 14:30:00+00:00,35.8,51.0,1.6,261.0,,0.0,287.0,742.0,,ozone,42.8,"Anand Vihar, Delhi - DPCC",14
site_301,Delhi,Delhi,"Anand Vihar, Delhi - DPCC",2025-06-21 14:30:00+00:00,2025-06-21 14:30:00+00:00,35.8,51.0,1.6,261.0,,0.0,287.0,742.0,,pm10,63.0,"Anand Vihar, Delhi - DPCC",14
site_301,Delhi,Delhi,"Anand Vihar, Delhi - DPCC",2025-06-21 14:30:00+00:00,2025-06-21 14:30:00+00:00,35.8,51.0,1.6,261.0,,0.0,287.0,742.0,,pm25,28.0,"Anand Vihar, Delhi - DPCC",14
site_1560,Delhi,Delhi,"Bawana, Delhi - DPCC",2025-06-21 14:30:00+00:00,2025-06-21 14:30:00+00:00,37.0,50.0,2.8,198.0,0.0,0.0,502.0,975.0,,nh3,38.3,"Bawana, Delhi - DPCC",14
site_1560,Delhi,Delhi,"Bawana, Delhi - DPCC",2025-06-21 14:30:00+00:00,2025-06-21 14:30:00+00:00,37.0,50.0,2.8,198.0,0.0,0.0,502.0,975.0,,co,0.58,"Bawana, Delhi - DPCC",14
site_1560,Delhi,Delhi,"Bawana, Delhi - DPCC",2025-06-21 14:30:00+00:00,2025-06-21 14:30:00+00:00,37.0,50.0,2.8,198.0,0.0,0.0,502.0,975.0,,benzene,0.6,"Bawana, Delhi - DPCC",14
site_301,Delhi,Delhi,"Anand Vihar, Delhi - DPCC",2025-06-21 14:30:00+00:00,2025-06-21 14:30:00+00:00,35.8,51.0,1.6,261.0,,0.0,287.0,742.0,,so2,61.3,"Anand Vihar, Delhi - DPCC",14
site_1560,Delhi,Delhi,"Bawana, Delhi - DPCC",2025-06-21 14:30:00+00:00,2025-06-21 14:30:00+00:00,37.0,50.0,2.8,198.0,0.0,0.0,502.0,975.0,,no,2.9,"Bawana, Delhi - DPCC",14
site_5024,Delhi,Delhi,"Alipur, Delhi - DPCC",2025-06-21 14:30:00+00:00,2025-06-21 14:30:00+00:00,36.6,47.0,,240.0,0.0,0.0,367.0,978.0,,benzene,0.3,"Alipur, Delhi - DPCC",14
site_5024,Delhi,Delhi,"Alipur, Delhi - DPCC",2025-06-21 14:30:00+00:00,2025-06-21 14:30:00+00:00,36.6,47.0,,240.0,0.0,0.0,367.0,978.0,,co,0.97,"Alipur, Delhi - DPCC",14
site_108,Delhi,Delhi,"Aya Nagar, Delhi - IMD",2025-06-21 14:30:00+00:00,2025-06-21 14:30:00+00:00,,,,,,0.0,,,,co,0.93,"Aya Nagar, Delhi - IMD",14
site_108,Delhi,Delhi,"Aya Nagar, Delhi - IMD",2025-06-21 14:30:00+00:00,2025-06-21 14:30:00+00:00,,,,,,0.0,,,,no,3.78,"Aya Nagar, Delhi - IMD",14
site_108,Delhi,Delhi,"Aya Nagar, Delhi - IMD",2025-06-21 14:30:00+00:00,2025-06-21 14:30:00+00:00,,,,,,0.0,,,,no2,11.63,"Aya Nagar, Delhi - IMD",14
site_108,Delhi,Delhi,"Aya Nagar, Delhi - IMD",2025-06-21 14:30:00+00:00,2025-06-21 14:30:00+00:00,,,,,,0.0,,,,ozone,130.23,"Aya Nagar, Delhi - IMD",14
site_108,Delhi,Delhi,"Aya Nagar, Delhi - IMD",2025-06-21 14:30:00+00:00,2025-06-21 14:30:00+00:00,,,,,,0.0,,,,pm10,72.47,"Aya Nagar, Delhi - IMD",14
site_108,Delhi,Delhi,"Aya Nagar, Delhi - IMD",2025-06-21 14:30:00+00:00,2025-06-21 14:30:00+00:00,,,,,,0.0,,,,pm25,24.47,"Aya Nagar, Delhi - IMD",14
site_104,Delhi,Delhi,"Burari Crossing, Delhi - IMD",2025-06-21 14:30:00+00:00,2025-06-21 14:30:00+00:00,,,,,,0.0,,,,pm10,58.03,"Burari Crossing, Delhi - IMD",14
site_104,Delhi,Delhi,"Burari Crossing, Delhi - IMD",2025-06-21 14:30:00+00:00,2025-06-21 14:30:00+00:00,,,,,,0.0,,,,ozone,92.11,"Burari Crossing, Delhi - IMD",14
site_1560,Delhi,Delhi,"Bawana, Delhi - DPCC",2025-06-21 14:30:00+00:00,2025-06-21 14:30:00+00:00,37.0,50.0,2.8,198.0,0.0,0.0,502.0,975.0,,so2,4.9,"Bawana, Delhi - DPCC",14
site_104,Delhi,Delhi,"Burari Crossing, Delhi - IMD",2025-06-21 14:30:00+00:00,2025-06-21 14:30:00+00:00,,,,,,0.0,,,,no2,23.8,"Burari Crossing, Delhi - IMD",14
site_104,Delhi,Delhi,"Burari Crossing, Delhi - IMD",2025-06-21 14:30:00+00:00,2025-06-21 14:30:00+00:00,,,,,,0.0,,,,co,0.66,"Burari Crossing, Delhi - IMD",14
site_5024,Delhi,Delhi,"Alipur, Delhi - DPCC",2025-06-21 14:30:00+00:00,2025-06-21 14:30:00+00:00,36.6,47.0,,240.0,0.0,0.0,367.0,978.0,,toluene,0.2,"Alipur, Delhi - DPCC",14
site_5024,Delhi,Delhi,"Alipur, Delhi - DPCC",2025-06-21 14:30:00+00:00,2025-06-21 14:30:00+00:00,36.6,47.0,,240.0,0.0,0.0,367.0,978.0,,so2,9.1,"Alipur, Delhi - DPCC",14
site_5024,Delhi,Delhi,"Alipur, Delhi - DPCC",2025-06-21 14:30:00+00:00,2025-06-21 14:30:00+00:00,36.6,47.0,,240.0,0.0,0.0,367.0,978.0,,pm10,94.0,"Alipur, Delhi - DPCC",14
site_5024,Delhi,Delhi,"Alipur, Delhi - DPCC",2025-06-21 14:30:00+00:00,2025-06-21 14:30:00+00:00,36.6,47.0,,240.0,0.0,0.0,367.0,978.0,,ozone,66.6,"Alipur, Delhi - DPCC",14
site_5024,Delhi,Delhi,"Alipur, Delhi - DPCC",2025-06-21 14:30:00+00:00,2025-06-21 14:30:00+00:00,36.6,47.0,,240.0,0.0,0.0,367.0,978.0,,no2,16.2,"Alipur, Delhi - DPCC",14
site_5024,Delhi,Delhi,"Alipur, Delhi - DPCC",2025-06-21 14:30:00+00:00,2025-06-21 14:30:00+00:00,36.6,47.0,,240.0,0.0,0.0,367.0,978.0,,no,2.9,"Alipur, Delhi - DPCC",14
site_5024,Delhi,Delhi,"Alipur, Delhi - DPCC",2025-06-21 14:30:00+00:00,2025-06-21 14:30:00+00:00,36.6,47.0,,240.0,0.0,0.0,367.0,978.0,,nh3,52.8,"Alipur, Delhi - DPCC",14
site_104,Delhi,Delhi,"Burari Crossing, Delhi - IMD",2025-06-21 14:30:00+00:00,2025-06-21 14:30:00+00:00,,,,,,0.0,,,,no,6.52,"Burari Crossing, Delhi - IMD",14
site_1560,Delhi,Delhi,"Bawana, Delhi - DPCC",2025-06-21 14:30:00+00:00,2025-06-21 14:30:00+00:00,37.0,50.0,2.8,198.0,0.0,0.0,502.0,975.0,,toluene,3.5,"Bawana, Delhi - DPCC",14
site_104,Delhi,Delhi,"Burari Crossing, Delhi - IMD",2025-06-21 14:30:00+00:00,2025-06-21 14:30:00+00:00,,,,,,0.0,,,,pm25,30.81,"Burari Crossing, Delhi - IMD",14
site_1420,Delhi,Delhi,"Ashok Vihar, Delhi - DPCC",2025-06-21 14:30:00+00:00,2025-06-21 14:30:00+00:00,35.1,51.0,3.8,88.0,0.0,0.0,505.0,982.0,,benzene,0.0,"Ashok Vihar, Delhi - DPCC",14
site_1420,Delhi,Delhi,"Ashok Vihar, Delhi - DPCC",2025-06-21 14:30:00+00:00,2025-06-21 14:30:00+00:00,35.1,51.0,3.8,88.0,0.0,0.0,505.0,982.0,,pm10,62.0,"Ashok Vihar, Delhi - DPCC",14
site_1420,Delhi,Delhi,"Ashok Vihar, Delhi - DPCC",2025-06-21 14:30:00+00:00,2025-06-21 14:30:00+00:00,35.1,51.0,3.8,88.0,0.0,0.0,505.0,982.0,,pm25,20.0,"Ashok Vihar, Delhi - DPCC",14
site_1420,Delhi,Delhi,"Ashok Vihar, Delhi - DPCC",2025-06-21 14:30:00+00:00,2025-06-21 14:30:00+00:00,35.1,51.0,3.8,88.0,0.0,0.0,505.0,982.0,,so2,10.9,"Ashok Vihar, Delhi - DPCC",14
site_1420,Delhi,Delhi,"Ashok Vihar, Delhi - DPCC",2025-06-21 14:30:00+00:00,2025-06-21 14:30:00+00:00,35.1,51.0,3.8,88.0,0.0,0.0,505.0,982.0,,toluene,0.7,"Ashok Vihar, Delhi - DPCC",14
site_1420,Delhi,Delhi,"Ashok Vihar, Delhi - DPCC",2025-06-21 14:30:00+00:00,2025-06-21 14:30:00+00:00,35.1,51.0,3.8,88.0,0.0,0.0,505.0,982.0,,ozone,73.1,"Ashok Vihar, Delhi - DPCC",14
site_1420,Delhi,Delhi,"Ashok Vihar, Delhi - DPCC",2025-06-21 14:30:00+00:00,2025-06-21 14:30:00+00:00,35.1,51.0,3.8,88.0,0.0,0.0,505.0,982.0,,no2,9.2,"Ashok Vihar, Delhi - DPCC",14
site_1420,Delhi,Delhi,"Ashok Vihar, Delhi - DPCC",2025-06-21 14:30:00+00:00,2025-06-21 14:30:00+00:00,35.1,51.0,3.8,88.0,0.0,0.0,505.0,982.0,,no,4.7,"Ashok Vihar, Delhi - DPCC",14
site_1420,Delhi,Delhi,"Ashok Vihar, Delhi - DPCC",2025-06-21 14:30:00+00:00,2025-06-21 14:30:00+00:00,35.1,51.0,3.8,88.0,0.0,0.0,505.0,982.0,,co,0.79,"Ashok Vihar, Delhi - DPCC",14
site_1420,Delhi,Delhi,"Ashok Vihar, Delhi - DPCC",2025-06-21 14:30:00+00:00,2025-06-21 14:30:00+00:00,35.1,51.0,3.8,88.0,0.0,0.0,505.0,982.0,,nh3,33.4,"Ashok Vihar, Delhi - DPCC",14
site_1420,Delhi,Delhi,"Ashok Vihar, Delhi - DPCC",2025-06-21 14:45:00+00:00,2025-06-21 14:45:00+00:00,35.4,50.0,2.6,142.0,0.0,0.0,398.0,982.0,,ozone,74.5,"Ashok Vihar, Delhi - DPCC",14
site_1420,Delhi,Delhi,"Ashok Vihar, Delhi - DPCC",2025-06-21 14:45:00+00:00,2025-06-21 14:45:00+00:00,35.4,50.0,2.6,142.0,0.0,0.0,398.0,982.0,,no2,9.2,"Ashok Vihar, Delhi - DPCC",14
site_1560,Delhi,Delhi,"Bawana, Delhi - DPCC",2025-06-21 14:45:00+00:00,2025-06-21 14:45:00+00:00,37.4,48.0,2.0,118.0,0.0,0.0,399.0,975.0,,no,2.8,"Bawana, Delhi - DPCC",14
site_1420,Delhi,Delhi,"Ashok Vihar, Delhi - DPCC",2025-06-21 14:45:00+00:00,2025-06-21 14:45:00+00:00,35.4,50.0,2.6,142.0,0.0,0.0,398.0,982.0,,no,4.7,"Ashok Vihar, Delhi - DPCC",14
site_1420,Delhi,Delhi,"Ashok Vihar, Delhi - DPCC",2025-06-21 14:45:00+00:00,2025-06-21 14:45:00+00:00,35.4,50.0,2.6,142.0,0.0,0.0,398.0,982.0,,nh3,34.5,"Ashok Vihar, Delhi - DPCC",14
site_1420,Delhi,Delhi,"Ashok Vihar, Delhi - DPCC",2025-06-21 14:45:00+00:00,2025-06-21 14:45:00+00:00,35.4,50.0,2.6,142.0,0.0,0.0,398.0,982.0,,co,0.76,"Ashok Vihar, Delhi - DPCC",14
site_1420,Delhi,Delhi,"Ashok Vihar, Delhi - DPCC",2025-06-21 14:45:00+00:00,2025-06-21 14:45:00+00:00,35.4,50.0,2.6,142.0,0.0,0.0,398.0,982.0,,benzene,0.0,"Ashok Vihar, Delhi - DPCC",14
site_1420,Delhi,Delhi,"Ashok Vihar, Delhi - DPCC",2025-06-21 14:45:00+00:00,2025-06-21 14:45:00+00:00,35.4,50.0,2.6,142.0,0.0,0.0,398.0,982.0,,pm10,62.0,"Ashok Vihar, Delhi - DPCC",14
site_5024,Delhi,Delhi,"Alipur, Delhi - DPCC",2025-06-21 14:45:00+00:00,2025-06-21 14:45:00+00:00,36.3,47.0,,244.0,0.0,0.0,324.0,978.0,,benzene,0.3,"Alipur, Delhi - DPCC",14
site_1560,Delhi,Delhi,"Bawana, Delhi - DPCC",2025-06-21 14:45:00+00:00,2025-06-21 14:45:00+00:00,37.4,48.0,2.0,118.0,0.0,0.0,399.0,975.0,,no2,6.9,"Bawana, Delhi - DPCC",14
site_5024,Delhi,Delhi,"Alipur, Delhi - DPCC",2025-06-21 14:45:00+00:00,2025-06-21 14:45:00+00:00,36.3,47.0,,244.0,0.0,0.0,324.0,978.0,,nh3,52.7,"Alipur, Delhi - DPCC",14
site_108,Delhi,Delhi,"Aya Nagar, Delhi - IMD",2025-06-21 14:45:00+00:00,2025-06-21 14:45:00+00:00,,,,,,0.0,,,,pm25,23.75,"Aya Nagar, Delhi - IMD",14
site_5024,Delhi,Delhi,"Alipur, Delhi - DPCC",2025-06-21 14:45:00+00:00,2025-06-21 14:45:00+00:00,36.3,47.0,,244.0,0.0,0.0,324.0,978.0,,no,2.9,"Alipur, Delhi - DPCC",14
site_5024,Delhi,Delhi,"Alipur, Delhi - DPCC",2025-06-21 14:45:00+00:00,2025-06-21 14:45:00+00:00,36.3,47.0,,244.0,0.0,0.0,324.0,978.0,,no2,15.9,"Alipur, Delhi - DPCC",14
site_5024,Delhi,Delhi,"Alipur, Delhi - DPCC",2025-06-21 14:45:00+00:00,2025-06-21 14:45:00+00:00,36.3,47.0,,244.0,0.0,0.0,324.0,978.0,,ozone,67.2,"Alipur, Delhi - DPCC",14
site_5024,Delhi,Delhi,"Alipur, Delhi - DPCC",2025-06-21 14:45:00+00:00,2025-06-21 14:45:00+00:00,36.3,47.0,,244.0,0.0,0.0,324.0,978.0,,pm10,94.0,"Alipur, Delhi - DPCC",14
site_1420,Delhi,Delhi,"Ashok Vihar, Delhi - DPCC",2025-06-21 14:45:00+00:00,2025-06-21 14:45:00+00:00,35.4,50.0,2.6,142.0,0.0,0.0,398.0,982.0,,toluene,0.6,"Ashok Vihar, Delhi - DPCC",14
site_1420,Delhi,Delhi,"Ashok Vihar, Delhi - DPCC",2025-06-21 14:45:00+00:00,2025-06-21 14:45:00+00:00,35.4,50.0,2.6,142.0,0.0,0.0,398.0,982.0,,so2,9.8,"Ashok Vihar, Delhi - DPCC",14
site_1420,Delhi,Delhi,"Ashok Vihar, Delhi - DPCC",2025-06-21 14:45:00+00:00,2025-06-21 14:45:00+00:00,35.4,50.0,2.6,142.0,0.0,0.0,398.0,982.0,,pm25,20.0,"Ashok Vihar, Delhi - DPCC",14
site_5024,Delhi,Delhi,"Alipur, Delhi - DPCC",2025-06-21 14:45:00+00:00,2025-06-21 14:45:00+00:00,36.3,47.0,,244.0,0.0,0.0,324.0,978.0,,so2,6.5,"Alipur, Delhi - DPCC",14
site_5024,Delhi,Delhi,"Alipur, Delhi - DPCC",2025-06-21 14:45:00+00:00,2025-06-21 14:45:00+00:00,36.3,47.0,,244.0,0.0,0.0,324.0,978.0,,toluene,0.2,"Alipur, Delhi - DPCC",14
site_5024,Delhi,Delhi,"Alipur, Delhi - DPCC",2025-06-21 14:45:00+00:00,2025-06-21 14:45:00+00:00,36.3,47.0,,244.0,0.0,0.0,324.0,978.0,,co,0.97,"Alipur, Delhi - DPCC",14
site_301,Delhi,Delhi,"Anand Vihar, Delhi - DPCC",2025-06-21 14:45:00+00:00,2025-06-21 14:45:00+00:00,35.1,53.0,1.6,252.0,,0.0,301.0,742.0,,co,1.29,"Anand Vihar, Delhi - DPCC",14
site_301,Delhi,Delhi,"Anand Vihar, Delhi - DPCC",2025-06-21 14:45:00+00:00,2025-06-21 14:45:00+00:00,35.1,53.0,1.6,252.0,,0.0,301.0,742.0,,benzene,0.6,"Anand Vihar, Delhi - DPCC",14
site_104,Delhi,Delhi,"Burari Crossing, Delhi - IMD",2025-06-21 14:45:00+00:00,2025-06-21 14:45:00+00:00,,,,,,0.0,,,,no2,23.65,"Burari Crossing, Delhi - IMD",14
site_301,Delhi,Delhi,"Anand Vihar, Delhi - DPCC",2025-06-21 14:45:00+00:00,2025-06-21 14:45:00+00:00,35.1,53.0,1.6,252.0,,0.0,301.0,742.0,,no2,30.0,"Anand Vihar, Delhi - DPCC",14
site_301,Delhi,Delhi,"Anand Vihar, Delhi - DPCC",2025-06-21 14:45:00+00:00,2025-06-21 14:45:00+00:00,35.1,53.0,1.6,252.0,,0.0,301.0,742.0,,ozone,38.3,"Anand Vihar, Delhi - DPCC",14
site_301,Delhi,Delhi,"Anand Vihar, Delhi - DPCC",2025-06-21 14:45:00+00:00,2025-06-21 14:45:00+00:00,35.1,53.0,1.6,252.0,,0.0,301.0,742.0,,pm10,63.0,"Anand Vihar, Delhi - DPCC",14
site_301,Delhi,Delhi,"Anand Vihar, Delhi - DPCC",2025-06-21 14:45:00+00:00,2025-06-21 14:45:00+00:00,35.1,53.0,1.6,252.0,,0.0,301.0,742.0,,pm25,28.0,"Anand Vihar, Delhi - DPCC",14
site_301,Delhi,Delhi,"Anand Vihar, Delhi - DPCC",2025-06-21 14:45:00+00:00,2025-06-21 14:45:00+00:00,35.1,53.0,1.6,252.0,,0.0,301.0,742.0,,so2,59.0,"Anand Vihar, Delhi - DPCC",14
site_301,Delhi,Delhi,"Anand Vihar, Delhi - DPCC",2025-06-21 14:45:00+00:00,2025-06-21 14:45:00+00:00,35.1,53.0,1.6,252.0,,0.0,301.0,742.0,,toluene,8.3,"Anand Vihar, Delhi - DPCC",14
site_104,Delhi,Delhi,"Burari Crossing, Delhi - IMD",2025-06-21 14:45:00+00:00,2025-06-21 14:45:00+00:00,,,,,,0.0,,,,no,6.65,"Burari Crossing, Delhi - IMD",14
site_1560,Delhi,Delhi,"Bawana, Delhi - DPCC",2025-06-21 14:45:00+00:00,2025-06-21 14:45:00+00:00,37.4,48.0,2.0,118.0,0.0,0.0,399.0,975.0,,toluene,3.7,"Bawana, Delhi - DPCC",14
site_1560,Delhi,Delhi,"Bawana, Delhi - DPCC",2025-06-21 14:45:00+00:00,2025-06-21 14:45:00+00:00,37.4,48.0,2.0,118.0,0.0,0.0,399.0,975.0,,pm25,39.0,"Bawana, Delhi - DPCC",14
site_1560,Delhi,Delhi,"Bawana, Delhi - DPCC",2025-06-21 14:45:00+00:00,2025-06-21 14:45:00+00:00,37.4,48.0,2.0,118.0,0.0,0.0,399.0,975.0,,pm10,69.0,"Bawana, Delhi - DPCC",14
site_1560,Delhi,Delhi,"Bawana, Delhi - DPCC",2025-06-21 14:45:00+00:00,2025-06-21 14:45:00+00:00,37.4,48.0,2.0,118.0,0.0,0.0,399.0,975.0,,ozone,15.2,"Bawana, Delhi - DPCC",14
site_1560,Delhi,Delhi,"Bawana, Delhi - DPCC",2025-06-21 14:45:00+00:00,2025-06-21 14:45:00+00:00,37.4,48.0,2.0,118.0,0.0,0.0,399.0,975.0,,benzene,0.7,"Bawana, Delhi - DPCC",14
site_1560,Delhi,Delhi,"Bawana, Delhi - DPCC",2025-06-21 14:45:00+00:00,2025-06-21 14:45:00+00:00,37.4,48.0,2.0,118.0,0.0,0.0,399.0,975.0,,co,0.56,"Bawana, Delhi - DPCC",14
site_1560,Delhi,Delhi,"Bawana, Delhi - DPCC",2025-06-21 14:45:00+00:00,2025-06-21 14:45:00+00:00,37.4,48.0,2.0,118.0,0.0,0.0,399.0,975.0,,nh3,38.6,"Bawana, Delhi - DPCC",14
site_1560,Delhi,Delhi,"Bawana, Delhi - DPCC",2025-06-21 14:45:00+00:00,2025-06-21 14:45:00+00:00,37.4,48.0,2.0,118.0,0.0,0.0,399.0,975.0,,so2,5.0,"Bawana, Delhi - DPCC",14
site_108,Delhi,Delhi,"Aya Nagar, Delhi - IMD",2025-06-21 14:45:00+00:00,2025-06-21 14:45:00+00:00,,,,,,0.0,,,,co,0.94,"Aya Nagar, Delhi - IMD",14
site_301,Delhi,Delhi,"Anand Vihar, Delhi - DPCC",2025-06-21 14:45:00+00:00,2025-06-21 14:45:00+00:00,35.1,53.0,1.6,252.0,,0.0,301.0,742.0,,no,11.1,"Anand Vihar, Delhi - DPCC",14
site_108,Delhi,Delhi,"Aya Nagar, Delhi - IMD",2025-06-21 14:45:00+00:00,2025-06-21 14:45:00+00:00,,,,,,0.0,,,,no2,10.16,"Aya Nagar, Delhi - IMD",14
site_301,Delhi,Delhi,"Anand Vihar, Delhi - DPCC",2025-06-21 14:45:00+00:00,2025-06-21 14:45:00+00:00,35.1,53.0,1.6,252.0,,0.0,301.0,742.0,,nh3,20.2,"Anand Vihar, Delhi - DPCC",14
site_104,Delhi,Delhi,"Burari Crossing, Delhi - IMD",2025-06-21 14:45:00+00:00,2025-06-21 14:45:00+00:00,,,,,,0.0,,,,co,0.65,"Burari Crossing, Delhi - IMD",14
site_108,Delhi,Delhi,"Aya Nagar, Delhi - IMD",2025-06-21 14:45:00+00:00,2025-06-21 14:45:00+00:00,,,,,,0.0,,,,ozone,112.11,"Aya Nagar, Delhi - IMD",14
site_108,Delhi,Delhi,"Aya Nagar, Delhi - IMD",2025-06-21 14:45:00+00:00,2025-06-21 14:45:00+00:00,,,,,,0.0,,,,pm10,62.65,"Aya Nagar, Delhi - IMD",14
site_104,Delhi,Delhi,"Burari Crossing, Delhi - IMD",2025-06-21 14:45:00+00:00,2025-06-21 14:45:00+00:00,,,,,,0.0,,,,pm25,25.35,"Burari Crossing, Delhi - IMD",14
site_104,Delhi,Delhi,"Burari Crossing, Delhi - IMD",2025-06-21 14:45:00+00:00,2025-06-21 14:45:00+00:00,,,,,,0.0,,,,pm10,48.85,"Burari Crossing, Delhi - IMD",14
site_108,Delhi,Delhi,"Aya Nagar, Delhi - IMD",2025-06-21 14:45:00+00:00,2025-06-21 14:45:00+00:00,,,,,,0.0,,,,no,3.9,"Aya Nagar, Delhi - IMD",14
site_104,Delhi,Delhi,"Burari Crossing, Delhi - IMD",2025-06-21 14:45:00+00:00,2025-06-21 14:45:00+00:00,,,,,,0.0,,,,ozone,90.55,"Burari Crossing, Delhi - IMD",14
site_5024,Delhi,Delhi,"Alipur, Delhi - DPCC",2025-06-21 15:00:00+00:00,2025-06-21 15:00:00+00:00,36.5,47.0,,228.0,0.0,0.0,478.0,977.0,,co,1.06,"Alipur, Delhi - DPCC",15
site_5024,Delhi,Delhi,"Alipur, Delhi - DPCC",2025-06-21 15:00:00+00:00,2025-06-21 15:00:00+00:00,36.5,47.0,,228.0,0.0,0.0,478.0,977.0,,benzene,0.3,"Alipur, Delhi - DPCC",15
site_5024,Delhi,Delhi,"Alipur, Delhi - DPCC",2025-06-21 15:00:00+00:00,2025-06-21 15:00:00+00:00,36.5,47.0,,228.0,0.0,0.0,478.0,977.0,,nh3,52.8,"Alipur, Delhi - DPCC",15
site_108,Delhi,Delhi,"Aya Nagar, Delhi - IMD",2025-06-21 15:00:00+00:00,2025-06-21 15:00:00+00:00,,,,,,0.0,,,,ozone,94.02,"Aya Nagar, Delhi - IMD",15
site_108,Delhi,Delhi,"Aya Nagar, Delhi - IMD",2025-06-21 15:00:00+00:00,2025-06-21 15:00:00+00:00,,,,,,0.0,,,,no,4.36,"Aya Nagar, Delhi - IMD",15
site_108,Delhi,Delhi,"Aya Nagar, Delhi - IMD",2025-06-21 15:00:00+00:00,2025-06-21 15:00:00+00:00,,,,,,0.0,,,,no2,11.87,"Aya Nagar, Delhi - IMD",15
site_108,Delhi,Delhi,"Aya Nagar, Delhi - IMD",2025-06-21 15:00:00+00:00,2025-06-21 15:00:00+00:00,,,,,,0.0,,,,pm10,62.87,"Aya Nagar, Delhi - IMD",15
site_108,Delhi,Delhi,"Aya Nagar, Delhi - IMD",2025-06-21 15:00:00+00:00,2025-06-21 15:00:00+00:00,,,,,,0.0,,,,pm25,25.89,"Aya Nagar, Delhi - IMD",15
site_108,Delhi,Delhi,"Aya Nagar, Delhi - IMD",2025-06-21 15:00:00+00:00,2025-06-21 15:00:00+00:00,,,,,,0.0,,,,co,0.94,"Aya Nagar, Delhi - IMD",15
site_5024,Delhi,Delhi,"Alipur, Delhi - DPCC",2025-06-21 15:00:00+00:00,2025-06-21 15:00:00+00:00,36.5,47.0,,228.0,0.0,0.0,478.0,977.0,,no,2.4,"Alipur, Delhi - DPCC",15
site_1420,Delhi,Delhi,"Ashok Vihar, Delhi - DPCC",2025-06-21 15:00:00+00:00,2025-06-21 15:00:00+00:00,35.4,48.0,1.7,152.0,0.0,0.0,380.0,982.0,,no2,8.3,"Ashok Vihar, Delhi - DPCC",15
site_5024,Delhi,Delhi,"Alipur, Delhi - DPCC",2025-06-21 15:00:00+00:00,2025-06-21 15:00:00+00:00,36.5,47.0,,228.0,0.0,0.0,478.0,977.0,,ozone,73.5,"Alipur, Delhi - DPCC",15
site_301,Delhi,Delhi,"Anand Vihar, Delhi - DPCC",2025-06-21 15:00:00+00:00,2025-06-21 15:00:00+00:00,35.2,53.0,1.8,262.0,,0.0,295.0,742.0,,nh3,26.0,"Anand Vihar, Delhi - DPCC",15
site_301,Delhi,Delhi,"Anand Vihar, Delhi - DPCC",2025-06-21 15:00:00+00:00,2025-06-21 15:00:00+00:00,35.2,53.0,1.8,262.0,,0.0,295.0,742.0,,co,1.29,"Anand Vihar, Delhi - DPCC",15
site_301,Delhi,Delhi,"Anand Vihar, Delhi - DPCC",2025-06-21 15:00:00+00:00,2025-06-21 15:00:00+00:00,35.2,53.0,1.8,262.0,,0.0,295.0,742.0,,benzene,0.6,"Anand Vihar, Delhi - DPCC",15
site_1560,Delhi,Delhi,"Bawana, Delhi - DPCC",2025-06-21 15:00:00+00:00,2025-06-21 15:00:00+00:00,36.9,49.0,2.3,153.0,0.0,0.0,389.0,975.0,,toluene,3.4,"Bawana, Delhi - DPCC",15
site_1560,Delhi,Delhi,"Bawana, Delhi - DPCC",2025-06-21 15:00:00+00:00,2025-06-21 15:00:00+00:00,36.9,49.0,2.3,153.0,0.0,0.0,389.0,975.0,,so2,4.8,"Bawana, Delhi - DPCC",15
site_1560,Delhi,Delhi,"Bawana, Delhi - DPCC",2025-06-21 15:00:00+00:00,2025-06-21 15:00:00+00:00,36.9,49.0,2.3,153.0,0.0,0.0,389.0,975.0,,pm25,39.0,"Bawana, Delhi - DPCC",15
site_1560,Delhi,Delhi,"Bawana, Delhi - DPCC",2025-06-21 15:00:00+00:00,2025-06-21 15:00:00+00:00,36.9,49.0,2.3,153.0,0.0,0.0,389.0,975.0,,pm10,69.0,"Bawana, Delhi - DPCC",15
site_104,Delhi,Delhi,"Burari Crossing, Delhi - IMD",2025-06-21 15:00:00+00:00,2025-06-21 15:00:00+00:00,,,,,,0.0,,,,co,0.65,"Burari Crossing, Delhi - IMD",15
site_301,Delhi,Delhi,"Anand Vihar, Delhi - DPCC",2025-06-21 15:00:00+00:00,2025-06-21 15:00:00+00:00,35.2,53.0,1.8,262.0,,0.0,295.0,742.0,,no,15.7,"Anand Vihar, Delhi - DPCC",15
site_104,Delhi,Delhi,"Burari Crossing, Delhi - IMD",2025-06-21 15:00:00+00:00,2025-06-21 15:00:00+00:00,,,,,,0.0,,,,no,6.8,"Burari Crossing, Delhi - IMD",15
site_104,Delhi,Delhi,"Burari Crossing, Delhi - IMD",2025-06-21 15:00:00+00:00,2025-06-21 15:00:00+00:00,,,,,,0.0,,,,pm10,38.76,"Burari Crossing, Delhi - IMD",15
site_104,Delhi,Delhi,"Burari Crossing, Delhi - IMD",2025-06-21 15:00:00+00:00,2025-06-21 15:00:00+00:00,,,,,,0.0,,,,pm25,17.16,"Burari Crossing, Delhi - IMD",15
site_1560,Delhi,Delhi,"Bawana, Delhi - DPCC",2025-06-21 15:00:00+00:00,2025-06-21 15:00:00+00:00,36.9,49.0,2.3,153.0,0.0,0.0,389.0,975.0,,ozone,16.0,"Bawana, Delhi - DPCC",15
site_1560,Delhi,Delhi,"Bawana, Delhi - DPCC",2025-06-21 15:00:00+00:00,2025-06-21 15:00:00+00:00,36.9,49.0,2.3,153.0,0.0,0.0,389.0,975.0,,no2,6.9,"Bawana, Delhi - DPCC",15
site_1560,Delhi,Delhi,"Bawana, Delhi - DPCC",2025-06-21 15:00:00+00:00,2025-06-21 15:00:00+00:00,36.9,49.0,2.3,153.0,0.0,0.0,389.0,975.0,,no,3.3,"Bawana, Delhi - DPCC",15
site_1560,Delhi,Delhi,"Bawana, Delhi - DPCC",2025-06-21 15:00:00+00:00,2025-06-21 15:00:00+00:00,36.9,49.0,2.3,153.0,0.0,0.0,389.0,975.0,,nh3,39.1,"Bawana, Delhi - DPCC",15
site_1560,Delhi,Delhi,"Bawana, Delhi - DPCC",2025-06-21 15:00:00+00:00,2025-06-21 15:00:00+00:00,36.9,49.0,2.3,153.0,0.0,0.0,389.0,975.0,,co,0.56,"Bawana, Delhi - DPCC",15
site_1560,Delhi,Delhi,"Bawana, Delhi - DPCC",2025-06-21 15:00:00+00:00,2025-06-21 15:00:00+00:00,36.9,49.0,2.3,153.0,0.0,0.0,389.0,975.0,,benzene,0.7,"Bawana, Delhi - DPCC",15
site_104,Delhi,Delhi,"Burari Crossing, Delhi - IMD",2025-06-21 15:00:00+00:00,2025-06-21 15:00:00+00:00,,,,,,0.0,,,,ozone,98.2,"Burari Crossing, Delhi - IMD",15
site_5024,Delhi,Delhi,"Alipur, Delhi - DPCC",2025-06-21 15:00:00+00:00,2025-06-21 15:00:00+00:00,36.5,47.0,,228.0,0.0,0.0,478.0,977.0,,no2,15.9,"Alipur, Delhi - DPCC",15
site_301,Delhi,Delhi,"Anand Vihar, Delhi - DPCC",2025-06-21 15:00:00+00:00,2025-06-21 15:00:00+00:00,35.2,53.0,1.8,262.0,,0.0,295.0,742.0,,no2,27.0,"Anand Vihar, Delhi - DPCC",15
site_301,Delhi,Delhi,"Anand Vihar, Delhi - DPCC",2025-06-21 15:00:00+00:00,2025-06-21 15:00:00+00:00,35.2,53.0,1.8,262.0,,0.0,295.0,742.0,,pm10,108.0,"Anand Vihar, Delhi - DPCC",15
site_5024,Delhi,Delhi,"Alipur, Delhi - DPCC",2025-06-21 15:00:00+00:00,2025-06-21 15:00:00+00:00,36.5,47.0,,228.0,0.0,0.0,478.0,977.0,,pm10,77.0,"Alipur, Delhi - DPCC",15
site_5024,Delhi,Delhi,"Alipur, Delhi - DPCC",2025-06-21 15:00:00+00:00,2025-06-21 15:00:00+00:00,36.5,47.0,,228.0,0.0,0.0,478.0,977.0,,pm25,28.0,"Alipur, Delhi - DPCC",15
site_5024,Delhi,Delhi,"Alipur, Delhi - DPCC",2025-06-21 15:00:00+00:00,2025-06-21 15:00:00+00:00,36.5,47.0,,228.0,0.0,0.0,478.0,977.0,,so2,4.7,"Alipur, Delhi - DPCC",15
site_5024,Delhi,Delhi,"Alipur, Delhi - DPCC",2025-06-21 15:00:00+00:00,2025-06-21 15:00:00+00:00,36.5,47.0,,228.0,0.0,0.0,478.0,977.0,,toluene,0.3,"Alipur, Delhi - DPCC",15
site_1420,Delhi,Delhi,"Ashok Vihar, Delhi - DPCC",2025-06-21 15:00:00+00:00,2025-06-21 15:00:00+00:00,35.4,48.0,1.7,152.0,0.0,0.0,380.0,982.0,,benzene,0.0,"Ashok Vihar, Delhi - DPCC",15
site_1420,Delhi,Delhi,"Ashok Vihar, Delhi - DPCC",2025-06-21 15:00:00+00:00,2025-06-21 15:00:00+00:00,35.4,48.0,1.7,152.0,0.0,0.0,380.0,982.0,,co,0.72,"Ashok Vihar, Delhi - DPCC",15
site_1420,Delhi,Delhi,"Ashok Vihar, Delhi - DPCC",2025-06-21 15:00:00+00:00,2025-06-21 15:00:00+00:00,35.4,48.0,1.7,152.0,0.0,0.0,380.0,982.0,,nh3,35.8,"Ashok Vihar, Delhi - DPCC",15
site_1420,Delhi,Delhi,"Ashok Vihar, Delhi - DPCC",2025-06-21 15:00:00+00:00,2025-06-21 15:00:00+00:00,35.4,48.0,1.7,152.0,0.0,0.0,380.0,982.0,,no,4.5,"Ashok Vihar, Delhi - DPCC",15
site_301,Delhi,Delhi,"Anand Vihar, Delhi - DPCC",2025-06-21 15:00:00+00:00,2025-06-21 15:00:00+00:00,35.2,53.0,1.8,262.0,,0.0,295.0,742.0,,ozone,38.3,"Anand Vihar, Delhi - DPCC",15
site_1420,Delhi,Delhi,"Ashok Vihar, Delhi - DPCC",2025-06-21 15:00:00+00:00,2025-06-21 15:00:00+00:00,35.4,48.0,1.7,152.0,0.0,0.0,380.0,982.0,,ozone,55.6,"Ashok Vihar, Delhi - DPCC",15
site_1420,Delhi,Delhi,"Ashok Vihar, Delhi - DPCC",2025-06-21 15:00:00+00:00,2025-06-21 15:00:00+00:00,35.4,48.0,1.7,152.0,0.0,0.0,380.0,982.0,,pm25,27.0,"Ashok Vihar, Delhi - DPCC",15
site_1420,Delhi,Delhi,"Ashok Vihar, Delhi - DPCC",2025-06-21 15:00:00+00:00,2025-06-21 15:00:00+00:00,35.4,48.0,1.7,152.0,0.0,0.0,380.0,982.0,,so2,6.7,"Ashok Vihar, Delhi - DPCC",15
site_1420,Delhi,Delhi,"Ashok Vihar, Delhi - DPCC",2025-06-21 15:00:00+00:00,2025-06-21 15:00:00+00:00,35.4,48.0,1.7,152.0,0.0,0.0,380.0,982.0,,toluene,1.0,"Ashok Vihar, Delhi - DPCC",15
site_301,Delhi,Delhi,"Anand Vihar, Delhi - DPCC",2025-06-21 15:00:00+00:00,2025-06-21 15:00:00+00:00,35.2,53.0,1.8,262.0,,0.0,295.0,742.0,,toluene,8.1,"Anand Vihar, Delhi - DPCC",15
site_301,Delhi,Delhi,"Anand Vihar, Delhi - DPCC",2025-06-21 15:00:00+00:00,2025-06-21 15:00:00+00:00,35.2,53.0,1.8,262.0,,0.0,295.0,742.0,,so2,58.0,"Anand Vihar, Delhi - DPCC",15
site_301,Delhi,Delhi,"Anand Vihar, Delhi - DPCC",2025-06-21 15:00:00+00:00,2025-06-21 15:00:00+00:00,35.2,53.0,1.8,262.0,,0.0,295.0,742.0,,pm25,39.0,"Anand Vihar, Delhi - DPCC",15
site_1420,Delhi,Delhi,"Ashok Vihar, Delhi - DPCC",2025-06-21 15:00:00+00:00,2025-06-21 15:00:00+00:00,35.4,48.0,1.7,152.0,0.0,0.0,380.0,982.0,,pm10,62.0,"Ashok Vihar, Delhi - DPCC",15
site_104,Delhi,Delhi,"Burari Crossing, Delhi - IMD",2025-06-21 15:00:00+00:00,2025-06-21 15:00:00+00:00,,,,,,0.0,,,,no2,23.97,"Burari Crossing, Delhi - IMD",15
site_301,Delhi,Delhi,"Anand Vihar, Delhi - DPCC",2025-06-21 15:15:00+00:00,2025-06-21 15:15:00+00:00,35.4,52.0,1.1,250.0,,0.0,297.0,742.0,,co,1.28,"Anand Vihar, Delhi - DPCC",15
site_301,Delhi,Delhi,"Anand Vihar, Delhi - DPCC",2025-06-21 15:15:00+00:00,2025-06-21 15:15:00+00:00,35.4,52.0,1.1,250.0,,0.0,297.0,742.0,,benzene,0.6,"Anand Vihar, Delhi - DPCC",15
site_5024,Delhi,Delhi,"Alipur, Delhi - DPCC",2025-06-21 15:15:00+00:00,2025-06-21 15:15:00+00:00,36.7,46.0,,204.0,0.0,0.0,403.0,977.0,,pm10,77.0,"Alipur, Delhi - DPCC",15
site_108,Delhi,Delhi,"Aya Nagar, Delhi - IMD",2025-06-21 15:15:00+00:00,2025-06-21 15:15:00+00:00,,,,,,0.0,,,,no,4.7,"Aya Nagar, Delhi - IMD",15
site_1420,Delhi,Delhi,"Ashok Vihar, Delhi - DPCC",2025-06-21 15:15:00+00:00,2025-06-21 15:15:00+00:00,36.5,46.0,2.3,150.0,0.0,0.0,377.0,982.0,,so2,8.2,"Ashok Vihar, Delhi - DPCC",15
site_1420,Delhi,Delhi,"Ashok Vihar, Delhi - DPCC",2025-06-21 15:15:00+00:00,2025-06-21 15:15:00+00:00,36.5,46.0,2.3,150.0,0.0,0.0,377.0,982.0,,pm25,27.0,"Ashok Vihar, Delhi - DPCC",15
site_1420,Delhi,Delhi,"Ashok Vihar, Delhi - DPCC",2025-06-21 15:15:00+00:00,2025-06-21 15:15:00+00:00,36.5,46.0,2.3,150.0,0.0,0.0,377.0,982.0,,pm10,62.0,"Ashok Vihar, Delhi - DPCC",15
site_1420,Delhi,Delhi,"Ashok Vihar, Delhi - DPCC",2025-06-21 15:15:00+00:00,2025-06-21 15:15:00+00:00,36.5,46.0,2.3,150.0,0.0,0.0,377.0,982.0,,ozone,70.9,"Ashok Vihar, Delhi - DPCC",15
site_1420,Delhi,Delhi,"Ashok Vihar, Delhi - DPCC",2025-06-21 15:15:00+00:00,2025-06-21 15:15:00+00:00,36.5,46.0,2.3,150.0,0.0,0.0,377.0,982.0,,no2,7.2,"Ashok Vihar, Delhi - DPCC",15
site_1420,Delhi,Delhi,"Ashok Vihar, Delhi - DPCC",2025-06-21 15:15:00+00:00,2025-06-21 15:15:00+00:00,36.5,46.0,2.3,150.0,0.0,0.0,377.0,982.0,,no,3.9,"Ashok Vihar, Delhi - DPCC",15
site_1420,Delhi,Delhi,"Ashok Vihar, Delhi - DPCC",2025-06-21 15:15:00+00:00,2025-06-21 15:15:00+00:00,36.5,46.0,2.3,150.0,0.0,0.0,377.0,982.0,,nh3,34.6,"Ashok Vihar, Delhi - DPCC",15
site_104,Delhi,Delhi,"Burari Crossing, Delhi - IMD",2025-06-21 15:15:00+00:00,2025-06-21 15:15:00+00:00,,,,,,0.0,,,,co,0.65,"Burari Crossing, Delhi - IMD",15
site_104,Delhi,Delhi,"Burari Crossing, Delhi - IMD",2025-06-21 15:15:00+00:00,2025-06-21 15:15:00+00:00,,,,,,0.0,,,,no,6.42,"Burari Crossing, Delhi - IMD",15
site_104,Delhi,Delhi,"Burari Crossing, Delhi - IMD",2025-06-21 15:15:00+00:00,2025-06-21 15:15:00+00:00,,,,,,0.0,,,,no2,24.17,"Burari Crossing, Delhi - IMD",15
site_104,Delhi,Delhi,"Burari Crossing, Delhi - IMD",2025-06-21 15:15:00+00:00,2025-06-21 15:15:00+00:00,,,,,,0.0,,,,ozone,99.72,"Burari Crossing, Delhi - IMD",15
site_104,Delhi,Delhi,"Burari Crossing, Delhi - IMD",2025-06-21 15:15:00+00:00,2025-06-21 15:15:00+00:00,,,,,,0.0,,,,pm10,32.72,"Burari Crossing, Delhi - IMD",15
site_1420,Delhi,Delhi,"Ashok Vihar, Delhi - DPCC",2025-06-21 15:15:00+00:00,2025-06-21 15:15:00+00:00,36.5,46.0,2.3,150.0,0.0,0.0,377.0,982.0,,toluene,0.6,"Ashok Vihar, Delhi - DPCC",15
site_104,Delhi,Delhi,"Burari Crossing, Delhi - IMD",2025-06-21 15:15:00+00:00,2025-06-21 15:15:00+00:00,,,,,,0.0,,,,pm25,16.82,"Burari Crossing, Delhi - IMD",15
site_1560,Delhi,Delhi,"Bawana, Delhi - DPCC",2025-06-21 15:15:00+00:00,2025-06-21 15:15:00+00:00,36.7,50.0,1.9,159.0,0.0,0.0,404.0,976.0,,benzene,0.6,"Bawana, Delhi - DPCC",15
site_1560,Delhi,Delhi,"Bawana, Delhi - DPCC",2025-06-21 15:15:00+00:00,2025-06-21 15:15:00+00:00,36.7,50.0,1.9,159.0,0.0,0.0,404.0,976.0,,co,0.55,"Bawana, Delhi - DPCC",15
site_1560,Delhi,Delhi,"Bawana, Delhi - DPCC",2025-06-21 15:15:00+00:00,2025-06-21 15:15:00+00:00,36.7,50.0,1.9,159.0,0.0,0.0,404.0,976.0,,nh3,36.9,"Bawana, Delhi - DPCC",15
site_1560,Delhi,Delhi,"Bawana, Delhi - DPCC",2025-06-21 15:15:00+00:00,2025-06-21 15:15:00+00:00,36.7,50.0,1.9,159.0,0.0,0.0,404.0,976.0,,no,3.4,"Bawana, Delhi - DPCC",15
site_1560,Delhi,Delhi,"Bawana, Delhi - DPCC",2025-06-21 15:15:00+00:00,2025-06-21 15:15:00+00:00,36.7,50.0,1.9,159.0,0.0,0.0,404.0,976.0,,no2,7.1,"Bawana, Delhi - DPCC",15
site_1560,Delhi,Delhi,"Bawana, Delhi - DPCC",2025-06-21 15:15:00+00:00,2025-06-21 15:15:00+00:00,36.7,50.0,1.9,159.0,0.0,0.0,404.0,976.0,,ozone,16.8,"Bawana, Delhi - DPCC",15
site_1560,Delhi,Delhi,"Bawana, Delhi - DPCC",2025-06-21 15:15:00+00:00,2025-06-21 15:15:00+00:00,36.7,50.0,1.9,159.0,0.0,0.0,404.0,976.0,,pm10,69.0,"Bawana, Delhi - DPCC",15
site_1560,Delhi,Delhi,"Bawana, Delhi - DPCC",2025-06-21 15:15:00+00:00,2025-06-21 15:15:00+00:00,36.7,50.0,1.9,159.0,0.0,0.0,404.0,976.0,,pm25,39.0,"Bawana, Delhi - DPCC",15
site_1560,Delhi,Delhi,"Bawana, Delhi - DPCC",2025-06-21 15:15:00+00:00,2025-06-21 15:15:00+00:00,36.7,50.0,1.9,159.0,0.0,0.0,404.0,976.0,,so2,4.9,"Bawana, Delhi - DPCC",15
site_1560,Delhi,Delhi,"Bawana, Delhi - DPCC",2025-06-21 15:15:00+00:00,2025-06-21 15:15:00+00:00,36.7,50.0,1.9,159.0,0.0,0.0,404.0,976.0,,toluene,2.9,"Bawana, Delhi - DPCC",15
site_1420,Delhi,Delhi,"Ashok Vihar, Delhi - DPCC",2025-06-21 15:15:00+00:00,2025-06-21 15:15:00+00:00,36.5,46.0,2.3,150.0,0.0,0.0,377.0,982.0,,co,0.71,"Ashok Vihar, Delhi - DPCC",15
site_1420,Delhi,Delhi,"Ashok Vihar, Delhi - DPCC",2025-06-21 15:15:00+00:00,2025-06-21 15:15:00+00:00,36.5,46.0,2.3,150.0,0.0,0.0,377.0,982.0,,benzene,0.0,"Ashok Vihar, Delhi - DPCC",15
site_301,Delhi,Delhi,"Anand Vihar, Delhi - DPCC",2025-06-21 15:15:00+00:00,2025-06-21 15:15:00+00:00,35.4,52.0,1.1,250.0,,0.0,297.0,742.0,,nh3,27.0,"Anand Vihar, Delhi - DPCC",15
site_108,Delhi,Delhi,"Aya Nagar, Delhi - IMD",2025-06-21 15:15:00+00:00,2025-06-21 15:15:00+00:00,,,,,,0.0,,,,co,0.94,"Aya Nagar, Delhi - IMD",15
site_301,Delhi,Delhi,"Anand Vihar, Delhi - DPCC",2025-06-21 15:15:00+00:00,2025-06-21 15:15:00+00:00,35.4,52.0,1.1,250.0,,0.0,297.0,742.0,,no,9.0,"Anand Vihar, Delhi - DPCC",15
site_5024,Delhi,Delhi,"Alipur, Delhi - DPCC",2025-06-21 15:15:00+00:00,2025-06-21 15:15:00+00:00,36.7,46.0,,204.0,0.0,0.0,403.0,977.0,,no2,15.6,"Alipur, Delhi - DPCC",15
site_5024,Delhi,Delhi,"Alipur, Delhi - DPCC",2025-06-21 15:15:00+00:00,2025-06-21 15:15:00+00:00,36.7,46.0,,204.0,0.0,0.0,403.0,977.0,,co,0.95,"Alipur, Delhi - DPCC",15
site_5024,Delhi,Delhi,"Alipur, Delhi - DPCC",2025-06-21 15:15:00+00:00,2025-06-21 15:15:00+00:00,36.7,46.0,,204.0,0.0,0.0,403.0,977.0,,ozone,77.4,"Alipur, Delhi - DPCC",15
site_5024,Delhi,Delhi,"Alipur, Delhi - DPCC",2025-06-21 15:15:00+00:00,2025-06-21 15:15:00+00:00,36.7,46.0,,204.0,0.0,0.0,403.0,977.0,,pm25,28.0,"Alipur, Delhi - DPCC",15
site_5024,Delhi,Delhi,"Alipur, Delhi - DPCC",2025-06-21 15:15:00+00:00,2025-06-21 15:15:00+00:00,36.7,46.0,,204.0,0.0,0.0,403.0,977.0,,so2,3.7,"Alipur, Delhi - DPCC",15
site_5024,Delhi,Delhi,"Alipur, Delhi - DPCC",2025-06-21 15:15:00+00:00,2025-06-21 15:15:00+00:00,36.7,46.0,,204.0,0.0,0.0,403.0,977.0,,toluene,0.3,"Alipur, Delhi - DPCC",15
site_5024,Delhi,Delhi,"Alipur, Delhi - DPCC",2025-06-21 15:15:00+00:00,2025-06-21 15:15:00+00:00,36.7,46.0,,204.0,0.0,0.0,403.0,977.0,,benzene,0.2,"Alipur, Delhi - DPCC",15
site_301,Delhi,Delhi,"Anand Vihar, Delhi - DPCC",2025-06-21 15:15:00+00:00,2025-06-21 15:15:00+00:00,35.4,52.0,1.1,250.0,,0.0,297.0,742.0,,toluene,7.4,"Anand Vihar, Delhi - DPCC",15
site_5024,Delhi,Delhi,"Alipur, Delhi - DPCC",2025-06-21 15:15:00+00:00,2025-06-21 15:15:00+00:00,36.7,46.0,,204.0,0.0,0.0,403.0,977.0,,no,2.2,"Alipur, Delhi - DPCC",15
site_301,Delhi,Delhi,"Anand Vihar, Delhi - DPCC",2025-06-21 15:15:00+00:00,2025-06-21 15:15:00+00:00,35.4,52.0,1.1,250.0,,0.0,297.0,742.0,,so2,57.0,"Anand Vihar, Delhi - DPCC",15
site_301,Delhi,Delhi,"Anand Vihar, Delhi - DPCC",2025-06-21 15:15:00+00:00,2025-06-21 15:15:00+00:00,35.4,52.0,1.1,250.0,,0.0,297.0,742.0,,pm10,108.0,"Anand Vihar, Delhi - DPCC",15
site_301,Delhi,Delhi,"Anand Vihar, Delhi - DPCC",2025-06-21 15:15:00+00:00,2025-06-21 15:15:00+00:00,35.4,52.0,1.1,250.0,,0.0,297.0,742.0,,ozone,42.4,"Anand Vihar, Delhi - DPCC",15
site_301,Delhi,Delhi,"Anand Vihar, Delhi - DPCC",2025-06-21 15:15:00+00:00,2025-06-21 15:15:00+00:00,35.4,52.0,1.1,250.0,,0.0,297.0,742.0,,no2,31.0,"Anand Vihar, Delhi - DPCC",15
site_108,Delhi,Delhi,"Aya Nagar, Delhi - IMD",2025-06-21 15:15:00+00:00,2025-06-21 15:15:00+00:00,,,,,,0.0,,,,pm25,25.42,"Aya Nagar, Delhi - IMD",15
site_108,Delhi,Delhi,"Aya Nagar, Delhi - IMD",2025-06-21 15:15:00+00:00,2025-06-21 15:15:00+00:00,,,,,,0.0,,,,pm10,70.9,"Aya Nagar, Delhi - IMD",15
site_108,Delhi,Delhi,"Aya Nagar, Delhi - IMD",2025-06-21 15:15:00+00:00,2025-06-21 15:15:00+00:00,,,,,,0.0,,,,ozone,82.4,"Aya Nagar, Delhi - IMD",15
site_108,Delhi,Delhi,"Aya Nagar, Delhi - IMD",2025-06-21 15:15:00+00:00,2025-06-21 15:15:00+00:00,,,,,,0.0,,,,no2,13.05,"Aya Nagar, Delhi - IMD",15
site_301,Delhi,Delhi,"Anand Vihar, Delhi - DPCC",2025-06-21 15:15:00+00:00,2025-06-21 15:15:00+00:00,35.4,52.0,1.1,250.0,,0.0,297.0,742.0,,pm25,39.0,"Anand Vihar, Delhi - DPCC",15
site_5024,Delhi,Delhi,"Alipur, Delhi - DPCC",2025-06-21 15:15:00+00:00,2025-06-21 15:15:00+00:00,36.7,46.0,,204.0,0.0,0.0,403.0,977.0,,nh3,52.0,"Alipur, Delhi - DPCC",15
site_5024,Delhi,Delhi,"Alipur, Delhi - DPCC",2025-06-21 15:30:00+00:00,2025-06-21 15:30:00+00:00,36.8,46.0,,206.0,0.0,0.0,338.0,977.0,,no2,15.5,"Alipur, Delhi - DPCC",15
site_5024,Delhi,Delhi,"Alipur, Delhi - DPCC",2025-06-21 15:30:00+00:00,2025-06-21 15:30:00+00:00,36.8,46.0,,206.0,0.0,0.0,338.0,977.0,,pm25,28.0,"Alipur, Delhi - DPCC",15
site_301,Delhi,Delhi,"Anand Vihar, Delhi - DPCC",2025-06-21 15:30:00+00:00,2025-06-21 15:30:00+00:00,35.0,53.0,1.2,250.0,,0.0,274.0,742.0,,benzene,0.6,"Anand Vihar, Delhi - DPCC",15
site_301,Delhi,Delhi,"Anand Vihar, Delhi - DPCC",2025-06-21 15:30:00+00:00,2025-06-21 15:30:00+00:00,35.0,53.0,1.2,250.0,,0.0,274.0,742.0,,co,1.28,"Anand Vihar, Delhi - DPCC",15
site_301,Delhi,Delhi,"Anand Vihar, Delhi - DPCC",2025-06-21 15:30:00+00:00,2025-06-21 15:30:00+00:00,35.0,53.0,1.2,250.0,,0.0,274.0,742.0,,nh3,32.6,"Anand Vihar, Delhi - DPCC",15
site_301,Delhi,Delhi,"Anand Vihar, Delhi - DPCC",2025-06-21 15:30:00+00:00,2025-06-21 15:30:00+00:00,35.0,53.0,1.2,250.0,,0.0,274.0,742.0,,no,6.3,"Anand Vihar, Delhi - DPCC",15
site_301,Delhi,Delhi,"Anand Vihar, Delhi - DPCC",2025-06-21 15:30:00+00:00,2025-06-21 15:30:00+00:00,35.0,53.0,1.2,250.0,,0.0,274.0,742.0,,no2,26.5,"Anand Vihar, Delhi - DPCC",15
site_301,Delhi,Delhi,"Anand Vihar, Delhi - DPCC",2025-06-21 15:30:00+00:00,2025-06-21 15:30:00+00:00,35.0,53.0,1.2,250.0,,0.0,274.0,742.0,,ozone,49.6,"Anand Vihar, Delhi - DPCC",15
site_301,Delhi,Delhi,"Anand Vihar, Delhi - DPCC",2025-06-21 15:30:00+00:00,2025-06-21 15:30:00+00:00,35.0,53.0,1.2,250.0,,0.0,274.0,742.0,,pm10,108.0,"Anand Vihar, Delhi - DPCC",15
site_301,Delhi,Delhi,"Anand Vihar, Delhi - DPCC",2025-06-21 15:30:00+00:00,2025-06-21 15:30:00+00:00,35.0,53.0,1.2,250.0,,0.0,274.0,742.0,,pm25,39.0,"Anand Vihar, Delhi - DPCC",15
site_5024,Delhi,Delhi,"Alipur, Delhi - DPCC",2025-06-21 15:30:00+00:00,2025-06-21 15:30:00+00:00,36.8,46.0,,206.0,0.0,0.0,338.0,977.0,,pm10,77.0,"Alipur, Delhi - DPCC",15
site_301,Delhi,Delhi,"Anand Vihar, Delhi - DPCC",2025-06-21 15:30:00+00:00,2025-06-21 15:30:00+00:00,35.0,53.0,1.2,250.0,,0.0,274.0,742.0,,toluene,7.1,"Anand Vihar, Delhi - DPCC",15
site_5024,Delhi,Delhi,"Alipur, Delhi - DPCC",2025-06-21 15:30:00+00:00,2025-06-21 15:30:00+00:00,36.8,46.0,,206.0,0.0,0.0,338.0,977.0,,no,2.4,"Alipur, Delhi - DPCC",15
site_5024,Delhi,Delhi,"Alipur, Delhi - DPCC",2025-06-21 15:30:00+00:00,2025-06-21 15:30:00+00:00,36.8,46.0,,206.0,0.0,0.0,338.0,977.0,,ozone,79.1,"Alipur, Delhi - DPCC",15
site_1560,Delhi,Delhi,"Bawana, Delhi - DPCC",2025-06-21 15:30:00+00:00,2025-06-21 15:30:00+00:00,36.9,49.0,2.5,90.0,0.0,0.0,206.0,977.0,,no,3.0,"Bawana, Delhi - DPCC",15
site_108,Delhi,Delhi,"Aya Nagar, Delhi - IMD",2025-06-21 15:30:00+00:00,2025-06-21 15:30:00+00:00,,,,,,0.0,,,,no,4.78,"Aya Nagar, Delhi - IMD",15
site_5024,Delhi,Delhi,"Alipur, Delhi - DPCC",2025-06-21 15:30:00+00:00,2025-06-21 15:30:00+00:00,36.8,46.0,,206.0,0.0,0.0,338.0,977.0,,so2,2.7,"Alipur, Delhi - DPCC",15
site_1420,Delhi,Delhi,"Ashok Vihar, Delhi - DPCC",2025-06-21 15:30:00+00:00,2025-06-21 15:30:00+00:00,36.2,45.0,2.7,167.0,0.0,0.0,455.0,982.0,,benzene,0.0,"Ashok Vihar, Delhi - DPCC",15
site_1420,Delhi,Delhi,"Ashok Vihar, Delhi - DPCC",2025-06-21 15:30:00+00:00,2025-06-21 15:30:00+00:00,36.2,45.0,2.7,167.0,0.0,0.0,455.0,982.0,,co,0.69,"Ashok Vihar, Delhi - DPCC",15
site_1420,Delhi,Delhi,"Ashok Vihar, Delhi - DPCC",2025-06-21 15:30:00+00:00,2025-06-21 15:30:00+00:00,36.2,45.0,2.7,167.0,0.0,0.0,455.0,982.0,,nh3,34.4,"Ashok Vihar, Delhi - DPCC",15
site_1420,Delhi,Delhi,"Ashok Vihar, Delhi - DPCC",2025-06-21 15:30:00+00:00,2025-06-21 15:30:00+00:00,36.2,45.0,2.7,167.0,0.0,0.0,455.0,982.0,,no,4.7,"Ashok Vihar, Delhi - DPCC",15
site_1420,Delhi,Delhi,"Ashok Vihar, Delhi - DPCC",2025-06-21 15:30:00+00:00,2025-06-21 15:30:00+00:00,36.2,45.0,2.7,167.0,0.0,0.0,455.0,982.0,,no2,6.6,"Ashok Vihar, Delhi - DPCC",15
site_1420,Delhi,Delhi,"Ashok Vihar, Delhi - DPCC",2025-06-21 15:30:00+00:00,2025-06-21 15:30:00+00:00,36.2,45.0,2.7,167.0,0.0,0.0,455.0,982.0,,ozone,65.7,"Ashok Vihar, Delhi - DPCC",15
site_1420,Delhi,Delhi,"Ashok Vihar, Delhi - DPCC",2025-06-21 15:30:00+00:00,2025-06-21 15:30:00+00:00,36.2,45.0,2.7,167.0,0.0,0.0,455.0,982.0,,pm10,62.0,"Ashok Vihar, Delhi - DPCC",15
site_108,Delhi,Delhi,"Aya Nagar, Delhi - IMD",2025-06-21 15:30:00+00:00,2025-06-21 15:30:00+00:00,,,,,,0.0,,,,co,0.93,"Aya Nagar, Delhi - IMD",15
site_1420,Delhi,Delhi,"Ashok Vihar, Delhi - DPCC",2025-06-21 15:30:00+00:00,2025-06-21 15:30:00+00:00,36.2,45.0,2.7,167.0,0.0,0.0,455.0,982.0,,pm25,27.0,"Ashok Vihar, Delhi - DPCC",15
site_1420,Delhi,Delhi,"Ashok Vihar, Delhi - DPCC",2025-06-21 15:30:00+00:00,2025-06-21 15:30:00+00:00,36.2,45.0,2.7,167.0,0.0,0.0,455.0,982.0,,toluene,0.3,"Ashok Vihar, Delhi - DPCC",15
site_5024,Delhi,Delhi,"Alipur, Delhi - DPCC",2025-06-21 15:30:00+00:00,2025-06-21 15:30:00+00:00,36.8,46.0,,206.0,0.0,0.0,338.0,977.0,,nh3,51.5,"Alipur, Delhi - DPCC",15
site_5024,Delhi,Delhi,"Alipur, Delhi - DPCC",2025-06-21 15:30:00+00:00,2025-06-21 15:30:00+00:00,36.8,46.0,,206.0,0.0,0.0,338.0,977.0,,co,0.89,"Alipur, Delhi - DPCC",15
site_5024,Delhi,Delhi,"Alipur, Delhi - DPCC",2025-06-21 15:30:00+00:00,2025-06-21 15:30:00+00:00,36.8,46.0,,206.0,0.0,0.0,338.0,977.0,,benzene,0.3,"Alipur, Delhi - DPCC",15
site_108,Delhi,Delhi,"Aya Nagar, Delhi - IMD",2025-06-21 15:30:00+00:00,2025-06-21 15:30:00+00:00,,,,,,0.0,,,,pm25,28.89,"Aya Nagar, Delhi - IMD",15
site_108,Delhi,Delhi,"Aya Nagar, Delhi - IMD",2025-06-21 15:30:00+00:00,2025-06-21 15:30:00+00:00,,,,,,0.0,,,,pm10,75.25,"Aya Nagar, Delhi - IMD",15
site_108,Delhi,Delhi,"Aya Nagar, Delhi - IMD",2025-06-21 15:30:00+00:00,2025-06-21 15:30:00+00:00,,,,,,0.0,,,,ozone,81.96,"Aya Nagar, Delhi - IMD",15
site_108,Delhi,Delhi,"Aya Nagar, Delhi - IMD",2025-06-21 15:30:00+00:00,2025-06-21 15:30:00+00:00,,,,,,0.0,,,,no2,13.23,"Aya Nagar, Delhi - IMD",15
site_1420,Delhi,Delhi,"Ashok Vihar, Delhi - DPCC",2025-06-21 15:30:00+00:00,2025-06-21 15:30:00+00:00,36.2,45.0,2.7,167.0,0.0,0.0,455.0,982.0,,so2,10.7,"Ashok Vihar, Delhi - DPCC",15
site_5024,Delhi,Delhi,"Alipur, Delhi - DPCC",2025-06-21 15:30:00+00:00,2025-06-21 15:30:00+00:00,36.8,46.0,,206.0,0.0,0.0,338.0,977.0,,toluene,0.3,"Alipur, Delhi - DPCC",15
site_301,Delhi,Delhi,"Anand Vihar, Delhi - DPCC",2025-06-21 15:30:00+00:00,2025-06-21 15:30:00+00:00,35.0,53.0,1.2,250.0,,0.0,274.0,742.0,,so2,56.5,"Anand Vihar, Delhi - DPCC",15
site_1560,Delhi,Delhi,"Bawana, Delhi - DPCC",2025-06-21 15:30:00+00:00,2025-06-21 15:30:00+00:00,36.9,49.0,2.5,90.0,0.0,0.0,206.0,977.0,,so2,4.7,"Bawana, Delhi - DPCC",15
site_1560,Delhi,Delhi,"Bawana, Delhi - DPCC",2025-06-21 15:30:00+00:00,2025-06-21 15:30:00+00:00,36.9,49.0,2.5,90.0,0.0,0.0,206.0,977.0,,toluene,2.6,"Bawana, Delhi - DPCC",15
site_104,Delhi,Delhi,"Burari Crossing, Delhi - IMD",2025-06-21 15:30:00+00:00,2025-06-21 15:30:00+00:00,,,,,,0.0,,,,pm25,22.18,"Burari Crossing, Delhi - IMD",15
site_104,Delhi,Delhi,"Burari Crossing, Delhi - IMD",2025-06-21 15:30:00+00:00,2025-06-21 15:30:00+00:00,,,,,,0.0,,,,pm10,44.4,"Burari Crossing, Delhi - IMD",15
site_104,Delhi,Delhi,"Burari Crossing, Delhi - IMD",2025-06-21 15:30:00+00:00,2025-06-21 15:30:00+00:00,,,,,,0.0,,,,ozone,98.29,"Burari Crossing, Delhi - IMD",15
site_104,Delhi,Delhi,"Burari Crossing, Delhi - IMD",2025-06-21 15:30:00+00:00,2025-06-21 15:30:00+00:00,,,,,,0.0,,,,no2,23.73,"Burari Crossing, Delhi - IMD",15
site_104,Delhi,Delhi,"Burari Crossing, Delhi - IMD",2025-06-21 15:30:00+00:00,2025-06-21 15:30:00+00:00,,,,,,0.0,,,,no,6.79,"Burari Crossing, Delhi - IMD",15
site_104,Delhi,Delhi,"Burari Crossing, Delhi - IMD",2025-06-21 15:30:00+00:00,2025-06-21 15:30:00+00:00,,,,,,0.0,,,,co,0.62,"Burari Crossing, Delhi - IMD",15
site_1560,Delhi,Delhi,"Bawana, Delhi - DPCC",2025-06-21 15:30:00+00:00,2025-06-21 15:30:00+00:00,36.9,49.0,2.5,90.0,0.0,0.0,206.0,977.0,,ozone,16.3,"Bawana, Delhi - DPCC",15
site_1560,Delhi,Delhi,"Bawana, Delhi - DPCC",2025-06-21 15:30:00+00:00,2025-06-21 15:30:00+00:00,36.9,49.0,2.5,90.0,0.0,0.0,206.0,977.0,,pm25,39.0,"Bawana, Delhi - DPCC",15
site_1560,Delhi,Delhi,"Bawana, Delhi - DPCC",2025-06-21 15:30:00+00:00,2025-06-21 15:30:00+00:00,36.9,49.0,2.5,90.0,0.0,0.0,206.0,977.0,,co,0.55,"Bawana, Delhi - DPCC",15
site_1560,Delhi,Delhi,"Bawana, Delhi - DPCC",2025-06-21 15:30:00+00:00,2025-06-21 15:30:00+00:00,36.9,49.0,2.5,90.0,0.0,0.0,206.0,977.0,,nh3,35.1,"Bawana, Delhi - DPCC",15
site_1560,Delhi,Delhi,"Bawana, Delhi - DPCC",2025-06-21 15:30:00+00:00,2025-06-21 15:30:00+00:00,36.9,49.0,2.5,90.0,0.0,0.0,206.0,977.0,,no2,7.5,"Bawana, Delhi - DPCC",15
site_1560,Delhi,Delhi,"Bawana, Delhi - DPCC",2025-06-21 15:30:00+00:00,2025-06-21 15:30:00+00:00,36.9,49.0,2.5,90.0,0.0,0.0,206.0,977.0,,benzene,0.6,"Bawana, Delhi - DPCC",15
site_1560,Delhi,Delhi,"Bawana, Delhi - DPCC",2025-06-21 15:30:00+00:00,2025-06-21 15:30:00+00:00,36.9,49.0,2.5,90.0,0.0,0.0,206.0,977.0,,pm10,69.0,"Bawana, Delhi - DPCC",15
site_5024,Delhi,Delhi,"Alipur, Delhi - DPCC",2025-06-21 15:45:00+00:00,2025-06-21 15:45:00+00:00,36.4,47.0,,234.0,0.0,0.0,225.0,977.0,,pm25,28.0,"Alipur, Delhi - DPCC",15
site_5024,Delhi,Delhi,"Alipur, Delhi - DPCC",2025-06-21 15:45:00+00:00,2025-06-21 15:45:00+00:00,36.4,47.0,,234.0,0.0,0.0,225.0,977.0,,so2,2.7,"Alipur, Delhi - DPCC",15
site_5024,Delhi,Delhi,"Alipur, Delhi - DPCC",2025-06-21 15:45:00+00:00,2025-06-21 15:45:00+00:00,36.4,47.0,,234.0,0.0,0.0,225.0,977.0,,toluene,0.2,"Alipur, Delhi - DPCC",15
site_1420,Delhi,Delhi,"Ashok Vihar, Delhi - DPCC",2025-06-21 15:45:00+00:00,2025-06-21 15:45:00+00:00,36.3,46.0,3.1,131.0,0.0,0.0,341.0,982.0,,toluene,0.2,"Ashok Vihar, Delhi - DPCC",15
site_1420,Delhi,Delhi,"Ashok Vihar, Delhi - DPCC",2025-06-21 15:45:00+00:00,2025-06-21 15:45:00+00:00,36.3,46.0,3.1,131.0,0.0,0.0,341.0,982.0,,so2,9.1,"Ashok Vihar, Delhi - DPCC",15
site_1420,Delhi,Delhi,"Ashok Vihar, Delhi - DPCC",2025-06-21 15:45:00+00:00,2025-06-21 15:45:00+00:00,36.3,46.0,3.1,131.0,0.0,0.0,341.0,982.0,,pm25,27.0,"Ashok Vihar, Delhi - DPCC",15
site_1420,Delhi,Delhi,"Ashok Vihar, Delhi - DPCC",2025-06-21 15:45:00+00:00,2025-06-21 15:45:00+00:00,36.3,46.0,3.1,131.0,0.0,0.0,341.0,982.0,,benzene,0.0,"Ashok Vihar, Delhi - DPCC",15
site_5024,Delhi,Delhi,"Alipur, Delhi - DPCC",2025-06-21 15:45:00+00:00,2025-06-21 15:45:00+00:00,36.4,47.0,,234.0,0.0,0.0,225.0,977.0,,pm10,77.0,"Alipur, Delhi - DPCC",15
site_1420,Delhi,Delhi,"Ashok Vihar, Delhi - DPCC",2025-06-21 15:45:00+00:00,2025-06-21 15:45:00+00:00,36.3,46.0,3.1,131.0,0.0,0.0,341.0,982.0,,ozone,85.1,"Ashok Vihar, Delhi - DPCC",15
site_1420,Delhi,Delhi,"Ashok Vihar, Delhi - DPCC",2025-06-21 15:45:00+00:00,2025-06-21 15:45:00+00:00,36.3,46.0,3.1,131.0,0.0,0.0,341.0,982.0,,no2,7.7,"Ashok Vihar, Delhi - DPCC",15
site_1420,Delhi,Delhi,"Ashok Vihar, Delhi - DPCC",2025-06-21 15:45:00+00:00,2025-06-21 15:45:00+00:00,36.3,46.0,3.1,131.0,0.0,0.0,341.0,982.0,,no,4.4,"Ashok Vihar, Delhi - DPCC",15
site_1420,Delhi,Delhi,"Ashok Vihar, Delhi - DPCC",2025-06-21 15:45:00+00:00,2025-06-21 15:45:00+00:00,36.3,46.0,3.1,131.0,0.0,0.0,341.0,982.0,,nh3,34.7,"Ashok Vihar, Delhi - DPCC",15
site_1420,Delhi,Delhi,"Ashok Vihar, Delhi - DPCC",2025-06-21 15:45:00+00:00,2025-06-21 15:45:00+00:00,36.3,46.0,3.1,131.0,0.0,0.0,341.0,982.0,,co,0.73,"Ashok Vihar, Delhi - DPCC",15
site_1420,Delhi,Delhi,"Ashok Vihar, Delhi - DPCC",2025-06-21 15:45:00+00:00,2025-06-21 15:45:00+00:00,36.3,46.0,3.1,131.0,0.0,0.0,341.0,982.0,,pm10,62.0,"Ashok Vihar, Delhi - DPCC",15
site_5024,Delhi,Delhi,"Alipur, Delhi - DPCC",2025-06-21 15:45:00+00:00,2025-06-21 15:45:00+00:00,36.4,47.0,,234.0,0.0,0.0,225.0,977.0,,ozone,80.0,"Alipur, Delhi - DPCC",15
site_301,Delhi,Delhi,"Anand Vihar, Delhi - DPCC",2025-06-21 15:45:00+00:00,2025-06-21 15:45:00+00:00,34.7,55.0,1.1,231.0,,0.0,286.0,742.0,,benzene,0.6,"Anand Vihar, Delhi - DPCC",15
site_5024,Delhi,Delhi,"Alipur, Delhi - DPCC",2025-06-21 15:45:00+00:00,2025-06-21 15:45:00+00:00,36.4,47.0,,234.0,0.0,0.0,225.0,977.0,,no,2.5,"Alipur, Delhi - DPCC",15
site_108,Delhi,Delhi,"Aya Nagar, Delhi - IMD",2025-06-21 15:45:00+00:00,2025-06-21 15:45:00+00:00,,,,,,0.0,,,,no2,11.55,"Aya Nagar, Delhi - IMD",15
site_1560,Delhi,Delhi,"Bawana, Delhi - DPCC",2025-06-21 15:45:00+00:00,2025-06-21 15:45:00+00:00,36.7,49.0,2.3,118.0,0.0,0.0,147.0,978.0,,pm10,69.0,"Bawana, Delhi - DPCC",15
site_1560,Delhi,Delhi,"Bawana, Delhi - DPCC",2025-06-21 15:45:00+00:00,2025-06-21 15:45:00+00:00,36.7,49.0,2.3,118.0,0.0,0.0,147.0,978.0,,pm25,39.0,"Bawana, Delhi - DPCC",15
site_1560,Delhi,Delhi,"Bawana, Delhi - DPCC",2025-06-21 15:45:00+00:00,2025-06-21 15:45:00+00:00,36.7,49.0,2.3,118.0,0.0,0.0,147.0,978.0,,so2,4.9,"Bawana, Delhi - DPCC",15
site_1560,Delhi,Delhi,"Bawana, Delhi - DPCC",2025-06-21 15:45:00+00:00,2025-06-21 15:45:00+00:00,36.7,49.0,2.3,118.0,0.0,0.0,147.0,978.0,,toluene,2.6,"Bawana, Delhi - DPCC",15
site_108,Delhi,Delhi,"Aya Nagar, Delhi - IMD",2025-06-21 15:45:00+00:00,2025-06-21 15:45:00+00:00,,,,,,0.0,,,,ozone,92.99,"Aya Nagar, Delhi - IMD",15
site_108,Delhi,Delhi,"Aya Nagar, Delhi - IMD",2025-06-21 15:45:00+00:00,2025-06-21 15:45:00+00:00,,,,,,0.0,,,,pm10,72.42,"Aya Nagar, Delhi - IMD",15
site_108,Delhi,Delhi,"Aya Nagar, Delhi - IMD",2025-06-21 15:45:00+00:00,2025-06-21 15:45:00+00:00,,,,,,0.0,,,,pm25,28.5,"Aya Nagar, Delhi - IMD",15
site_108,Delhi,Delhi,"Aya Nagar, Delhi - IMD",2025-06-21 15:45:00+00:00,2025-06-21 15:45:00+00:00,,,,,,0.0,,,,no,4.6,"Aya Nagar, Delhi - IMD",15
site_5024,Delhi,Delhi,"Alipur, Delhi - DPCC",2025-06-21 15:45:00+00:00,2025-06-21 15:45:00+00:00,36.4,47.0,,234.0,0.0,0.0,225.0,977.0,,no2,15.4,"Alipur, Delhi - DPCC",15
site_301,Delhi,Delhi,"Anand Vihar, Delhi - DPCC",2025-06-21 15:45:00+00:00,2025-06-21 15:45:00+00:00,34.7,55.0,1.1,231.0,,0.0,286.0,742.0,,co,1.24,"Anand Vihar, Delhi - DPCC",15
site_301,Delhi,Delhi,"Anand Vihar, Delhi - DPCC",2025-06-21 15:45:00+00:00,2025-06-21 15:45:00+00:00,34.7,55.0,1.1,231.0,,0.0,286.0,742.0,,no,12.2,"Anand Vihar, Delhi - DPCC",15
site_301,Delhi,Delhi,"Anand Vihar, Delhi - DPCC",2025-06-21 15:45:00+00:00,2025-06-21 15:45:00+00:00,34.7,55.0,1.1,231.0,,0.0,286.0,742.0,,no2,23.3,"Anand Vihar, Delhi - DPCC",15
site_301,Delhi,Delhi,"Anand Vihar, Delhi - DPCC",2025-06-21 15:45:00+00:00,2025-06-21 15:45:00+00:00,34.7,55.0,1.1,231.0,,0.0,286.0,742.0,,ozone,45.2,"Anand Vihar, Delhi - DPCC",15
site_301,Delhi,Delhi,"Anand Vihar, Delhi - DPCC",2025-06-21 15:45:00+00:00,2025-06-21 15:45:00+00:00,34.7,55.0,1.1,231.0,,0.0,286.0,742.0,,pm10,108.0,"Anand Vihar, Delhi - DPCC",15
site_301,Delhi,Delhi,"Anand Vihar, Delhi - DPCC",2025-06-21 15:45:00+00:00,2025-06-21 15:45:00+00:00,34.7,55.0,1.1,231.0,,0.0,286.0,742.0,,pm25,39.0,"Anand Vihar, Delhi - DPCC",15
site_301,Delhi,Delhi,"Anand Vihar, Delhi - DPCC",2025-06-21 15:45:00+00:00,2025-06-21 15:45:00+00:00,34.7,55.0,1.1,231.0,,0.0,286.0,742.0,,so2,58.1,"Anand Vihar, Delhi - DPCC",15
site_301,Delhi,Delhi,"Anand Vihar, Delhi - DPCC",2025-06-21 15:45:00+00:00,2025-06-21 15:45:00+00:00,34.7,55.0,1.1,231.0,,0.0,286.0,742.0,,toluene,6.4,"Anand Vihar, Delhi - DPCC",15
site_5024,Delhi,Delhi,"Alipur, Delhi - DPCC",2025-06-21 15:45:00+00:00,2025-06-21 15:45:00+00:00,36.4,47.0,,234.0,0.0,0.0,225.0,977.0,,benzene,0.3,"Alipur, Delhi - DPCC",15
site_5024,Delhi,Delhi,"Alipur, Delhi - DPCC",2025-06-21 15:45:00+00:00,2025-06-21 15:45:00+00:00,36.4,47.0,,234.0,0.0,0.0,225.0,977.0,,nh3,51.4,"Alipur, Delhi - DPCC",15
site_301,Delhi,Delhi,"Anand Vihar, Delhi - DPCC",2025-06-21 15:45:00+00:00,2025-06-21 15:45:00+00:00,34.7,55.0,1.1,231.0,,0.0,286.0,742.0,,nh3,47.3,"Anand Vihar, Delhi - DPCC",15
site_5024,Delhi,Delhi,"Alipur, Delhi - DPCC",2025-06-21 15:45:00+00:00,2025-06-21 15:45:00+00:00,36.4,47.0,,234.0,0.0,0.0,225.0,977.0,,co,0.93,"Alipur, Delhi - DPCC",15
site_108,Delhi,Delhi,"Aya Nagar, Delhi - IMD",2025-06-21 15:45:00+00:00,2025-06-21 15:45:00+00:00,,,,,,0.0,,,,co,0.93,"Aya Nagar, Delhi - IMD",15
site_1560,Delhi,Delhi,"Bawana, Delhi - DPCC",2025-06-21 15:45:00+00:00,2025-06-21 15:45:00+00:00,36.7,49.0,2.3,118.0,0.0,0.0,147.0,978.0,,co,0.54,"Bawana, Delhi - DPCC",15
site_1560,Delhi,Delhi,"Bawana, Delhi - DPCC",2025-06-21 15:45:00+00:00,2025-06-21 15:45:00+00:00,36.7,49.0,2.3,118.0,0.0,0.0,147.0,978.0,,nh3,35.4,"Bawana, Delhi - DPCC",15
site_1560,Delhi,Delhi,"Bawana, Delhi - DPCC",2025-06-21 15:45:00+00:00,2025-06-21 15:45:00+00:00,36.7,49.0,2.3,118.0,0.0,0.0,147.0,978.0,,no,3.1,"Bawana, Delhi - DPCC",15
site_1560,Delhi,Delhi,"Bawana, Delhi - DPCC",2025-06-21 15:45:00+00:00,2025-06-21 15:45:00+00:00,36.7,49.0,2.3,118.0,0.0,0.0,147.0,978.0,,no2,7.5,"Bawana, Delhi - DPCC",15
site_1560,Delhi,Delhi,"Bawana, Delhi - DPCC",2025-06-21 15:45:00+00:00,2025-06-21 15:45:00+00:00,36.7,49.0,2.3,118.0,0.0,0.0,147.0,978.0,,ozone,18.4,"Bawana, Delhi - DPCC",15
site_104,Delhi,Delhi,"Burari Crossing, Delhi - IMD",2025-06-21 15:45:00+00:00,2025-06-21 15:45:00+00:00,,,,,,0.0,,,,pm25,20.68,"Burari Crossing, Delhi - IMD",15
site_104,Delhi,Delhi,"Burari Crossing, Delhi - IMD",2025-06-21 15:45:00+00:00,2025-06-21 15:45:00+00:00,,,,,,0.0,,,,pm10,50.67,"Burari Crossing, Delhi - IMD",15
site_104,Delhi,Delhi,"Burari Crossing, Delhi - IMD",2025-06-21 15:45:00+00:00,2025-06-21 15:45:00+00:00,,,,,,0.0,,,,ozone,104.59,"Burari Crossing, Delhi - IMD",15
site_104,Delhi,Delhi,"Burari Crossing, Delhi - IMD",2025-06-21 15:45:00+00:00,2025-06-21 15:45:00+00:00,,,,,,0.0,,,,no2,25.58,"Burari Crossing, Delhi - IMD",15
site_104,Delhi,Delhi,"Burari Crossing, Delhi - IMD",2025-06-21 15:45:00+00:00,2025-06-21 15:45:00+00:00,,,,,,0.0,,,,no,6.75,"Burari Crossing, Delhi - IMD",15
site_104,Delhi,Delhi,"Burari Crossing, Delhi - IMD",2025-06-21 15:45:00+00:00,2025-06-21 15:45:00+00:00,,,,,,0.0,,,,co,0.64,"Burari Crossing, Delhi - IMD",15
site_1560,Delhi,Delhi,"Bawana, Delhi - DPCC",2025-06-21 15:45:00+00:00,2025-06-21 15:45:00+00:00,36.7,49.0,2.3,118.0,0.0,0.0,147.0,978.0,,benzene,0.6,"Bawana, Delhi - DPCC",15
site_108,Delhi,Delhi,"Aya Nagar, Delhi - IMD",2025-06-21 16:00:00+00:00,2025-06-21 16:00:00+00:00,,,,,,0.0,,,,no,4.63,"Aya Nagar, Delhi - IMD",16
site_1560,Delhi,Delhi,"Bawana, Delhi - DPCC",2025-06-21 16:00:00+00:00,2025-06-21 16:00:00+00:00,36.4,50.0,1.8,164.0,0.0,0.0,107.0,979.0,,ozone,18.7,"Bawana, Delhi - DPCC",16
site_1560,Delhi,Delhi,"Bawana, Delhi - DPCC",2025-06-21 16:00:00+00:00,2025-06-21 16:00:00+00:00,36.4,50.0,1.8,164.0,0.0,0.0,107.0,979.0,,pm10,67.0,"Bawana, Delhi - DPCC",16
site_108,Delhi,Delhi,"Aya Nagar, Delhi - IMD",2025-06-21 16:00:00+00:00,2025-06-21 16:00:00+00:00,,,,,,0.0,,,,no2,11.33,"Aya Nagar, Delhi - IMD",16
site_1560,Delhi,Delhi,"Bawana, Delhi - DPCC",2025-06-21 16:00:00+00:00,2025-06-21 16:00:00+00:00,36.4,50.0,1.8,164.0,0.0,0.0,107.0,979.0,,no2,6.7,"Bawana, Delhi - DPCC",16
site_1560,Delhi,Delhi,"Bawana, Delhi - DPCC",2025-06-21 16:00:00+00:00,2025-06-21 16:00:00+00:00,36.4,50.0,1.8,164.0,0.0,0.0,107.0,979.0,,no,3.1,"Bawana, Delhi - DPCC",16
site_1560,Delhi,Delhi,"Bawana, Delhi - DPCC",2025-06-21 16:00:00+00:00,2025-06-21 16:00:00+00:00,36.4,50.0,1.8,164.0,0.0,0.0,107.0,979.0,,nh3,36.1,"Bawana, Delhi - DPCC",16
site_1560,Delhi,Delhi,"Bawana, Delhi - DPCC",2025-06-21 16:00:00+00:00,2025-06-21 16:00:00+00:00,36.4,50.0,1.8,164.0,0.0,0.0,107.0,979.0,,co,0.53,"Bawana, Delhi - DPCC",16
site_108,Delhi,Delhi,"Aya Nagar, Delhi - IMD",2025-06-21 16:00:00+00:00,2025-06-21 16:00:00+00:00,,,,,,0.0,,,,co,0.93,"Aya Nagar, Delhi - IMD",16
site_108,Delhi,Delhi,"Aya Nagar, Delhi - IMD",2025-06-21 16:00:00+00:00,2025-06-21 16:00:00+00:00,,,,,,0.0,,,,ozone,94.85,"Aya Nagar, Delhi - IMD",16
site_5024,Delhi,Delhi,"Alipur, Delhi - DPCC",2025-06-21 16:00:00+00:00,2025-06-21 16:00:00+00:00,36.5,47.0,,259.0,0.0,0.0,257.0,977.0,,so2,1.7,"Alipur, Delhi - DPCC",16
site_108,Delhi,Delhi,"Aya Nagar, Delhi - IMD",2025-06-21 16:00:00+00:00,2025-06-21 16:00:00+00:00,,,,,,0.0,,,,pm25,22.34,"Aya Nagar, Delhi - IMD",16
site_104,Delhi,Delhi,"Burari Crossing, Delhi - IMD",2025-06-21 16:00:00+00:00,2025-06-21 16:00:00+00:00,,,,,,0.0,,,,co,0.63,"Burari Crossing, Delhi - IMD",16
site_104,Delhi,Delhi,"Burari Crossing, Delhi - IMD",2025-06-21 16:00:00+00:00,2025-06-21 16:00:00+00:00,,,,,,0.0,,,,no,6.51,"Burari Crossing, Delhi - IMD",16
site_104,Delhi,Delhi,"Burari Crossing, Delhi - IMD",2025-06-21 16:00:00+00:00,2025-06-21 16:00:00+00:00,,,,,,0.0,,,,no2,25.9,"Burari Crossing, Delhi - IMD",16
site_104,Delhi,Delhi,"Burari Crossing, Delhi - IMD",2025-06-21 16:00:00+00:00,2025-06-21 16:00:00+00:00,,,,,,0.0,,,,ozone,116.53,"Burari Crossing, Delhi - IMD",16
site_104,Delhi,Delhi,"Burari Crossing, Delhi - IMD",2025-06-21 16:00:00+00:00,2025-06-21 16:00:00+00:00,,,,,,0.0,,,,pm10,57.39,"Burari Crossing, Delhi - IMD",16
site_104,Delhi,Delhi,"Burari Crossing, Delhi - IMD",2025-06-21 16:00:00+00:00,2025-06-21 16:00:00+00:00,,,,,,0.0,,,,pm25,12.39,"Burari Crossing, Delhi - IMD",16
site_5024,Delhi,Delhi,"Alipur, Delhi - DPCC",2025-06-21 16:00:00+00:00,2025-06-21 16:00:00+00:00,36.5,47.0,,259.0,0.0,0.0,257.0,977.0,,benzene,0.3,"Alipur, Delhi - DPCC",16
site_5024,Delhi,Delhi,"Alipur, Delhi - DPCC",2025-06-21 16:00:00+00:00,2025-06-21 16:00:00+00:00,36.5,47.0,,259.0,0.0,0.0,257.0,977.0,,co,0.98,"Alipur, Delhi - DPCC",16
site_5024,Delhi,Delhi,"Alipur, Delhi - DPCC",2025-06-21 16:00:00+00:00,2025-06-21 16:00:00+00:00,36.5,47.0,,259.0,0.0,0.0,257.0,977.0,,nh3,51.2,"Alipur, Delhi - DPCC",16
site_5024,Delhi,Delhi,"Alipur, Delhi - DPCC",2025-06-21 16:00:00+00:00,2025-06-21 16:00:00+00:00,36.5,47.0,,259.0,0.0,0.0,257.0,977.0,,no,3.1,"Alipur, Delhi - DPCC",16
site_5024,Delhi,Delhi,"Alipur, Delhi - DPCC",2025-06-21 16:00:00+00:00,2025-06-21 16:00:00+00:00,36.5,47.0,,259.0,0.0,0.0,257.0,977.0,,no2,15.2,"Alipur, Delhi - DPCC",16
site_5024,Delhi,Delhi,"Alipur, Delhi - DPCC",2025-06-21 16:00:00+00:00,2025-06-21 16:00:00+00:00,36.5,47.0,,259.0,0.0,0.0,257.0,977.0,,ozone,76.4,"Alipur, Delhi - DPCC",16
site_5024,Delhi,Delhi,"Alipur, Delhi - DPCC",2025-06-21 16:00:00+00:00,2025-06-21 16:00:00+00:00,36.5,47.0,,259.0,0.0,0.0,257.0,977.0,,pm10,80.0,"Alipur, Delhi - DPCC",16
site_5024,Delhi,Delhi,"Alipur, Delhi - DPCC",2025-06-21 16:00:00+00:00,2025-06-21 16:00:00+00:00,36.5,47.0,,259.0,0.0,0.0,257.0,977.0,,pm25,24.0,"Alipur, Delhi - DPCC",16
site_1560,Delhi,Delhi,"Bawana, Delhi - DPCC",2025-06-21 16:00:00+00:00,2025-06-21 16:00:00+00:00,36.4,50.0,1.8,164.0,0.0,0.0,107.0,979.0,,benzene,0.6,"Bawana, Delhi - DPCC",16
site_108,Delhi,Delhi,"Aya Nagar, Delhi - IMD",2025-06-21 16:00:00+00:00,2025-06-21 16:00:00+00:00,,,,,,0.0,,,,pm10,59.95,"Aya Nagar, Delhi - IMD",16
site_5024,Delhi,Delhi,"Alipur, Delhi - DPCC",2025-06-21 16:00:00+00:00,2025-06-21 16:00:00+00:00,36.5,47.0,,259.0,0.0,0.0,257.0,977.0,,toluene,0.3,"Alipur, Delhi - DPCC",16
site_1560,Delhi,Delhi,"Bawana, Delhi - DPCC",2025-06-21 16:00:00+00:00,2025-06-21 16:00:00+00:00,36.4,50.0,1.8,164.0,0.0,0.0,107.0,979.0,,pm25,38.0,"Bawana, Delhi - DPCC",16
site_1420,Delhi,Delhi,"Ashok Vihar, Delhi - DPCC",2025-06-21 16:00:00+00:00,2025-06-21 16:00:00+00:00,35.1,50.0,3.0,99.0,0.0,0.0,148.0,982.0,,co,0.82,"Ashok Vihar, Delhi - DPCC",16
site_1420,Delhi,Delhi,"Ashok Vihar, Delhi - DPCC",2025-06-21 16:00:00+00:00,2025-06-21 16:00:00+00:00,35.1,50.0,3.0,99.0,0.0,0.0,148.0,982.0,,no2,9.9,"Ashok Vihar, Delhi - DPCC",16
site_1420,Delhi,Delhi,"Ashok Vihar, Delhi - DPCC",2025-06-21 16:00:00+00:00,2025-06-21 16:00:00+00:00,35.1,50.0,3.0,99.0,0.0,0.0,148.0,982.0,,pm25,22.0,"Ashok Vihar, Delhi - DPCC",16
site_1420,Delhi,Delhi,"Ashok Vihar, Delhi - DPCC",2025-06-21 16:00:00+00:00,2025-06-21 16:00:00+00:00,35.1,50.0,3.0,99.0,0.0,0.0,148.0,982.0,,so2,7.6,"Ashok Vihar, Delhi - DPCC",16
site_1420,Delhi,Delhi,"Ashok Vihar, Delhi - DPCC",2025-06-21 16:00:00+00:00,2025-06-21 16:00:00+00:00,35.1,50.0,3.0,99.0,0.0,0.0,148.0,982.0,,no,4.2,"Ashok Vihar, Delhi - DPCC",16
site_1420,Delhi,Delhi,"Ashok Vihar, Delhi - DPCC",2025-06-21 16:00:00+00:00,2025-06-21 16:00:00+00:00,35.1,50.0,3.0,99.0,0.0,0.0,148.0,982.0,,nh3,35.3,"Ashok Vihar, Delhi - DPCC",16
site_1420,Delhi,Delhi,"Ashok Vihar, Delhi - DPCC",2025-06-21 16:00:00+00:00,2025-06-21 16:00:00+00:00,35.1,50.0,3.0,99.0,0.0,0.0,148.0,982.0,,ozone,80.5,"Ashok Vihar, Delhi - DPCC",16
site_1420,Delhi,Delhi,"Ashok Vihar, Delhi - DPCC",2025-06-21 16:00:00+00:00,2025-06-21 16:00:00+00:00,35.1,50.0,3.0,99.0,0.0,0.0,148.0,982.0,,benzene,0.0,"Ashok Vihar, Delhi - DPCC",16
site_1420,Delhi,Delhi,"Ashok Vihar, Delhi - DPCC",2025-06-21 16:00:00+00:00,2025-06-21 16:00:00+00:00,35.1,50.0,3.0,99.0,0.0,0.0,148.0,982.0,,pm10,61.0,"Ashok Vihar, Delhi - DPCC",16
site_1560,Delhi,Delhi,"Bawana, Delhi - DPCC",2025-06-21 16:00:00+00:00,2025-06-21 16:00:00+00:00,36.4,50.0,1.8,164.0,0.0,0.0,107.0,979.0,,toluene,3.3,"Bawana, Delhi - DPCC",16
site_1420,Delhi,Delhi,"Ashok Vihar, Delhi - DPCC",2025-06-21 16:00:00+00:00,2025-06-21 16:00:00+00:00,35.1,50.0,3.0,99.0,0.0,0.0,148.0,982.0,,toluene,0.2,"Ashok Vihar, Delhi - DPCC",16
site_1560,Delhi,Delhi,"Bawana, Delhi - DPCC",2025-06-21 16:00:00+00:00,2025-06-21 16:00:00+00:00,36.4,50.0,1.8,164.0,0.0,0.0,107.0,979.0,,so2,4.8,"Bawana, Delhi - DPCC",16
site_301,Delhi,Delhi,"Anand Vihar, Delhi - DPCC",2025-06-21 16:15:00+00:00,2025-06-21 16:15:00+00:00,35.1,54.0,1.4,183.0,,0.0,285.0,742.0,,ozone,43.6,"Anand Vihar, Delhi - DPCC",16
site_301,Delhi,Delhi,"Anand Vihar, Delhi - DPCC",2025-06-21 16:15:00+00:00,2025-06-21 16:15:00+00:00,35.1,54.0,1.4,183.0,,0.0,285.0,742.0,,no,12.7,"Anand Vihar, Delhi - DPCC",16
site_301,Delhi,Delhi,"Anand Vihar, Delhi - DPCC",2025-06-21 16:15:00+00:00,2025-06-21 16:15:00+00:00,35.1,54.0,1.4,183.0,,0.0,285.0,742.0,,nh3,44.7,"Anand Vihar, Delhi - DPCC",16
site_301,Delhi,Delhi,"Anand Vihar, Delhi - DPCC",2025-06-21 16:15:00+00:00,2025-06-21 16:15:00+00:00,35.1,54.0,1.4,183.0,,0.0,285.0,742.0,,co,1.29,"Anand Vihar, Delhi - DPCC",16
site_301,Delhi,Delhi,"Anand Vihar, Delhi - DPCC",2025-06-21 16:15:00+00:00,2025-06-21 16:15:00+00:00,35.1,54.0,1.4,183.0,,0.0,285.0,742.0,,pm10,94.0,"Anand Vihar, Delhi - DPCC",16
site_301,Delhi,Delhi,"Anand Vihar, Delhi - DPCC",2025-06-21 16:15:00+00:00,2025-06-21 16:15:00+00:00,35.1,54.0,1.4,183.0,,0.0,285.0,742.0,,pm25,33.0,"Anand Vihar, Delhi - DPCC",16
site_301,Delhi,Delhi,"Anand Vihar, Delhi - DPCC",2025-06-21 16:15:00+00:00,2025-06-21 16:15:00+00:00,35.1,54.0,1.4,183.0,,0.0,285.0,742.0,,so2,56.4,"Anand Vihar, Delhi - DPCC",16
site_301,Delhi,Delhi,"Anand Vihar, Delhi - DPCC",2025-06-21 16:15:00+00:00,2025-06-21 16:15:00+00:00,35.1,54.0,1.4,183.0,,0.0,285.0,742.0,,toluene,6.6,"Anand Vihar, Delhi - DPCC",16
site_301,Delhi,Delhi,"Anand Vihar, Delhi - DPCC",2025-06-21 16:15:00+00:00,2025-06-21 16:15:00+00:00,35.1,54.0,1.4,183.0,,0.0,285.0,742.0,,benzene,0.7,"Anand Vihar, Delhi - DPCC",16
site_5024,Delhi,Delhi,"Alipur, Delhi - DPCC",2025-06-21 16:15:00+00:00,2025-06-21 16:15:00+00:00,36.4,47.0,,259.0,0.0,0.0,191.0,977.0,,pm25,24.0,"Alipur, Delhi - DPCC",16
site_5024,Delhi,Delhi,"Alipur, Delhi - DPCC",2025-06-21 16:15:00+00:00,2025-06-21 16:15:00+00:00,36.4,47.0,,259.0,0.0,0.0,191.0,977.0,,pm10,80.0,"Alipur, Delhi - DPCC",16
site_108,Delhi,Delhi,"Aya Nagar, Delhi - IMD",2025-06-21 16:15:00+00:00,2025-06-21 16:15:00+00:00,,,,,,0.0,,,,no,4.72,"Aya Nagar, Delhi - IMD",16
site_1420,Delhi,Delhi,"Ashok Vihar, Delhi - DPCC",2025-06-21 16:15:00+00:00,2025-06-21 16:15:00+00:00,34.5,52.0,2.2,147.0,0.0,0.0,108.0,982.0,,benzene,0.1,"Ashok Vihar, Delhi - DPCC",16
site_108,Delhi,Delhi,"Aya Nagar, Delhi - IMD",2025-06-21 16:15:00+00:00,2025-06-21 16:15:00+00:00,,,,,,0.0,,,,no2,12.49,"Aya Nagar, Delhi - IMD",16
site_108,Delhi,Delhi,"Aya Nagar, Delhi - IMD",2025-06-21 16:15:00+00:00,2025-06-21 16:15:00+00:00,,,,,,0.0,,,,ozone,92.95,"Aya Nagar, Delhi - IMD",16
site_108,Delhi,Delhi,"Aya Nagar, Delhi - IMD",2025-06-21 16:15:00+00:00,2025-06-21 16:15:00+00:00,,,,,,0.0,,,,pm10,53.96,"Aya Nagar, Delhi - IMD",16
site_108,Delhi,Delhi,"Aya Nagar, Delhi - IMD",2025-06-21 16:15:00+00:00,2025-06-21 16:15:00+00:00,,,,,,0.0,,,,pm25,7.02,"Aya Nagar, Delhi - IMD",16
site_104,Delhi,Delhi,"Burari Crossing, Delhi - IMD",2025-06-21 16:15:00+00:00,2025-06-21 16:15:00+00:00,,,,,,0.0,,,,ozone,105.25,"Burari Crossing, Delhi - IMD",16
site_104,Delhi,Delhi,"Burari Crossing, Delhi - IMD",2025-06-21 16:15:00+00:00,2025-06-21 16:15:00+00:00,,,,,,0.0,,,,pm10,65.52,"Burari Crossing, Delhi - IMD",16
site_104,Delhi,Delhi,"Burari Crossing, Delhi - IMD",2025-06-21 16:15:00+00:00,2025-06-21 16:15:00+00:00,,,,,,0.0,,,,pm25,14.64,"Burari Crossing, Delhi - IMD",16
site_1560,Delhi,Delhi,"Bawana, Delhi - DPCC",2025-06-21 16:15:00+00:00,2025-06-21 16:15:00+00:00,36.1,51.0,1.7,94.0,0.0,0.0,88.0,980.0,,benzene,0.7,"Bawana, Delhi - DPCC",16
site_104,Delhi,Delhi,"Burari Crossing, Delhi - IMD",2025-06-21 16:15:00+00:00,2025-06-21 16:15:00+00:00,,,,,,0.0,,,,no2,26.05,"Burari Crossing, Delhi - IMD",16
site_104,Delhi,Delhi,"Burari Crossing, Delhi - IMD",2025-06-21 16:15:00+00:00,2025-06-21 16:15:00+00:00,,,,,,0.0,,,,no,6.93,"Burari Crossing, Delhi - IMD",16
site_104,Delhi,Delhi,"Burari Crossing, Delhi - IMD",2025-06-21 16:15:00+00:00,2025-06-21 16:15:00+00:00,,,,,,0.0,,,,co,0.62,"Burari Crossing, Delhi - IMD",16
site_108,Delhi,Delhi,"Aya Nagar, Delhi - IMD",2025-06-21 16:15:00+00:00,2025-06-21 16:15:00+00:00,,,,,,0.0,,,,co,0.94,"Aya Nagar, Delhi - IMD",16
site_1420,Delhi,Delhi,"Ashok Vihar, Delhi - DPCC",2025-06-21 16:15:00+00:00,2025-06-21 16:15:00+00:00,34.5,52.0,2.2,147.0,0.0,0.0,108.0,982.0,,co,0.81,"Ashok Vihar, Delhi - DPCC",16
site_301,Delhi,Delhi,"Anand Vihar, Delhi - DPCC",2025-06-21 16:15:00+00:00,2025-06-21 16:15:00+00:00,35.1,54.0,1.4,183.0,,0.0,285.0,742.0,,no2,27.9,"Anand Vihar, Delhi - DPCC",16
site_1420,Delhi,Delhi,"Ashok Vihar, Delhi - DPCC",2025-06-21 16:15:00+00:00,2025-06-21 16:15:00+00:00,34.5,52.0,2.2,147.0,0.0,0.0,108.0,982.0,,no,3.3,"Ashok Vihar, Delhi - DPCC",16
site_1560,Delhi,Delhi,"Bawana, Delhi - DPCC",2025-06-21 16:15:00+00:00,2025-06-21 16:15:00+00:00,36.1,51.0,1.7,94.0,0.0,0.0,88.0,980.0,,nh3,35.1,"Bawana, Delhi - DPCC",16
site_5024,Delhi,Delhi,"Alipur, Delhi - DPCC",2025-06-21 16:15:00+00:00,2025-06-21 16:15:00+00:00,36.4,47.0,,259.0,0.0,0.0,191.0,977.0,,toluene,0.3,"Alipur, Delhi - DPCC",16
site_1420,Delhi,Delhi,"Ashok Vihar, Delhi - DPCC",2025-06-21 16:15:00+00:00,2025-06-21 16:15:00+00:00,34.5,52.0,2.2,147.0,0.0,0.0,108.0,982.0,,nh3,34.3,"Ashok Vihar, Delhi - DPCC",16
site_1560,Delhi,Delhi,"Bawana, Delhi - DPCC",2025-06-21 16:15:00+00:00,2025-06-21 16:15:00+00:00,36.1,51.0,1.7,94.0,0.0,0.0,88.0,980.0,,so2,4.8,"Bawana, Delhi - DPCC",16
site_1560,Delhi,Delhi,"Bawana, Delhi - DPCC",2025-06-21 16:15:00+00:00,2025-06-21 16:15:00+00:00,36.1,51.0,1.7,94.0,0.0,0.0,88.0,980.0,,pm25,38.0,"Bawana, Delhi - DPCC",16
site_1560,Delhi,Delhi,"Bawana, Delhi - DPCC",2025-06-21 16:15:00+00:00,2025-06-21 16:15:00+00:00,36.1,51.0,1.7,94.0,0.0,0.0,88.0,980.0,,pm10,67.0,"Bawana, Delhi - DPCC",16
site_1560,Delhi,Delhi,"Bawana, Delhi - DPCC",2025-06-21 16:15:00+00:00,2025-06-21 16:15:00+00:00,36.1,51.0,1.7,94.0,0.0,0.0,88.0,980.0,,ozone,18.0,"Bawana, Delhi - DPCC",16
site_1560,Delhi,Delhi,"Bawana, Delhi - DPCC",2025-06-21 16:15:00+00:00,2025-06-21 16:15:00+00:00,36.1,51.0,1.7,94.0,0.0,0.0,88.0,980.0,,co,0.55,"Bawana, Delhi - DPCC",16
site_1560,Delhi,Delhi,"Bawana, Delhi - DPCC",2025-06-21 16:15:00+00:00,2025-06-21 16:15:00+00:00,36.1,51.0,1.7,94.0,0.0,0.0,88.0,980.0,,no2,6.4,"Bawana, Delhi - DPCC",16
site_5024,Delhi,Delhi,"Alipur, Delhi - DPCC",2025-06-21 16:15:00+00:00,2025-06-21 16:15:00+00:00,36.4,47.0,,259.0,0.0,0.0,191.0,977.0,,so2,1.3,"Alipur, Delhi - DPCC",16
site_5024,Delhi,Delhi,"Alipur, Delhi - DPCC",2025-06-21 16:15:00+00:00,2025-06-21 16:15:00+00:00,36.4,47.0,,259.0,0.0,0.0,191.0,977.0,,benzene,0.2,"Alipur, Delhi - DPCC",16
site_5024,Delhi,Delhi,"Alipur, Delhi - DPCC",2025-06-21 16:15:00+00:00,2025-06-21 16:15:00+00:00,36.4,47.0,,259.0,0.0,0.0,191.0,977.0,,co,0.97,"Alipur, Delhi - DPCC",16
site_5024,Delhi,Delhi,"Alipur, Delhi - DPCC",2025-06-21 16:15:00+00:00,2025-06-21 16:15:00+00:00,36.4,47.0,,259.0,0.0,0.0,191.0,977.0,,nh3,50.9,"Alipur, Delhi - DPCC",16
site_5024,Delhi,Delhi,"Alipur, Delhi - DPCC",2025-06-21 16:15:00+00:00,2025-06-21 16:15:00+00:00,36.4,47.0,,259.0,0.0,0.0,191.0,977.0,,no,3.2,"Alipur, Delhi - DPCC",16
site_5024,Delhi,Delhi,"Alipur, Delhi - DPCC",2025-06-21 16:15:00+00:00,2025-06-21 16:15:00+00:00,36.4,47.0,,259.0,0.0,0.0,191.0,977.0,,no2,14.6,"Alipur, Delhi - DPCC",16
site_5024,Delhi,Delhi,"Alipur, Delhi - DPCC",2025-06-21 16:15:00+00:00,2025-06-21 16:15:00+00:00,36.4,47.0,,259.0,0.0,0.0,191.0,977.0,,ozone,77.6,"Alipur, Delhi - DPCC",16
site_1560,Delhi,Delhi,"Bawana, Delhi - DPCC",2025-06-21 16:15:00+00:00,2025-06-21 16:15:00+00:00,36.1,51.0,1.7,94.0,0.0,0.0,88.0,980.0,,no,2.9,"Bawana, Delhi - DPCC",16
site_1420,Delhi,Delhi,"Ashok Vihar, Delhi - DPCC",2025-06-21 16:15:00+00:00,2025-06-21 16:15:00+00:00,34.5,52.0,2.2,147.0,0.0,0.0,108.0,982.0,,toluene,0.4,"Ashok Vihar, Delhi - DPCC",16
site_1560,Delhi,Delhi,"Bawana, Delhi - DPCC",2025-06-21 16:15:00+00:00,2025-06-21 16:15:00+00:00,36.1,51.0,1.7,94.0,0.0,0.0,88.0,980.0,,toluene,5.0,"Bawana, Delhi - DPCC",16
site_1420,Delhi,Delhi,"Ashok Vihar, Delhi - DPCC",2025-06-21 16:15:00+00:00,2025-06-21 16:15:00+00:00,34.5,52.0,2.2,147.0,0.0,0.0,108.0,982.0,,pm25,22.0,"Ashok Vihar, Delhi - DPCC",16
site_1420,Delhi,Delhi,"Ashok Vihar, Delhi - DPCC",2025-06-21 16:15:00+00:00,2025-06-21 16:15:00+00:00,34.5,52.0,2.2,147.0,0.0,0.0,108.0,982.0,,no2,11.7,"Ashok Vihar, Delhi - DPCC",16
site_1420,Delhi,Delhi,"Ashok Vihar, Delhi - DPCC",2025-06-21 16:15:00+00:00,2025-06-21 16:15:00+00:00,34.5,52.0,2.2,147.0,0.0,0.0,108.0,982.0,,ozone,74.0,"Ashok Vihar, Delhi - DPCC",16
site_1420,Delhi,Delhi,"Ashok Vihar, Delhi - DPCC",2025-06-21 16:15:00+00:00,2025-06-21 16:15:00+00:00,34.5,52.0,2.2,147.0,0.0,0.0,108.0,982.0,,so2,8.5,"Ashok Vihar, Delhi - DPCC",16
site_1420,Delhi,Delhi,"Ashok Vihar, Delhi - DPCC",2025-06-21 16:15:00+00:00,2025-06-21 16:15:00+00:00,34.5,52.0,2.2,147.0,0.0,0.0,108.0,982.0,,pm10,61.0,"Ashok Vihar, Delhi - DPCC",16
site_301,Delhi,Delhi,"Anand Vihar, Delhi - DPCC",2025-06-21 16:30:00+00:00,2025-06-21 16:30:00+00:00,34.7,54.0,1.9,125.0,,0.0,280.0,742.0,,pm10,94.0,"Anand Vihar, Delhi - DPCC",16
site_5024,Delhi,Delhi,"Alipur, Delhi - DPCC",2025-06-21 16:30:00+00:00,2025-06-21 16:30:00+00:00,36.0,48.0,,248.0,0.0,0.0,141.0,977.0,,no2,14.8,"Alipur, Delhi - DPCC",16
site_5024,Delhi,Delhi,"Alipur, Delhi - DPCC",2025-06-21 16:30:00+00:00,2025-06-21 16:30:00+00:00,36.0,48.0,,248.0,0.0,0.0,141.0,977.0,,ozone,75.0,"Alipur, Delhi - DPCC",16
site_5024,Delhi,Delhi,"Alipur, Delhi - DPCC",2025-06-21 16:30:00+00:00,2025-06-21 16:30:00+00:00,36.0,48.0,,248.0,0.0,0.0,141.0,977.0,,pm10,80.0,"Alipur, Delhi - DPCC",16
site_1560,Delhi,Delhi,"Bawana, Delhi - DPCC",2025-06-21 16:30:00+00:00,2025-06-21 16:30:00+00:00,36.0,51.0,1.8,118.0,0.0,0.0,105.0,981.0,,so2,4.9,"Bawana, Delhi - DPCC",16
site_5024,Delhi,Delhi,"Alipur, Delhi - DPCC",2025-06-21 16:30:00+00:00,2025-06-21 16:30:00+00:00,36.0,48.0,,248.0,0.0,0.0,141.0,977.0,,so2,1.6,"Alipur, Delhi - DPCC",16
site_5024,Delhi,Delhi,"Alipur, Delhi - DPCC",2025-06-21 16:30:00+00:00,2025-06-21 16:30:00+00:00,36.0,48.0,,248.0,0.0,0.0,141.0,977.0,,toluene,0.3,"Alipur, Delhi - DPCC",16
site_301,Delhi,Delhi,"Anand Vihar, Delhi - DPCC",2025-06-21 16:30:00+00:00,2025-06-21 16:30:00+00:00,34.7,54.0,1.9,125.0,,0.0,280.0,742.0,,so2,57.4,"Anand Vihar, Delhi - DPCC",16
site_5024,Delhi,Delhi,"Alipur, Delhi - DPCC",2025-06-21 16:30:00+00:00,2025-06-21 16:30:00+00:00,36.0,48.0,,248.0,0.0,0.0,141.0,977.0,,co,0.94,"Alipur, Delhi - DPCC",16
site_1560,Delhi,Delhi,"Bawana, Delhi - DPCC",2025-06-21 16:30:00+00:00,2025-06-21 16:30:00+00:00,36.0,51.0,1.8,118.0,0.0,0.0,105.0,981.0,,toluene,4.6,"Bawana, Delhi - DPCC",16
site_301,Delhi,Delhi,"Anand Vihar, Delhi - DPCC",2025-06-21 16:30:00+00:00,2025-06-21 16:30:00+00:00,34.7,54.0,1.9,125.0,,0.0,280.0,742.0,,pm25,33.0,"Anand Vihar, Delhi - DPCC",16
site_5024,Delhi,Delhi,"Alipur, Delhi - DPCC",2025-06-21 16:30:00+00:00,2025-06-21 16:30:00+00:00,36.0,48.0,,248.0,0.0,0.0,141.0,977.0,,pm25,24.0,"Alipur, Delhi - DPCC",16
site_1560,Delhi,Delhi,"Bawana, Delhi - DPCC",2025-06-21 16:30:00+00:00,2025-06-21 16:30:00+00:00,36.0,51.0,1.8,118.0,0.0,0.0,105.0,981.0,,pm10,67.0,"Bawana, Delhi - DPCC",16
site_1560,Delhi,Delhi,"Bawana, Delhi - DPCC",2025-06-21 16:30:00+00:00,2025-06-21 16:30:00+00:00,36.0,51.0,1.8,118.0,0.0,0.0,105.0,981.0,,ozone,17.8,"Bawana, Delhi - DPCC",16
site_1560,Delhi,Delhi,"Bawana, Delhi - DPCC",2025-06-21 16:30:00+00:00,2025-06-21 16:30:00+00:00,36.0,51.0,1.8,118.0,0.0,0.0,105.0,981.0,,no2,6.9,"Bawana, Delhi - DPCC",16
site_1560,Delhi,Delhi,"Bawana, Delhi - DPCC",2025-06-21 16:30:00+00:00,2025-06-21 16:30:00+00:00,36.0,51.0,1.8,118.0,0.0,0.0,105.0,981.0,,no,2.7,"Bawana, Delhi - DPCC",16
site_1560,Delhi,Delhi,"Bawana, Delhi - DPCC",2025-06-21 16:30:00+00:00,2025-06-21 16:30:00+00:00,36.0,51.0,1.8,118.0,0.0,0.0,105.0,981.0,,nh3,32.9,"Bawana, Delhi - DPCC",16
site_301,Delhi,Delhi,"Anand Vihar, Delhi - DPCC",2025-06-21 16:30:00+00:00,2025-06-21 16:30:00+00:00,34.7,54.0,1.9,125.0,,0.0,280.0,742.0,,benzene,0.6,"Anand Vihar, Delhi - DPCC",16
site_301,Delhi,Delhi,"Anand Vihar, Delhi - DPCC",2025-06-21 16:30:00+00:00,2025-06-21 16:30:00+00:00,34.7,54.0,1.9,125.0,,0.0,280.0,742.0,,co,1.34,"Anand Vihar, Delhi - DPCC",16
site_301,Delhi,Delhi,"Anand Vihar, Delhi - DPCC",2025-06-21 16:30:00+00:00,2025-06-21 16:30:00+00:00,34.7,54.0,1.9,125.0,,0.0,280.0,742.0,,ozone,31.7,"Anand Vihar, Delhi - DPCC",16
site_301,Delhi,Delhi,"Anand Vihar, Delhi - DPCC",2025-06-21 16:30:00+00:00,2025-06-21 16:30:00+00:00,34.7,54.0,1.9,125.0,,0.0,280.0,742.0,,no2,33.1,"Anand Vihar, Delhi - DPCC",16
site_301,Delhi,Delhi,"Anand Vihar, Delhi - DPCC",2025-06-21 16:30:00+00:00,2025-06-21 16:30:00+00:00,34.7,54.0,1.9,125.0,,0.0,280.0,742.0,,nh3,42.4,"Anand Vihar, Delhi - DPCC",16
site_1560,Delhi,Delhi,"Bawana, Delhi - DPCC",2025-06-21 16:30:00+00:00,2025-06-21 16:30:00+00:00,36.0,51.0,1.8,118.0,0.0,0.0,105.0,981.0,,benzene,0.6,"Bawana, Delhi - DPCC",16
site_1560,Delhi,Delhi,"Bawana, Delhi - DPCC",2025-06-21 16:30:00+00:00,2025-06-21 16:30:00+00:00,36.0,51.0,1.8,118.0,0.0,0.0,105.0,981.0,,co,0.55,"Bawana, Delhi - DPCC",16
site_301,Delhi,Delhi,"Anand Vihar, Delhi - DPCC",2025-06-21 16:30:00+00:00,2025-06-21 16:30:00+00:00,34.7,54.0,1.9,125.0,,0.0,280.0,742.0,,no,10.3,"Anand Vihar, Delhi - DPCC",16
site_301,Delhi,Delhi,"Anand Vihar, Delhi - DPCC",2025-06-21 16:30:00+00:00,2025-06-21 16:30:00+00:00,34.7,54.0,1.9,125.0,,0.0,280.0,742.0,,toluene,7.0,"Anand Vihar, Delhi - DPCC",16
site_1560,Delhi,Delhi,"Bawana, Delhi - DPCC",2025-06-21 16:30:00+00:00,2025-06-21 16:30:00+00:00,36.0,51.0,1.8,118.0,0.0,0.0,105.0,981.0,,pm25,38.0,"Bawana, Delhi - DPCC",16
site_5024,Delhi,Delhi,"Alipur, Delhi - DPCC",2025-06-21 16:30:00+00:00,2025-06-21 16:30:00+00:00,36.0,48.0,,248.0,0.0,0.0,141.0,977.0,,no,3.0,"Alipur, Delhi - DPCC",16
site_5024,Delhi,Delhi,"Alipur, Delhi - DPCC",2025-06-21 16:30:00+00:00,2025-06-21 16:30:00+00:00,36.0,48.0,,248.0,0.0,0.0,141.0,977.0,,nh3,51.1,"Alipur, Delhi - DPCC",16
site_1420,Delhi,Delhi,"Ashok Vihar, Delhi - DPCC",2025-06-21 16:30:00+00:00,2025-06-21 16:30:00+00:00,34.3,53.0,2.1,186.0,0.0,0.0,80.0,982.0,,no,3.1,"Ashok Vihar, Delhi - DPCC",16
site_108,Delhi,Delhi,"Aya Nagar, Delhi - IMD",2025-06-21 16:30:00+00:00,2025-06-21 16:30:00+00:00,,,,,,0.0,,,,co,0.95,"Aya Nagar, Delhi - IMD",16
site_108,Delhi,Delhi,"Aya Nagar, Delhi - IMD",2025-06-21 16:30:00+00:00,2025-06-21 16:30:00+00:00,,,,,,0.0,,,,no,3.95,"Aya Nagar, Delhi - IMD",16
site_108,Delhi,Delhi,"Aya Nagar, Delhi - IMD",2025-06-21 16:30:00+00:00,2025-06-21 16:30:00+00:00,,,,,,0.0,,,,no2,12.03,"Aya Nagar, Delhi - IMD",16
site_108,Delhi,Delhi,"Aya Nagar, Delhi - IMD",2025-06-21 16:30:00+00:00,2025-06-21 16:30:00+00:00,,,,,,0.0,,,,ozone,95.75,"Aya Nagar, Delhi - IMD",16
site_108,Delhi,Delhi,"Aya Nagar, Delhi - IMD",2025-06-21 16:30:00+00:00,2025-06-21 16:30:00+00:00,,,,,,0.0,,,,pm10,59.36,"Aya Nagar, Delhi - IMD",16
site_108,Delhi,Delhi,"Aya Nagar, Delhi - IMD",2025-06-21 16:30:00+00:00,2025-06-21 16:30:00+00:00,,,,,,0.0,,,,pm25,15.31,"Aya Nagar, Delhi - IMD",16
site_1420,Delhi,Delhi,"Ashok Vihar, Delhi - DPCC",2025-06-21 16:30:00+00:00,2025-06-21 16:30:00+00:00,34.3,53.0,2.1,186.0,0.0,0.0,80.0,982.0,,pm10,61.0,"Ashok Vihar, Delhi - DPCC",16
site_1420,Delhi,Delhi,"Ashok Vihar, Delhi - DPCC",2025-06-21 16:30:00+00:00,2025-06-21 16:30:00+00:00,34.3,53.0,2.1,186.0,0.0,0.0,80.0,982.0,,nh3,32.6,"Ashok Vihar, Delhi - DPCC",16
site_1420,Delhi,Delhi,"Ashok Vihar, Delhi - DPCC",2025-06-21 16:30:00+00:00,2025-06-21 16:30:00+00:00,34.3,53.0,2.1,186.0,0.0,0.0,80.0,982.0,,co,0.8,"Ashok Vihar, Delhi - DPCC",16
site_1420,Delhi,Delhi,"Ashok Vihar, Delhi - DPCC",2025-06-21 16:30:00+00:00,2025-06-21 16:30:00+00:00,34.3,53.0,2.1,186.0,0.0,0.0,80.0,982.0,,pm25,22.0,"Ashok Vihar, Delhi - DPCC",16
site_1420,Delhi,Delhi,"Ashok Vihar, Delhi - DPCC",2025-06-21 16:30:00+00:00,2025-06-21 16:30:00+00:00,34.3,53.0,2.1,186.0,0.0,0.0,80.0,982.0,,so2,10.0,"Ashok Vihar, Delhi - DPCC",16
site_5024,Delhi,Delhi,"Alipur, Delhi - DPCC",2025-06-21 16:30:00+00:00,2025-06-21 16:30:00+00:00,36.0,48.0,,248.0,0.0,0.0,141.0,977.0,,benzene,0.3,"Alipur, Delhi - DPCC",16
site_1420,Delhi,Delhi,"Ashok Vihar, Delhi - DPCC",2025-06-21 16:30:00+00:00,2025-06-21 16:30:00+00:00,34.3,53.0,2.1,186.0,0.0,0.0,80.0,982.0,,benzene,0.1,"Ashok Vihar, Delhi - DPCC",16
site_104,Delhi,Delhi,"Burari Crossing, Delhi - IMD",2025-06-21 16:30:00+00:00,2025-06-21 16:30:00+00:00,,,,,,0.0,,,,co,0.6,"Burari Crossing, Delhi - IMD",16
site_1420,Delhi,Delhi,"Ashok Vihar, Delhi - DPCC",2025-06-21 16:30:00+00:00,2025-06-21 16:30:00+00:00,34.3,53.0,2.1,186.0,0.0,0.0,80.0,982.0,,no2,12.4,"Ashok Vihar, Delhi - DPCC",16
site_104,Delhi,Delhi,"Burari Crossing, Delhi - IMD",2025-06-21 16:30:00+00:00,2025-06-21 16:30:00+00:00,,,,,,0.0,,,,no,7.42,"Burari Crossing, Delhi - IMD",16
site_1420,Delhi,Delhi,"Ashok Vihar, Delhi - DPCC",2025-06-21 16:30:00+00:00,2025-06-21 16:30:00+00:00,34.3,53.0,2.1,186.0,0.0,0.0,80.0,982.0,,ozone,69.6,"Ashok Vihar, Delhi - DPCC",16
site_1420,Delhi,Delhi,"Ashok Vihar, Delhi - DPCC",2025-06-21 16:30:00+00:00,2025-06-21 16:30:00+00:00,34.3,53.0,2.1,186.0,0.0,0.0,80.0,982.0,,toluene,2.0,"Ashok Vihar, Delhi - DPCC",16
site_104,Delhi,Delhi,"Burari Crossing, Delhi - IMD",2025-06-21 16:30:00+00:00,2025-06-21 16:30:00+00:00,,,,,,0.0,,,,pm25,24.29,"Burari Crossing, Delhi - IMD",16
site_104,Delhi,Delhi,"Burari Crossing, Delhi - IMD",2025-06-21 16:30:00+00:00,2025-06-21 16:30:00+00:00,,,,,,0.0,,,,pm10,78.96,"Burari Crossing, Delhi - IMD",16
site_104,Delhi,Delhi,"Burari Crossing, Delhi - IMD",2025-06-21 16:30:00+00:00,2025-06-21 16:30:00+00:00,,,,,,0.0,,,,ozone,99.0,"Burari Crossing, Delhi - IMD",16
site_104,Delhi,Delhi,"Burari Crossing, Delhi - IMD",2025-06-21 16:30:00+00:00,2025-06-21 16:30:00+00:00,,,,,,0.0,,,,no2,27.77,"Burari Crossing, Delhi - IMD",16
site_5024,Delhi,Delhi,"Alipur, Delhi - DPCC",2025-06-21 16:45:00+00:00,2025-06-21 16:45:00+00:00,35.9,48.0,,245.0,0.0,0.0,124.0,976.0,,toluene,0.2,"Alipur, Delhi - DPCC",16
site_1560,Delhi,Delhi,"Bawana, Delhi - DPCC",2025-06-21 16:45:00+00:00,2025-06-21 16:45:00+00:00,36.0,51.0,1.7,133.0,0.0,0.0,95.0,981.0,,toluene,5.1,"Bawana, Delhi - DPCC",16
site_1560,Delhi,Delhi,"Bawana, Delhi - DPCC",2025-06-21 16:45:00+00:00,2025-06-21 16:45:00+00:00,36.0,51.0,1.7,133.0,0.0,0.0,95.0,981.0,,co,0.54,"Bawana, Delhi - DPCC",16
site_1560,Delhi,Delhi,"Bawana, Delhi - DPCC",2025-06-21 16:45:00+00:00,2025-06-21 16:45:00+00:00,36.0,51.0,1.7,133.0,0.0,0.0,95.0,981.0,,pm10,67.0,"Bawana, Delhi - DPCC",16
site_1560,Delhi,Delhi,"Bawana, Delhi - DPCC",2025-06-21 16:45:00+00:00,2025-06-21 16:45:00+00:00,36.0,51.0,1.7,133.0,0.0,0.0,95.0,981.0,,ozone,16.2,"Bawana, Delhi - DPCC",16
site_1560,Delhi,Delhi,"Bawana, Delhi - DPCC",2025-06-21 16:45:00+00:00,2025-06-21 16:45:00+00:00,36.0,51.0,1.7,133.0,0.0,0.0,95.0,981.0,,no2,6.8,"Bawana, Delhi - DPCC",16
site_1560,Delhi,Delhi,"Bawana, Delhi - DPCC",2025-06-21 16:45:00+00:00,2025-06-21 16:45:00+00:00,36.0,51.0,1.7,133.0,0.0,0.0,95.0,981.0,,benzene,0.6,"Bawana, Delhi - DPCC",16
site_1560,Delhi,Delhi,"Bawana, Delhi - DPCC",2025-06-21 16:45:00+00:00,2025-06-21 16:45:00+00:00,36.0,51.0,1.7,133.0,0.0,0.0,95.0,981.0,,no,2.7,"Bawana, Delhi - DPCC",16
site_1560,Delhi,Delhi,"Bawana, Delhi - DPCC",2025-06-21 16:45:00+00:00,2025-06-21 16:45:00+00:00,36.0,51.0,1.7,133.0,0.0,0.0,95.0,981.0,,nh3,32.6,"Bawana, Delhi - DPCC",16
site_1560,Delhi,Delhi,"Bawana, Delhi - DPCC",2025-06-21 16:45:00+00:00,2025-06-21 16:45:00+00:00,36.0,51.0,1.7,133.0,0.0,0.0,95.0,981.0,,pm25,38.0,"Bawana, Delhi - DPCC",16
site_1560,Delhi,Delhi,"Bawana, Delhi - DPCC",2025-06-21 16:45:00+00:00,2025-06-21 16:45:00+00:00,36.0,51.0,1.7,133.0,0.0,0.0,95.0,981.0,,so2,5.0,"Bawana, Delhi - DPCC",16
site_108,Delhi,Delhi,"Aya Nagar, Delhi - IMD",2025-06-21 16:45:00+00:00,2025-06-21 16:45:00+00:00,,,,,,0.0,,,,no2,10.46,"Aya Nagar, Delhi - IMD",16
site_104,Delhi,Delhi,"Burari Crossing, Delhi - IMD",2025-06-21 16:45:00+00:00,2025-06-21 16:45:00+00:00,,,,,,0.0,,,,pm25,27.97,"Burari Crossing, Delhi - IMD",16
site_104,Delhi,Delhi,"Burari Crossing, Delhi - IMD",2025-06-21 16:45:00+00:00,2025-06-21 16:45:00+00:00,,,,,,0.0,,,,pm10,88.46,"Burari Crossing, Delhi - IMD",16
site_104,Delhi,Delhi,"Burari Crossing, Delhi - IMD",2025-06-21 16:45:00+00:00,2025-06-21 16:45:00+00:00,,,,,,0.0,,,,ozone,86.44,"Burari Crossing, Delhi - IMD",16
site_5024,Delhi,Delhi,"Alipur, Delhi - DPCC",2025-06-21 16:45:00+00:00,2025-06-21 16:45:00+00:00,35.9,48.0,,245.0,0.0,0.0,124.0,976.0,,pm25,24.0,"Alipur, Delhi - DPCC",16
site_5024,Delhi,Delhi,"Alipur, Delhi - DPCC",2025-06-21 16:45:00+00:00,2025-06-21 16:45:00+00:00,35.9,48.0,,245.0,0.0,0.0,124.0,976.0,,pm10,80.0,"Alipur, Delhi - DPCC",16
site_5024,Delhi,Delhi,"Alipur, Delhi - DPCC",2025-06-21 16:45:00+00:00,2025-06-21 16:45:00+00:00,35.9,48.0,,245.0,0.0,0.0,124.0,976.0,,ozone,76.4,"Alipur, Delhi - DPCC",16
site_5024,Delhi,Delhi,"Alipur, Delhi - DPCC",2025-06-21 16:45:00+00:00,2025-06-21 16:45:00+00:00,35.9,48.0,,245.0,0.0,0.0,124.0,976.0,,no2,14.6,"Alipur, Delhi - DPCC",16
site_5024,Delhi,Delhi,"Alipur, Delhi - DPCC",2025-06-21 16:45:00+00:00,2025-06-21 16:45:00+00:00,35.9,48.0,,245.0,0.0,0.0,124.0,976.0,,no,3.1,"Alipur, Delhi - DPCC",16
site_5024,Delhi,Delhi,"Alipur, Delhi - DPCC",2025-06-21 16:45:00+00:00,2025-06-21 16:45:00+00:00,35.9,48.0,,245.0,0.0,0.0,124.0,976.0,,nh3,51.1,"Alipur, Delhi - DPCC",16
site_5024,Delhi,Delhi,"Alipur, Delhi - DPCC",2025-06-21 16:45:00+00:00,2025-06-21 16:45:00+00:00,35.9,48.0,,245.0,0.0,0.0,124.0,976.0,,co,0.98,"Alipur, Delhi - DPCC",16
site_5024,Delhi,Delhi,"Alipur, Delhi - DPCC",2025-06-21 16:45:00+00:00,2025-06-21 16:45:00+00:00,35.9,48.0,,245.0,0.0,0.0,124.0,976.0,,benzene,0.3,"Alipur, Delhi - DPCC",16
site_104,Delhi,Delhi,"Burari Crossing, Delhi - IMD",2025-06-21 16:45:00+00:00,2025-06-21 16:45:00+00:00,,,,,,0.0,,,,co,0.6,"Burari Crossing, Delhi - IMD",16
site_104,Delhi,Delhi,"Burari Crossing, Delhi - IMD",2025-06-21 16:45:00+00:00,2025-06-21 16:45:00+00:00,,,,,,0.0,,,,no2,28.88,"Burari Crossing, Delhi - IMD",16
site_104,Delhi,Delhi,"Burari Crossing, Delhi - IMD",2025-06-21 16:45:00+00:00,2025-06-21 16:45:00+00:00,,,,,,0.0,,,,no,7.59,"Burari Crossing, Delhi - IMD",16
site_1420,Delhi,Delhi,"Ashok Vihar, Delhi - DPCC",2025-06-21 16:45:00+00:00,2025-06-21 16:45:00+00:00,33.7,57.0,2.8,141.0,0.0,0.0,119.0,982.0,,benzene,0.1,"Ashok Vihar, Delhi - DPCC",16
site_108,Delhi,Delhi,"Aya Nagar, Delhi - IMD",2025-06-21 16:45:00+00:00,2025-06-21 16:45:00+00:00,,,,,,0.0,,,,no,3.98,"Aya Nagar, Delhi - IMD",16
site_108,Delhi,Delhi,"Aya Nagar, Delhi - IMD",2025-06-21 16:45:00+00:00,2025-06-21 16:45:00+00:00,,,,,,0.0,,,,pm25,24.62,"Aya Nagar, Delhi - IMD",16
site_1420,Delhi,Delhi,"Ashok Vihar, Delhi - DPCC",2025-06-21 16:45:00+00:00,2025-06-21 16:45:00+00:00,33.7,57.0,2.8,141.0,0.0,0.0,119.0,982.0,,pm25,22.0,"Ashok Vihar, Delhi - DPCC",16
site_301,Delhi,Delhi,"Anand Vihar, Delhi - DPCC",2025-06-21 16:45:00+00:00,2025-06-21 16:45:00+00:00,34.4,56.0,1.1,111.0,,0.0,284.0,742.0,,pm25,33.0,"Anand Vihar, Delhi - DPCC",16
site_301,Delhi,Delhi,"Anand Vihar, Delhi - DPCC",2025-06-21 16:45:00+00:00,2025-06-21 16:45:00+00:00,34.4,56.0,1.1,111.0,,0.0,284.0,742.0,,pm10,94.0,"Anand Vihar, Delhi - DPCC",16
site_301,Delhi,Delhi,"Anand Vihar, Delhi - DPCC",2025-06-21 16:45:00+00:00,2025-06-21 16:45:00+00:00,34.4,56.0,1.1,111.0,,0.0,284.0,742.0,,ozone,38.3,"Anand Vihar, Delhi - DPCC",16
site_1420,Delhi,Delhi,"Ashok Vihar, Delhi - DPCC",2025-06-21 16:45:00+00:00,2025-06-21 16:45:00+00:00,33.7,57.0,2.8,141.0,0.0,0.0,119.0,982.0,,nh3,32.8,"Ashok Vihar, Delhi - DPCC",16
site_1420,Delhi,Delhi,"Ashok Vihar, Delhi - DPCC",2025-06-21 16:45:00+00:00,2025-06-21 16:45:00+00:00,33.7,57.0,2.8,141.0,0.0,0.0,119.0,982.0,,toluene,1.1,"Ashok Vihar, Delhi - DPCC",16
site_301,Delhi,Delhi,"Anand Vihar, Delhi - DPCC",2025-06-21 16:45:00+00:00,2025-06-21 16:45:00+00:00,34.4,56.0,1.1,111.0,,0.0,284.0,742.0,,no,13.2,"Anand Vihar, Delhi - DPCC",16
site_1420,Delhi,Delhi,"Ashok Vihar, Delhi - DPCC",2025-06-21 16:45:00+00:00,2025-06-21 16:45:00+00:00,33.7,57.0,2.8,141.0,0.0,0.0,119.0,982.0,,co,0.85,"Ashok Vihar, Delhi - DPCC",16
site_1420,Delhi,Delhi,"Ashok Vihar, Delhi - DPCC",2025-06-21 16:45:00+00:00,2025-06-21 16:45:00+00:00,33.7,57.0,2.8,141.0,0.0,0.0,119.0,982.0,,no,3.0,"Ashok Vihar, Delhi - DPCC",16
site_301,Delhi,Delhi,"Anand Vihar, Delhi - DPCC",2025-06-21 16:45:00+00:00,2025-06-21 16:45:00+00:00,34.4,56.0,1.1,111.0,,0.0,284.0,742.0,,nh3,48.5,"Anand Vihar, Delhi - DPCC",16
site_301,Delhi,Delhi,"Anand Vihar, Delhi - DPCC",2025-06-21 16:45:00+00:00,2025-06-21 16:45:00+00:00,34.4,56.0,1.1,111.0,,0.0,284.0,742.0,,co,1.33,"Anand Vihar, Delhi - DPCC",16
site_301,Delhi,Delhi,"Anand Vihar, Delhi - DPCC",2025-06-21 16:45:00+00:00,2025-06-21 16:45:00+00:00,34.4,56.0,1.1,111.0,,0.0,284.0,742.0,,benzene,0.7,"Anand Vihar, Delhi - DPCC",16
site_1420,Delhi,Delhi,"Ashok Vihar, Delhi - DPCC",2025-06-21 16:45:00+00:00,2025-06-21 16:45:00+00:00,33.7,57.0,2.8,141.0,0.0,0.0,119.0,982.0,,ozone,61.0,"Ashok Vihar, Delhi - DPCC",16
site_1420,Delhi,Delhi,"Ashok Vihar, Delhi - DPCC",2025-06-21 16:45:00+00:00,2025-06-21 16:45:00+00:00,33.7,57.0,2.8,141.0,0.0,0.0,119.0,982.0,,pm10,61.0,"Ashok Vihar, Delhi - DPCC",16
site_1420,Delhi,Delhi,"Ashok Vihar, Delhi - DPCC",2025-06-21 16:45:00+00:00,2025-06-21 16:45:00+00:00,33.7,57.0,2.8,141.0,0.0,0.0,119.0,982.0,,so2,9.6,"Ashok Vihar, Delhi - DPCC",16
site_1420,Delhi,Delhi,"Ashok Vihar, Delhi - DPCC",2025-06-21 16:45:00+00:00,2025-06-21 16:45:00+00:00,33.7,57.0,2.8,141.0,0.0,0.0,119.0,982.0,,no2,15.0,"Ashok Vihar, Delhi - DPCC",16
site_301,Delhi,Delhi,"Anand Vihar, Delhi - DPCC",2025-06-21 16:45:00+00:00,2025-06-21 16:45:00+00:00,34.4,56.0,1.1,111.0,,0.0,284.0,742.0,,so2,56.3,"Anand Vihar, Delhi - DPCC",16
site_301,Delhi,Delhi,"Anand Vihar, Delhi - DPCC",2025-06-21 16:45:00+00:00,2025-06-21 16:45:00+00:00,34.4,56.0,1.1,111.0,,0.0,284.0,742.0,,no2,31.0,"Anand Vihar, Delhi - DPCC",16
site_108,Delhi,Delhi,"Aya Nagar, Delhi - IMD",2025-06-21 16:45:00+00:00,2025-06-21 16:45:00+00:00,,,,,,0.0,,,,ozone,93.79,"Aya Nagar, Delhi - IMD",16
site_108,Delhi,Delhi,"Aya Nagar, Delhi - IMD",2025-06-21 16:45:00+00:00,2025-06-21 16:45:00+00:00,,,,,,0.0,,,,pm10,67.38,"Aya Nagar, Delhi - IMD",16
site_108,Delhi,Delhi,"Aya Nagar, Delhi - IMD",2025-06-21 16:45:00+00:00,2025-06-21 16:45:00+00:00,,,,,,0.0,,,,co,0.95,"Aya Nagar, Delhi - IMD",16
site_301,Delhi,Delhi,"Anand Vihar, Delhi - DPCC",2025-06-21 16:45:00+00:00,2025-06-21 16:45:00+00:00,34.4,56.0,1.1,111.0,,0.0,284.0,742.0,,toluene,7.7,"Anand Vihar, Delhi - DPCC",16
site_301,Delhi,Delhi,"Anand Vihar, Delhi - DPCC",2025-06-21 17:00:00+00:00,2025-06-21 17:00:00+00:00,34.3,56.0,1.4,126.0,,0.0,269.0,742.0,,benzene,0.6,"Anand Vihar, Delhi - DPCC",17
site_1420,Delhi,Delhi,"Ashok Vihar, Delhi - DPCC",2025-06-21 17:00:00+00:00,2025-06-21 17:00:00+00:00,33.8,57.0,1.9,134.0,0.0,0.0,113.0,982.0,,no,3.9,"Ashok Vihar, Delhi - DPCC",17
site_1420,Delhi,Delhi,"Ashok Vihar, Delhi - DPCC",2025-06-21 17:00:00+00:00,2025-06-21 17:00:00+00:00,33.8,57.0,1.9,134.0,0.0,0.0,113.0,982.0,,no2,16.6,"Ashok Vihar, Delhi - DPCC",17
site_1420,Delhi,Delhi,"Ashok Vihar, Delhi - DPCC",2025-06-21 17:00:00+00:00,2025-06-21 17:00:00+00:00,33.8,57.0,1.9,134.0,0.0,0.0,113.0,982.0,,ozone,47.1,"Ashok Vihar, Delhi - DPCC",17
site_1420,Delhi,Delhi,"Ashok Vihar, Delhi - DPCC",2025-06-21 17:00:00+00:00,2025-06-21 17:00:00+00:00,33.8,57.0,1.9,134.0,0.0,0.0,113.0,982.0,,pm10,72.0,"Ashok Vihar, Delhi - DPCC",17
site_1420,Delhi,Delhi,"Ashok Vihar, Delhi - DPCC",2025-06-21 17:00:00+00:00,2025-06-21 17:00:00+00:00,33.8,57.0,1.9,134.0,0.0,0.0,113.0,982.0,,pm25,33.0,"Ashok Vihar, Delhi - DPCC",17
site_1420,Delhi,Delhi,"Ashok Vihar, Delhi - DPCC",2025-06-21 17:00:00+00:00,2025-06-21 17:00:00+00:00,33.8,57.0,1.9,134.0,0.0,0.0,113.0,982.0,,so2,8.4,"Ashok Vihar, Delhi - DPCC",17
site_1420,Delhi,Delhi,"Ashok Vihar, Delhi - DPCC",2025-06-21 17:00:00+00:00,2025-06-21 17:00:00+00:00,33.8,57.0,1.9,134.0,0.0,0.0,113.0,982.0,,toluene,0.7,"Ashok Vihar, Delhi - DPCC",17
site_108,Delhi,Delhi,"Aya Nagar, Delhi - IMD",2025-06-21 17:00:00+00:00,2025-06-21 17:00:00+00:00,,,,,,0.0,,,,co,0.94,"Aya Nagar, Delhi - IMD",17
site_108,Delhi,Delhi,"Aya Nagar, Delhi - IMD",2025-06-21 17:00:00+00:00,2025-06-21 17:00:00+00:00,,,,,,0.0,,,,no,4.44,"Aya Nagar, Delhi - IMD",17
site_301,Delhi,Delhi,"Anand Vihar, Delhi - DPCC",2025-06-21 17:00:00+00:00,2025-06-21 17:00:00+00:00,34.3,56.0,1.4,126.0,,0.0,269.0,742.0,,toluene,9.0,"Anand Vihar, Delhi - DPCC",17
site_104,Delhi,Delhi,"Burari Crossing, Delhi - IMD",2025-06-21 17:00:00+00:00,2025-06-21 17:00:00+00:00,,,,,,0.0,,,,pm25,31.3,"Burari Crossing, Delhi - IMD",17
site_301,Delhi,Delhi,"Anand Vihar, Delhi - DPCC",2025-06-21 17:00:00+00:00,2025-06-21 17:00:00+00:00,34.3,56.0,1.4,126.0,,0.0,269.0,742.0,,pm25,23.0,"Anand Vihar, Delhi - DPCC",17
site_104,Delhi,Delhi,"Burari Crossing, Delhi - IMD",2025-06-21 17:00:00+00:00,2025-06-21 17:00:00+00:00,,,,,,0.0,,,,pm10,99.09,"Burari Crossing, Delhi - IMD",17
site_104,Delhi,Delhi,"Burari Crossing, Delhi - IMD",2025-06-21 17:00:00+00:00,2025-06-21 17:00:00+00:00,,,,,,0.0,,,,ozone,56.93,"Burari Crossing, Delhi - IMD",17
site_104,Delhi,Delhi,"Burari Crossing, Delhi - IMD",2025-06-21 17:00:00+00:00,2025-06-21 17:00:00+00:00,,,,,,0.0,,,,no2,31.17,"Burari Crossing, Delhi - IMD",17
site_104,Delhi,Delhi,"Burari Crossing, Delhi - IMD",2025-06-21 17:00:00+00:00,2025-06-21 17:00:00+00:00,,,,,,0.0,,,,no,8.9,"Burari Crossing, Delhi - IMD",17
site_104,Delhi,Delhi,"Burari Crossing, Delhi - IMD",2025-06-21 17:00:00+00:00,2025-06-21 17:00:00+00:00,,,,,,0.0,,,,co,0.65,"Burari Crossing, Delhi - IMD",17
site_301,Delhi,Delhi,"Anand Vihar, Delhi - DPCC",2025-06-21 17:00:00+00:00,2025-06-21 17:00:00+00:00,34.3,56.0,1.4,126.0,,0.0,269.0,742.0,,pm10,103.0,"Anand Vihar, Delhi - DPCC",17
site_301,Delhi,Delhi,"Anand Vihar, Delhi - DPCC",2025-06-21 17:00:00+00:00,2025-06-21 17:00:00+00:00,34.3,56.0,1.4,126.0,,0.0,269.0,742.0,,ozone,35.9,"Anand Vihar, Delhi - DPCC",17
site_301,Delhi,Delhi,"Anand Vihar, Delhi - DPCC",2025-06-21 17:00:00+00:00,2025-06-21 17:00:00+00:00,34.3,56.0,1.4,126.0,,0.0,269.0,742.0,,no2,35.0,"Anand Vihar, Delhi - DPCC",17
site_301,Delhi,Delhi,"Anand Vihar, Delhi - DPCC",2025-06-21 17:00:00+00:00,2025-06-21 17:00:00+00:00,34.3,56.0,1.4,126.0,,0.0,269.0,742.0,,no,7.0,"Anand Vihar, Delhi - DPCC",17
site_301,Delhi,Delhi,"Anand Vihar, Delhi - DPCC",2025-06-21 17:00:00+00:00,2025-06-21 17:00:00+00:00,34.3,56.0,1.4,126.0,,0.0,269.0,742.0,,nh3,49.8,"Anand Vihar, Delhi - DPCC",17
site_301,Delhi,Delhi,"Anand Vihar, Delhi - DPCC",2025-06-21 17:00:00+00:00,2025-06-21 17:00:00+00:00,34.3,56.0,1.4,126.0,,0.0,269.0,742.0,,co,1.37,"Anand Vihar, Delhi - DPCC",17
site_301,Delhi,Delhi,"Anand Vihar, Delhi - DPCC",2025-06-21 17:00:00+00:00,2025-06-21 17:00:00+00:00,34.3,56.0,1.4,126.0,,0.0,269.0,742.0,,so2,55.1,"Anand Vihar, Delhi - DPCC",17
site_1420,Delhi,Delhi,"Ashok Vihar, Delhi - DPCC",2025-06-21 17:00:00+00:00,2025-06-21 17:00:00+00:00,33.8,57.0,1.9,134.0,0.0,0.0,113.0,982.0,,nh3,33.2,"Ashok Vihar, Delhi - DPCC",17
site_108,Delhi,Delhi,"Aya Nagar, Delhi - IMD",2025-06-21 17:00:00+00:00,2025-06-21 17:00:00+00:00,,,,,,0.0,,,,ozone,81.55,"Aya Nagar, Delhi - IMD",17
site_1420,Delhi,Delhi,"Ashok Vihar, Delhi - DPCC",2025-06-21 17:00:00+00:00,2025-06-21 17:00:00+00:00,33.8,57.0,1.9,134.0,0.0,0.0,113.0,982.0,,benzene,0.1,"Ashok Vihar, Delhi - DPCC",17
site_5024,Delhi,Delhi,"Alipur, Delhi - DPCC",2025-06-21 17:00:00+00:00,2025-06-21 17:00:00+00:00,35.8,49.0,,217.0,0.0,0.0,128.0,976.0,,toluene,0.2,"Alipur, Delhi - DPCC",17
site_108,Delhi,Delhi,"Aya Nagar, Delhi - IMD",2025-06-21 17:00:00+00:00,2025-06-21 17:00:00+00:00,,,,,,0.0,,,,pm25,34.6,"Aya Nagar, Delhi - IMD",17
site_1420,Delhi,Delhi,"Ashok Vihar, Delhi - DPCC",2025-06-21 17:00:00+00:00,2025-06-21 17:00:00+00:00,33.8,57.0,1.9,134.0,0.0,0.0,113.0,982.0,,co,0.88,"Ashok Vihar, Delhi - DPCC",17
site_108,Delhi,Delhi,"Aya Nagar, Delhi - IMD",2025-06-21 17:00:00+00:00,2025-06-21 17:00:00+00:00,,,,,,0.0,,,,pm10,91.01,"Aya Nagar, Delhi - IMD",17
site_5024,Delhi,Delhi,"Alipur, Delhi - DPCC",2025-06-21 17:00:00+00:00,2025-06-21 17:00:00+00:00,35.8,49.0,,217.0,0.0,0.0,128.0,976.0,,pm10,92.0,"Alipur, Delhi - DPCC",17
site_5024,Delhi,Delhi,"Alipur, Delhi - DPCC",2025-06-21 17:00:00+00:00,2025-06-21 17:00:00+00:00,35.8,49.0,,217.0,0.0,0.0,128.0,976.0,,ozone,73.1,"Alipur, Delhi - DPCC",17
site_5024,Delhi,Delhi,"Alipur, Delhi - DPCC",2025-06-21 17:00:00+00:00,2025-06-21 17:00:00+00:00,35.8,49.0,,217.0,0.0,0.0,128.0,976.0,,no2,14.7,"Alipur, Delhi - DPCC",17
site_5024,Delhi,Delhi,"Alipur, Delhi - DPCC",2025-06-21 17:00:00+00:00,2025-06-21 17:00:00+00:00,35.8,49.0,,217.0,0.0,0.0,128.0,976.0,,so2,3.2,"Alipur, Delhi - DPCC",17
site_5024,Delhi,Delhi,"Alipur, Delhi - DPCC",2025-06-21 17:00:00+00:00,2025-06-21 17:00:00+00:00,35.8,49.0,,217.0,0.0,0.0,128.0,976.0,,nh3,50.9,"Alipur, Delhi - DPCC",17
site_5024,Delhi,Delhi,"Alipur, Delhi - DPCC",2025-06-21 17:00:00+00:00,2025-06-21 17:00:00+00:00,35.8,49.0,,217.0,0.0,0.0,128.0,976.0,,co,1.0,"Alipur, Delhi - DPCC",17
site_5024,Delhi,Delhi,"Alipur, Delhi - DPCC",2025-06-21 17:00:00+00:00,2025-06-21 17:00:00+00:00,35.8,49.0,,217.0,0.0,0.0,128.0,976.0,,benzene,0.2,"Alipur, Delhi - DPCC",17
site_5024,Delhi,Delhi,"Alipur, Delhi - DPCC",2025-06-21 17:00:00+00:00,2025-06-21 17:00:00+00:00,35.8,49.0,,217.0,0.0,0.0,128.0,976.0,,no,2.5,"Alipur, Delhi - DPCC",17
site_1560,Delhi,Delhi,"Bawana, Delhi - DPCC",2025-06-21 17:00:00+00:00,2025-06-21 17:00:00+00:00,35.9,51.0,3.2,159.0,0.0,0.0,101.0,981.0,,so2,4.9,"Bawana, Delhi - DPCC",17
site_108,Delhi,Delhi,"Aya Nagar, Delhi - IMD",2025-06-21 17:00:00+00:00,2025-06-21 17:00:00+00:00,,,,,,0.0,,,,no2,9.69,"Aya Nagar, Delhi - IMD",17
site_1560,Delhi,Delhi,"Bawana, Delhi - DPCC",2025-06-21 17:00:00+00:00,2025-06-21 17:00:00+00:00,35.9,51.0,3.2,159.0,0.0,0.0,101.0,981.0,,toluene,4.3,"Bawana, Delhi - DPCC",17
site_1560,Delhi,Delhi,"Bawana, Delhi - DPCC",2025-06-21 17:00:00+00:00,2025-06-21 17:00:00+00:00,35.9,51.0,3.2,159.0,0.0,0.0,101.0,981.0,,co,0.53,"Bawana, Delhi - DPCC",17
site_1560,Delhi,Delhi,"Bawana, Delhi - DPCC",2025-06-21 17:00:00+00:00,2025-06-21 17:00:00+00:00,35.9,51.0,3.2,159.0,0.0,0.0,101.0,981.0,,nh3,33.0,"Bawana, Delhi - DPCC",17
site_1560,Delhi,Delhi,"Bawana, Delhi - DPCC",2025-06-21 17:00:00+00:00,2025-06-21 17:00:00+00:00,35.9,51.0,3.2,159.0,0.0,0.0,101.0,981.0,,benzene,0.6,"Bawana, Delhi - DPCC",17
site_1560,Delhi,Delhi,"Bawana, Delhi - DPCC",2025-06-21 17:00:00+00:00,2025-06-21 17:00:00+00:00,35.9,51.0,3.2,159.0,0.0,0.0,101.0,981.0,,no2,7.0,"Bawana, Delhi - DPCC",17
site_1560,Delhi,Delhi,"Bawana, Delhi - DPCC",2025-06-21 17:00:00+00:00,2025-06-21 17:00:00+00:00,35.9,51.0,3.2,159.0,0.0,0.0,101.0,981.0,,ozone,18.6,"Bawana, Delhi - DPCC",17
site_1560,Delhi,Delhi,"Bawana, Delhi - DPCC",2025-06-21 17:00:00+00:00,2025-06-21 17:00:00+00:00,35.9,51.0,3.2,159.0,0.0,0.0,101.0,981.0,,pm10,75.0,"Bawana, Delhi - DPCC",17
site_1560,Delhi,Delhi,"Bawana, Delhi - DPCC",2025-06-21 17:00:00+00:00,2025-06-21 17:00:00+00:00,35.9,51.0,3.2,159.0,0.0,0.0,101.0,981.0,,pm25,35.0,"Bawana, Delhi - DPCC",17
site_1560,Delhi,Delhi,"Bawana, Delhi - DPCC",2025-06-21 17:00:00+00:00,2025-06-21 17:00:00+00:00,35.9,51.0,3.2,159.0,0.0,0.0,101.0,981.0,,no,2.8,"Bawana, Delhi - DPCC",17
site_5024,Delhi,Delhi,"Alipur, Delhi - DPCC",2025-06-21 17:00:00+00:00,2025-06-21 17:00:00+00:00,35.8,49.0,,217.0,0.0,0.0,128.0,976.0,,pm25,25.0,"Alipur, Delhi - DPCC",17
site_108,Delhi,Delhi,"Aya Nagar, Delhi - IMD",2025-06-21 17:15:00+00:00,2025-06-21 17:15:00+00:00,,,,,,0.0,,,,co,0.96,"Aya Nagar, Delhi - IMD",17
site_108,Delhi,Delhi,"Aya Nagar, Delhi - IMD",2025-06-21 17:15:00+00:00,2025-06-21 17:15:00+00:00,,,,,,0.0,,,,no,4.43,"Aya Nagar, Delhi - IMD",17
site_108,Delhi,Delhi,"Aya Nagar, Delhi - IMD",2025-06-21 17:15:00+00:00,2025-06-21 17:15:00+00:00,,,,,,0.0,,,,no2,9.27,"Aya Nagar, Delhi - IMD",17
site_108,Delhi,Delhi,"Aya Nagar, Delhi - IMD",2025-06-21 17:15:00+00:00,2025-06-21 17:15:00+00:00,,,,,,0.0,,,,ozone,71.19,"Aya Nagar, Delhi - IMD",17
site_108,Delhi,Delhi,"Aya Nagar, Delhi - IMD",2025-06-21 17:15:00+00:00,2025-06-21 17:15:00+00:00,,,,,,0.0,,,,pm10,102.64,"Aya Nagar, Delhi - IMD",17
site_108,Delhi,Delhi,"Aya Nagar, Delhi - IMD",2025-06-21 17:15:00+00:00,2025-06-21 17:15:00+00:00,,,,,,0.0,,,,pm25,40.0,"Aya Nagar, Delhi - IMD",17
site_5024,Delhi,Delhi,"Alipur, Delhi - DPCC",2025-06-21 17:15:00+00:00,2025-06-21 17:15:00+00:00,35.6,50.0,,235.0,0.0,0.0,115.0,976.0,,so2,3.6,"Alipur, Delhi - DPCC",17
site_5024,Delhi,Delhi,"Alipur, Delhi - DPCC",2025-06-21 17:15:00+00:00,2025-06-21 17:15:00+00:00,35.6,50.0,,235.0,0.0,0.0,115.0,976.0,,co,0.96,"Alipur, Delhi - DPCC",17
site_5024,Delhi,Delhi,"Alipur, Delhi - DPCC",2025-06-21 17:15:00+00:00,2025-06-21 17:15:00+00:00,35.6,50.0,,235.0,0.0,0.0,115.0,976.0,,nh3,51.0,"Alipur, Delhi - DPCC",17
site_5024,Delhi,Delhi,"Alipur, Delhi - DPCC",2025-06-21 17:15:00+00:00,2025-06-21 17:15:00+00:00,35.6,50.0,,235.0,0.0,0.0,115.0,976.0,,no,2.7,"Alipur, Delhi - DPCC",17
site_5024,Delhi,Delhi,"Alipur, Delhi - DPCC",2025-06-21 17:15:00+00:00,2025-06-21 17:15:00+00:00,35.6,50.0,,235.0,0.0,0.0,115.0,976.0,,no2,14.9,"Alipur, Delhi - DPCC",17
site_5024,Delhi,Delhi,"Alipur, Delhi - DPCC",2025-06-21 17:15:00+00:00,2025-06-21 17:15:00+00:00,35.6,50.0,,235.0,0.0,0.0,115.0,976.0,,ozone,68.3,"Alipur, Delhi - DPCC",17
site_5024,Delhi,Delhi,"Alipur, Delhi - DPCC",2025-06-21 17:15:00+00:00,2025-06-21 17:15:00+00:00,35.6,50.0,,235.0,0.0,0.0,115.0,976.0,,pm25,25.0,"Alipur, Delhi - DPCC",17
site_5024,Delhi,Delhi,"Alipur, Delhi - DPCC",2025-06-21 17:15:00+00:00,2025-06-21 17:15:00+00:00,35.6,50.0,,235.0,0.0,0.0,115.0,976.0,,toluene,0.3,"Alipur, Delhi - DPCC",17
site_5024,Delhi,Delhi,"Alipur, Delhi - DPCC",2025-06-21 17:15:00+00:00,2025-06-21 17:15:00+00:00,35.6,50.0,,235.0,0.0,0.0,115.0,976.0,,benzene,0.2,"Alipur, Delhi - DPCC",17
site_5024,Delhi,Delhi,"Alipur, Delhi - DPCC",2025-06-21 17:15:00+00:00,2025-06-21 17:15:00+00:00,35.6,50.0,,235.0,0.0,0.0,115.0,976.0,,pm10,92.0,"Alipur, Delhi - DPCC",17
site_1560,Delhi,Delhi,"Bawana, Delhi - DPCC",2025-06-21 17:15:00+00:00,2025-06-21 17:15:00+00:00,34.9,56.0,5.5,167.0,0.0,0.0,69.0,983.0,,co,0.6,"Bawana, Delhi - DPCC",17
site_301,Delhi,Delhi,"Anand Vihar, Delhi - DPCC",2025-06-21 17:15:00+00:00,2025-06-21 17:15:00+00:00,34.1,57.0,1.4,118.0,,0.0,260.0,742.0,,nh3,45.0,"Anand Vihar, Delhi - DPCC",17
site_1560,Delhi,Delhi,"Bawana, Delhi - DPCC",2025-06-21 17:15:00+00:00,2025-06-21 17:15:00+00:00,34.9,56.0,5.5,167.0,0.0,0.0,69.0,983.0,,so2,4.9,"Bawana, Delhi - DPCC",17
site_104,Delhi,Delhi,"Burari Crossing, Delhi - IMD",2025-06-21 17:15:00+00:00,2025-06-21 17:15:00+00:00,,,,,,0.0,,,,no,9.48,"Burari Crossing, Delhi - IMD",17
site_104,Delhi,Delhi,"Burari Crossing, Delhi - IMD",2025-06-21 17:15:00+00:00,2025-06-21 17:15:00+00:00,,,,,,0.0,,,,no2,34.07,"Burari Crossing, Delhi - IMD",17
site_104,Delhi,Delhi,"Burari Crossing, Delhi - IMD",2025-06-21 17:15:00+00:00,2025-06-21 17:15:00+00:00,,,,,,0.0,,,,pm10,107.72,"Burari Crossing, Delhi - IMD",17
site_104,Delhi,Delhi,"Burari Crossing, Delhi - IMD",2025-06-21 17:15:00+00:00,2025-06-21 17:15:00+00:00,,,,,,0.0,,,,pm25,37.1,"Burari Crossing, Delhi - IMD",17
site_1420,Delhi,Delhi,"Ashok Vihar, Delhi - DPCC",2025-06-21 17:15:00+00:00,2025-06-21 17:15:00+00:00,33.6,58.0,1.7,149.0,0.0,0.0,74.0,982.0,,toluene,0.7,"Ashok Vihar, Delhi - DPCC",17
site_1420,Delhi,Delhi,"Ashok Vihar, Delhi - DPCC",2025-06-21 17:15:00+00:00,2025-06-21 17:15:00+00:00,33.6,58.0,1.7,149.0,0.0,0.0,74.0,982.0,,so2,9.0,"Ashok Vihar, Delhi - DPCC",17
site_1420,Delhi,Delhi,"Ashok Vihar, Delhi - DPCC",2025-06-21 17:15:00+00:00,2025-06-21 17:15:00+00:00,33.6,58.0,1.7,149.0,0.0,0.0,74.0,982.0,,pm25,33.0,"Ashok Vihar, Delhi - DPCC",17
site_1420,Delhi,Delhi,"Ashok Vihar, Delhi - DPCC",2025-06-21 17:15:00+00:00,2025-06-21 17:15:00+00:00,33.6,58.0,1.7,149.0,0.0,0.0,74.0,982.0,,pm10,72.0,"Ashok Vihar, Delhi - DPCC",17
site_1420,Delhi,Delhi,"Ashok Vihar, Delhi - DPCC",2025-06-21 17:15:00+00:00,2025-06-21 17:15:00+00:00,33.6,58.0,1.7,149.0,0.0,0.0,74.0,982.0,,ozone,44.1,"Ashok Vihar, Delhi - DPCC",17
site_1420,Delhi,Delhi,"Ashok Vihar, Delhi - DPCC",2025-06-21 17:15:00+00:00,2025-06-21 17:15:00+00:00,33.6,58.0,1.7,149.0,0.0,0.0,74.0,982.0,,no2,17.0,"Ashok Vihar, Delhi - DPCC",17
site_1420,Delhi,Delhi,"Ashok Vihar, Delhi - DPCC",2025-06-21 17:15:00+00:00,2025-06-21 17:15:00+00:00,33.6,58.0,1.7,149.0,0.0,0.0,74.0,982.0,,no,4.4,"Ashok Vihar, Delhi - DPCC",17
site_1420,Delhi,Delhi,"Ashok Vihar, Delhi - DPCC",2025-06-21 17:15:00+00:00,2025-06-21 17:15:00+00:00,33.6,58.0,1.7,149.0,0.0,0.0,74.0,982.0,,nh3,31.5,"Ashok Vihar, Delhi - DPCC",17
site_1420,Delhi,Delhi,"Ashok Vihar, Delhi - DPCC",2025-06-21 17:15:00+00:00,2025-06-21 17:15:00+00:00,33.6,58.0,1.7,149.0,0.0,0.0,74.0,982.0,,co,0.88,"Ashok Vihar, Delhi - DPCC",17
site_1420,Delhi,Delhi,"Ashok Vihar, Delhi - DPCC",2025-06-21 17:15:00+00:00,2025-06-21 17:15:00+00:00,33.6,58.0,1.7,149.0,0.0,0.0,74.0,982.0,,benzene,0.2,"Ashok Vihar, Delhi - DPCC",17
site_1560,Delhi,Delhi,"Bawana, Delhi - DPCC",2025-06-21 17:15:00+00:00,2025-06-21 17:15:00+00:00,34.9,56.0,5.5,167.0,0.0,0.0,69.0,983.0,,toluene,3.2,"Bawana, Delhi - DPCC",17
site_301,Delhi,Delhi,"Anand Vihar, Delhi - DPCC",2025-06-21 17:15:00+00:00,2025-06-21 17:15:00+00:00,34.1,57.0,1.4,118.0,,0.0,260.0,742.0,,no,7.5,"Anand Vihar, Delhi - DPCC",17
site_1560,Delhi,Delhi,"Bawana, Delhi - DPCC",2025-06-21 17:15:00+00:00,2025-06-21 17:15:00+00:00,34.9,56.0,5.5,167.0,0.0,0.0,69.0,983.0,,pm25,35.0,"Bawana, Delhi - DPCC",17
site_1560,Delhi,Delhi,"Bawana, Delhi - DPCC",2025-06-21 17:15:00+00:00,2025-06-21 17:15:00+00:00,34.9,56.0,5.5,167.0,0.0,0.0,69.0,983.0,,pm10,75.0,"Bawana, Delhi - DPCC",17
site_104,Delhi,Delhi,"Burari Crossing, Delhi - IMD",2025-06-21 17:15:00+00:00,2025-06-21 17:15:00+00:00,,,,,,0.0,,,,ozone,40.57,"Burari Crossing, Delhi - IMD",17
site_1560,Delhi,Delhi,"Bawana, Delhi - DPCC",2025-06-21 17:15:00+00:00,2025-06-21 17:15:00+00:00,34.9,56.0,5.5,167.0,0.0,0.0,69.0,983.0,,no2,7.7,"Bawana, Delhi - DPCC",17
site_301,Delhi,Delhi,"Anand Vihar, Delhi - DPCC",2025-06-21 17:15:00+00:00,2025-06-21 17:15:00+00:00,34.1,57.0,1.4,118.0,,0.0,260.0,742.0,,pm10,103.0,"Anand Vihar, Delhi - DPCC",17
site_1560,Delhi,Delhi,"Bawana, Delhi - DPCC",2025-06-21 17:15:00+00:00,2025-06-21 17:15:00+00:00,34.9,56.0,5.5,167.0,0.0,0.0,69.0,983.0,,ozone,19.5,"Bawana, Delhi - DPCC",17
site_301,Delhi,Delhi,"Anand Vihar, Delhi - DPCC",2025-06-21 17:15:00+00:00,2025-06-21 17:15:00+00:00,34.1,57.0,1.4,118.0,,0.0,260.0,742.0,,pm25,23.0,"Anand Vihar, Delhi - DPCC",17
site_301,Delhi,Delhi,"Anand Vihar, Delhi - DPCC",2025-06-21 17:15:00+00:00,2025-06-21 17:15:00+00:00,34.1,57.0,1.4,118.0,,0.0,260.0,742.0,,benzene,0.6,"Anand Vihar, Delhi - DPCC",17
site_104,Delhi,Delhi,"Burari Crossing, Delhi - IMD",2025-06-21 17:15:00+00:00,2025-06-21 17:15:00+00:00,,,,,,0.0,,,,co,0.65,"Burari Crossing, Delhi - IMD",17
site_301,Delhi,Delhi,"Anand Vihar, Delhi - DPCC",2025-06-21 17:15:00+00:00,2025-06-21 17:15:00+00:00,34.1,57.0,1.4,118.0,,0.0,260.0,742.0,,no2,36.2,"Anand Vihar, Delhi - DPCC",17
site_301,Delhi,Delhi,"Anand Vihar, Delhi - DPCC",2025-06-21 17:15:00+00:00,2025-06-21 17:15:00+00:00,34.1,57.0,1.4,118.0,,0.0,260.0,742.0,,toluene,11.2,"Anand Vihar, Delhi - DPCC",17
site_301,Delhi,Delhi,"Anand Vihar, Delhi - DPCC",2025-06-21 17:15:00+00:00,2025-06-21 17:15:00+00:00,34.1,57.0,1.4,118.0,,0.0,260.0,742.0,,co,1.36,"Anand Vihar, Delhi - DPCC",17
site_1560,Delhi,Delhi,"Bawana, Delhi - DPCC",2025-06-21 17:15:00+00:00,2025-06-21 17:15:00+00:00,34.9,56.0,5.5,167.0,0.0,0.0,69.0,983.0,,benzene,0.6,"Bawana, Delhi - DPCC",17
site_1560,Delhi,Delhi,"Bawana, Delhi - DPCC",2025-06-21 17:15:00+00:00,2025-06-21 17:15:00+00:00,34.9,56.0,5.5,167.0,0.0,0.0,69.0,983.0,,nh3,32.5,"Bawana, Delhi - DPCC",17
site_1560,Delhi,Delhi,"Bawana, Delhi - DPCC",2025-06-21 17:15:00+00:00,2025-06-21 17:15:00+00:00,34.9,56.0,5.5,167.0,0.0,0.0,69.0,983.0,,no,3.1,"Bawana, Delhi - DPCC",17
site_301,Delhi,Delhi,"Anand Vihar, Delhi - DPCC",2025-06-21 17:15:00+00:00,2025-06-21 17:15:00+00:00,34.1,57.0,1.4,118.0,,0.0,260.0,742.0,,so2,56.3,"Anand Vihar, Delhi - DPCC",17
site_301,Delhi,Delhi,"Anand Vihar, Delhi - DPCC",2025-06-21 17:15:00+00:00,2025-06-21 17:15:00+00:00,34.1,57.0,1.4,118.0,,0.0,260.0,742.0,,ozone,39.3,"Anand Vihar, Delhi - DPCC",17
site_1560,Delhi,Delhi,"Bawana, Delhi - DPCC",2025-06-21 17:30:00+00:00,2025-06-21 17:30:00+00:00,34.0,60.0,4.9,175.0,0.0,0.0,69.0,985.0,,ozone,18.4,"Bawana, Delhi - DPCC",17
site_1560,Delhi,Delhi,"Bawana, Delhi - DPCC",2025-06-21 17:30:00+00:00,2025-06-21 17:30:00+00:00,34.0,60.0,4.9,175.0,0.0,0.0,69.0,985.0,,pm10,75.0,"Bawana, Delhi - DPCC",17
site_1560,Delhi,Delhi,"Bawana, Delhi - DPCC",2025-06-21 17:30:00+00:00,2025-06-21 17:30:00+00:00,34.0,60.0,4.9,175.0,0.0,0.0,69.0,985.0,,pm25,35.0,"Bawana, Delhi - DPCC",17
site_1560,Delhi,Delhi,"Bawana, Delhi - DPCC",2025-06-21 17:30:00+00:00,2025-06-21 17:30:00+00:00,34.0,60.0,4.9,175.0,0.0,0.0,69.0,985.0,,so2,4.8,"Bawana, Delhi - DPCC",17
site_1560,Delhi,Delhi,"Bawana, Delhi - DPCC",2025-06-21 17:30:00+00:00,2025-06-21 17:30:00+00:00,34.0,60.0,4.9,175.0,0.0,0.0,69.0,985.0,,toluene,3.5,"Bawana, Delhi - DPCC",17
site_1560,Delhi,Delhi,"Bawana, Delhi - DPCC",2025-06-21 17:30:00+00:00,2025-06-21 17:30:00+00:00,34.0,60.0,4.9,175.0,0.0,0.0,69.0,985.0,,no2,8.7,"Bawana, Delhi - DPCC",17
site_1560,Delhi,Delhi,"Bawana, Delhi - DPCC",2025-06-21 17:30:00+00:00,2025-06-21 17:30:00+00:00,34.0,60.0,4.9,175.0,0.0,0.0,69.0,985.0,,no,3.4,"Bawana, Delhi - DPCC",17
site_1560,Delhi,Delhi,"Bawana, Delhi - DPCC",2025-06-21 17:30:00+00:00,2025-06-21 17:30:00+00:00,34.0,60.0,4.9,175.0,0.0,0.0,69.0,985.0,,nh3,31.6,"Bawana, Delhi - DPCC",17
site_1420,Delhi,Delhi,"Ashok Vihar, Delhi - DPCC",2025-06-21 17:30:00+00:00,2025-06-21 17:30:00+00:00,33.0,59.0,2.8,136.0,0.0,0.0,62.0,982.0,,ozone,39.0,"Ashok Vihar, Delhi - DPCC",17
site_1420,Delhi,Delhi,"Ashok Vihar, Delhi - DPCC",2025-06-21 17:30:00+00:00,2025-06-21 17:30:00+00:00,33.0,59.0,2.8,136.0,0.0,0.0,62.0,982.0,,no2,17.9,"Ashok Vihar, Delhi - DPCC",17
site_108,Delhi,Delhi,"Aya Nagar, Delhi - IMD",2025-06-21 17:30:00+00:00,2025-06-21 17:30:00+00:00,,,,,,0.0,,,,co,1.03,"Aya Nagar, Delhi - IMD",17
site_108,Delhi,Delhi,"Aya Nagar, Delhi - IMD",2025-06-21 17:30:00+00:00,2025-06-21 17:30:00+00:00,,,,,,0.0,,,,no,4.91,"Aya Nagar, Delhi - IMD",17
site_1420,Delhi,Delhi,"Ashok Vihar, Delhi - DPCC",2025-06-21 17:30:00+00:00,2025-06-21 17:30:00+00:00,33.0,59.0,2.8,136.0,0.0,0.0,62.0,982.0,,benzene,0.1,"Ashok Vihar, Delhi - DPCC",17
site_1420,Delhi,Delhi,"Ashok Vihar, Delhi - DPCC",2025-06-21 17:30:00+00:00,2025-06-21 17:30:00+00:00,33.0,59.0,2.8,136.0,0.0,0.0,62.0,982.0,,co,0.87,"Ashok Vihar, Delhi - DPCC",17
site_1420,Delhi,Delhi,"Ashok Vihar, Delhi - DPCC",2025-06-21 17:30:00+00:00,2025-06-21 17:30:00+00:00,33.0,59.0,2.8,136.0,0.0,0.0,62.0,982.0,,nh3,30.1,"Ashok Vihar, Delhi - DPCC",17
site_1420,Delhi,Delhi,"Ashok Vihar, Delhi - DPCC",2025-06-21 17:30:00+00:00,2025-06-21 17:30:00+00:00,33.0,59.0,2.8,136.0,0.0,0.0,62.0,982.0,,no,3.3,"Ashok Vihar, Delhi - DPCC",17
site_108,Delhi,Delhi,"Aya Nagar, Delhi - IMD",2025-06-21 17:30:00+00:00,2025-06-21 17:30:00+00:00,,,,,,0.0,,,,pm25,36.18,"Aya Nagar, Delhi - IMD",17
site_1560,Delhi,Delhi,"Bawana, Delhi - DPCC",2025-06-21 17:30:00+00:00,2025-06-21 17:30:00+00:00,34.0,60.0,4.9,175.0,0.0,0.0,69.0,985.0,,co,0.58,"Bawana, Delhi - DPCC",17
site_108,Delhi,Delhi,"Aya Nagar, Delhi - IMD",2025-06-21 17:30:00+00:00,2025-06-21 17:30:00+00:00,,,,,,0.0,,,,pm10,84.65,"Aya Nagar, Delhi - IMD",17
site_108,Delhi,Delhi,"Aya Nagar, Delhi - IMD",2025-06-21 17:30:00+00:00,2025-06-21 17:30:00+00:00,,,,,,0.0,,,,ozone,60.87,"Aya Nagar, Delhi - IMD",17
site_108,Delhi,Delhi,"Aya Nagar, Delhi - IMD",2025-06-21 17:30:00+00:00,2025-06-21 17:30:00+00:00,,,,,,0.0,,,,no2,13.88,"Aya Nagar, Delhi - IMD",17
site_1420,Delhi,Delhi,"Ashok Vihar, Delhi - DPCC",2025-06-21 17:30:00+00:00,2025-06-21 17:30:00+00:00,33.0,59.0,2.8,136.0,0.0,0.0,62.0,982.0,,pm10,72.0,"Ashok Vihar, Delhi - DPCC",17
site_1560,Delhi,Delhi,"Bawana, Delhi - DPCC",2025-06-21 17:30:00+00:00,2025-06-21 17:30:00+00:00,34.0,60.0,4.9,175.0,0.0,0.0,69.0,985.0,,benzene,0.7,"Bawana, Delhi - DPCC",17
site_5024,Delhi,Delhi,"Alipur, Delhi - DPCC",2025-06-21 17:30:00+00:00,2025-06-21 17:30:00+00:00,34.8,52.0,,136.0,0.0,0.0,135.0,976.0,,pm25,25.0,"Alipur, Delhi - DPCC",17
site_5024,Delhi,Delhi,"Alipur, Delhi - DPCC",2025-06-21 17:30:00+00:00,2025-06-21 17:30:00+00:00,34.8,52.0,,136.0,0.0,0.0,135.0,976.0,,co,0.94,"Alipur, Delhi - DPCC",17
site_301,Delhi,Delhi,"Anand Vihar, Delhi - DPCC",2025-06-21 17:30:00+00:00,2025-06-21 17:30:00+00:00,33.6,60.0,0.8,185.0,,0.0,255.0,742.0,,benzene,0.6,"Anand Vihar, Delhi - DPCC",17
site_1420,Delhi,Delhi,"Ashok Vihar, Delhi - DPCC",2025-06-21 17:30:00+00:00,2025-06-21 17:30:00+00:00,33.0,59.0,2.8,136.0,0.0,0.0,62.0,982.0,,pm25,33.0,"Ashok Vihar, Delhi - DPCC",17
site_1420,Delhi,Delhi,"Ashok Vihar, Delhi - DPCC",2025-06-21 17:30:00+00:00,2025-06-21 17:30:00+00:00,33.0,59.0,2.8,136.0,0.0,0.0,62.0,982.0,,so2,10.5,"Ashok Vihar, Delhi - DPCC",17
site_1420,Delhi,Delhi,"Ashok Vihar, Delhi - DPCC",2025-06-21 17:30:00+00:00,2025-06-21 17:30:00+00:00,33.0,59.0,2.8,136.0,0.0,0.0,62.0,982.0,,toluene,0.7,"Ashok Vihar, Delhi - DPCC",17
site_104,Delhi,Delhi,"Burari Crossing, Delhi - IMD",2025-06-21 17:30:00+00:00,2025-06-21 17:30:00+00:00,,,,,,0.0,,,,co,0.66,"Burari Crossing, Delhi - IMD",17
site_104,Delhi,Delhi,"Burari Crossing, Delhi - IMD",2025-06-21 17:30:00+00:00,2025-06-21 17:30:00+00:00,,,,,,0.0,,,,no,9.7,"Burari Crossing, Delhi - IMD",17
site_104,Delhi,Delhi,"Burari Crossing, Delhi - IMD",2025-06-21 17:30:00+00:00,2025-06-21 17:30:00+00:00,,,,,,0.0,,,,no2,30.44,"Burari Crossing, Delhi - IMD",17
site_5024,Delhi,Delhi,"Alipur, Delhi - DPCC",2025-06-21 17:30:00+00:00,2025-06-21 17:30:00+00:00,34.8,52.0,,136.0,0.0,0.0,135.0,976.0,,benzene,0.3,"Alipur, Delhi - DPCC",17
site_301,Delhi,Delhi,"Anand Vihar, Delhi - DPCC",2025-06-21 17:30:00+00:00,2025-06-21 17:30:00+00:00,33.6,60.0,0.8,185.0,,0.0,255.0,742.0,,no,11.2,"Anand Vihar, Delhi - DPCC",17
site_301,Delhi,Delhi,"Anand Vihar, Delhi - DPCC",2025-06-21 17:30:00+00:00,2025-06-21 17:30:00+00:00,33.6,60.0,0.8,185.0,,0.0,255.0,742.0,,no2,52.2,"Anand Vihar, Delhi - DPCC",17
site_104,Delhi,Delhi,"Burari Crossing, Delhi - IMD",2025-06-21 17:30:00+00:00,2025-06-21 17:30:00+00:00,,,,,,0.0,,,,ozone,29.73,"Burari Crossing, Delhi - IMD",17
site_104,Delhi,Delhi,"Burari Crossing, Delhi - IMD",2025-06-21 17:30:00+00:00,2025-06-21 17:30:00+00:00,,,,,,0.0,,,,pm10,96.87,"Burari Crossing, Delhi - IMD",17
site_104,Delhi,Delhi,"Burari Crossing, Delhi - IMD",2025-06-21 17:30:00+00:00,2025-06-21 17:30:00+00:00,,,,,,0.0,,,,pm25,30.07,"Burari Crossing, Delhi - IMD",17
site_301,Delhi,Delhi,"Anand Vihar, Delhi - DPCC",2025-06-21 17:30:00+00:00,2025-06-21 17:30:00+00:00,33.6,60.0,0.8,185.0,,0.0,255.0,742.0,,co,1.47,"Anand Vihar, Delhi - DPCC",17
site_301,Delhi,Delhi,"Anand Vihar, Delhi - DPCC",2025-06-21 17:30:00+00:00,2025-06-21 17:30:00+00:00,33.6,60.0,0.8,185.0,,0.0,255.0,742.0,,nh3,42.8,"Anand Vihar, Delhi - DPCC",17
site_301,Delhi,Delhi,"Anand Vihar, Delhi - DPCC",2025-06-21 17:30:00+00:00,2025-06-21 17:30:00+00:00,33.6,60.0,0.8,185.0,,0.0,255.0,742.0,,ozone,27.0,"Anand Vihar, Delhi - DPCC",17
site_301,Delhi,Delhi,"Anand Vihar, Delhi - DPCC",2025-06-21 17:30:00+00:00,2025-06-21 17:30:00+00:00,33.6,60.0,0.8,185.0,,0.0,255.0,742.0,,pm10,103.0,"Anand Vihar, Delhi - DPCC",17
site_301,Delhi,Delhi,"Anand Vihar, Delhi - DPCC",2025-06-21 17:30:00+00:00,2025-06-21 17:30:00+00:00,33.6,60.0,0.8,185.0,,0.0,255.0,742.0,,pm25,23.0,"Anand Vihar, Delhi - DPCC",17
site_301,Delhi,Delhi,"Anand Vihar, Delhi - DPCC",2025-06-21 17:30:00+00:00,2025-06-21 17:30:00+00:00,33.6,60.0,0.8,185.0,,0.0,255.0,742.0,,so2,59.4,"Anand Vihar, Delhi - DPCC",17
site_301,Delhi,Delhi,"Anand Vihar, Delhi - DPCC",2025-06-21 17:30:00+00:00,2025-06-21 17:30:00+00:00,33.6,60.0,0.8,185.0,,0.0,255.0,742.0,,toluene,11.1,"Anand Vihar, Delhi - DPCC",17
site_5024,Delhi,Delhi,"Alipur, Delhi - DPCC",2025-06-21 17:30:00+00:00,2025-06-21 17:30:00+00:00,34.8,52.0,,136.0,0.0,0.0,135.0,976.0,,toluene,0.2,"Alipur, Delhi - DPCC",17
site_5024,Delhi,Delhi,"Alipur, Delhi - DPCC",2025-06-21 17:30:00+00:00,2025-06-21 17:30:00+00:00,34.8,52.0,,136.0,0.0,0.0,135.0,976.0,,so2,3.6,"Alipur, Delhi - DPCC",17
site_5024,Delhi,Delhi,"Alipur, Delhi - DPCC",2025-06-21 17:30:00+00:00,2025-06-21 17:30:00+00:00,34.8,52.0,,136.0,0.0,0.0,135.0,976.0,,pm10,92.0,"Alipur, Delhi - DPCC",17
site_5024,Delhi,Delhi,"Alipur, Delhi - DPCC",2025-06-21 17:30:00+00:00,2025-06-21 17:30:00+00:00,34.8,52.0,,136.0,0.0,0.0,135.0,976.0,,ozone,57.4,"Alipur, Delhi - DPCC",17
site_5024,Delhi,Delhi,"Alipur, Delhi - DPCC",2025-06-21 17:30:00+00:00,2025-06-21 17:30:00+00:00,34.8,52.0,,136.0,0.0,0.0,135.0,976.0,,no2,16.1,"Alipur, Delhi - DPCC",17
site_5024,Delhi,Delhi,"Alipur, Delhi - DPCC",2025-06-21 17:30:00+00:00,2025-06-21 17:30:00+00:00,34.8,52.0,,136.0,0.0,0.0,135.0,976.0,,no,2.8,"Alipur, Delhi - DPCC",17
site_5024,Delhi,Delhi,"Alipur, Delhi - DPCC",2025-06-21 17:30:00+00:00,2025-06-21 17:30:00+00:00,34.8,52.0,,136.0,0.0,0.0,135.0,976.0,,nh3,50.9,"Alipur, Delhi - DPCC",17
site_1560,Delhi,Delhi,"Bawana, Delhi - DPCC",2025-06-21 17:45:00+00:00,2025-06-21 17:45:00+00:00,33.8,63.0,4.1,164.0,0.0,0.0,79.0,986.0,,toluene,7.2,"Bawana, Delhi - DPCC",17
site_5024,Delhi,Delhi,"Alipur, Delhi - DPCC",2025-06-21 17:45:00+00:00,2025-06-21 17:45:00+00:00,33.9,56.0,,148.0,0.0,0.0,86.0,976.0,,no,2.5,"Alipur, Delhi - DPCC",17
site_1560,Delhi,Delhi,"Bawana, Delhi - DPCC",2025-06-21 17:45:00+00:00,2025-06-21 17:45:00+00:00,33.8,63.0,4.1,164.0,0.0,0.0,79.0,986.0,,pm25,35.0,"Bawana, Delhi - DPCC",17
site_1560,Delhi,Delhi,"Bawana, Delhi - DPCC",2025-06-21 17:45:00+00:00,2025-06-21 17:45:00+00:00,33.8,63.0,4.1,164.0,0.0,0.0,79.0,986.0,,so2,4.8,"Bawana, Delhi - DPCC",17
site_5024,Delhi,Delhi,"Alipur, Delhi - DPCC",2025-06-21 17:45:00+00:00,2025-06-21 17:45:00+00:00,33.9,56.0,,148.0,0.0,0.0,86.0,976.0,,no2,15.5,"Alipur, Delhi - DPCC",17
site_5024,Delhi,Delhi,"Alipur, Delhi - DPCC",2025-06-21 17:45:00+00:00,2025-06-21 17:45:00+00:00,33.9,56.0,,148.0,0.0,0.0,86.0,976.0,,pm10,92.0,"Alipur, Delhi - DPCC",17
site_5024,Delhi,Delhi,"Alipur, Delhi - DPCC",2025-06-21 17:45:00+00:00,2025-06-21 17:45:00+00:00,33.9,56.0,,148.0,0.0,0.0,86.0,976.0,,pm25,25.0,"Alipur, Delhi - DPCC",17
site_104,Delhi,Delhi,"Burari Crossing, Delhi - IMD",2025-06-21 17:45:00+00:00,2025-06-21 17:45:00+00:00,,,,,,0.0,,,,co,0.69,"Burari Crossing, Delhi - IMD",17
site_104,Delhi,Delhi,"Burari Crossing, Delhi - IMD",2025-06-21 17:45:00+00:00,2025-06-21 17:45:00+00:00,,,,,,0.0,,,,no,10.52,"Burari Crossing, Delhi - IMD",17
site_104,Delhi,Delhi,"Burari Crossing, Delhi - IMD",2025-06-21 17:45:00+00:00,2025-06-21 17:45:00+00:00,,,,,,0.0,,,,no2,32.09,"Burari Crossing, Delhi - IMD",17
site_104,Delhi,Delhi,"Burari Crossing, Delhi - IMD",2025-06-21 17:45:00+00:00,2025-06-21 17:45:00+00:00,,,,,,0.0,,,,ozone,26.83,"Burari Crossing, Delhi - IMD",17
site_104,Delhi,Delhi,"Burari Crossing, Delhi - IMD",2025-06-21 17:45:00+00:00,2025-06-21 17:45:00+00:00,,,,,,0.0,,,,pm10,76.71,"Burari Crossing, Delhi - IMD",17
site_104,Delhi,Delhi,"Burari Crossing, Delhi - IMD",2025-06-21 17:45:00+00:00,2025-06-21 17:45:00+00:00,,,,,,0.0,,,,pm25,15.15,"Burari Crossing, Delhi - IMD",17
site_5024,Delhi,Delhi,"Alipur, Delhi - DPCC",2025-06-21 17:45:00+00:00,2025-06-21 17:45:00+00:00,33.9,56.0,,148.0,0.0,0.0,86.0,976.0,,so2,2.4,"Alipur, Delhi - DPCC",17
site_5024,Delhi,Delhi,"Alipur, Delhi - DPCC",2025-06-21 17:45:00+00:00,2025-06-21 17:45:00+00:00,33.9,56.0,,148.0,0.0,0.0,86.0,976.0,,toluene,0.2,"Alipur, Delhi - DPCC",17
site_5024,Delhi,Delhi,"Alipur, Delhi - DPCC",2025-06-21 17:45:00+00:00,2025-06-21 17:45:00+00:00,33.9,56.0,,148.0,0.0,0.0,86.0,976.0,,ozone,56.3,"Alipur, Delhi - DPCC",17
site_301,Delhi,Delhi,"Anand Vihar, Delhi - DPCC",2025-06-21 17:45:00+00:00,2025-06-21 17:45:00+00:00,33.4,62.0,0.7,180.0,,0.0,251.0,742.0,,nh3,46.4,"Anand Vihar, Delhi - DPCC",17
site_108,Delhi,Delhi,"Aya Nagar, Delhi - IMD",2025-06-21 17:45:00+00:00,2025-06-21 17:45:00+00:00,,,,,,0.0,,,,pm25,25.95,"Aya Nagar, Delhi - IMD",17
site_5024,Delhi,Delhi,"Alipur, Delhi - DPCC",2025-06-21 17:45:00+00:00,2025-06-21 17:45:00+00:00,33.9,56.0,,148.0,0.0,0.0,86.0,976.0,,co,0.92,"Alipur, Delhi - DPCC",17
site_1420,Delhi,Delhi,"Ashok Vihar, Delhi - DPCC",2025-06-21 17:45:00+00:00,2025-06-21 17:45:00+00:00,32.6,61.0,1.2,175.0,0.0,0.0,41.0,982.0,,co,0.87,"Ashok Vihar, Delhi - DPCC",17
site_1420,Delhi,Delhi,"Ashok Vihar, Delhi - DPCC",2025-06-21 17:45:00+00:00,2025-06-21 17:45:00+00:00,32.6,61.0,1.2,175.0,0.0,0.0,41.0,982.0,,nh3,30.2,"Ashok Vihar, Delhi - DPCC",17
site_1420,Delhi,Delhi,"Ashok Vihar, Delhi - DPCC",2025-06-21 17:45:00+00:00,2025-06-21 17:45:00+00:00,32.6,61.0,1.2,175.0,0.0,0.0,41.0,982.0,,no,3.8,"Ashok Vihar, Delhi - DPCC",17
site_1560,Delhi,Delhi,"Bawana, Delhi - DPCC",2025-06-21 17:45:00+00:00,2025-06-21 17:45:00+00:00,33.8,63.0,4.1,164.0,0.0,0.0,79.0,986.0,,nh3,30.7,"Bawana, Delhi - DPCC",17
site_1560,Delhi,Delhi,"Bawana, Delhi - DPCC",2025-06-21 17:45:00+00:00,2025-06-21 17:45:00+00:00,33.8,63.0,4.1,164.0,0.0,0.0,79.0,986.0,,co,0.58,"Bawana, Delhi - DPCC",17
site_1560,Delhi,Delhi,"Bawana, Delhi - DPCC",2025-06-21 17:45:00+00:00,2025-06-21 17:45:00+00:00,33.8,63.0,4.1,164.0,0.0,0.0,79.0,986.0,,benzene,1.0,"Bawana, Delhi - DPCC",17
site_1420,Delhi,Delhi,"Ashok Vihar, Delhi - DPCC",2025-06-21 17:45:00+00:00,2025-06-21 17:45:00+00:00,32.6,61.0,1.2,175.0,0.0,0.0,41.0,982.0,,benzene,0.1,"Ashok Vihar, Delhi - DPCC",17
site_1420,Delhi,Delhi,"Ashok Vihar, Delhi - DPCC",2025-06-21 17:45:00+00:00,2025-06-21 17:45:00+00:00,32.6,61.0,1.2,175.0,0.0,0.0,41.0,982.0,,no2,18.4,"Ashok Vihar, Delhi - DPCC",17
site_301,Delhi,Delhi,"Anand Vihar, Delhi - DPCC",2025-06-21 17:45:00+00:00,2025-06-21 17:45:00+00:00,33.4,62.0,0.7,180.0,,0.0,251.0,742.0,,no2,46.2,"Anand Vihar, Delhi - DPCC",17
site_1420,Delhi,Delhi,"Ashok Vihar, Delhi - DPCC",2025-06-21 17:45:00+00:00,2025-06-21 17:45:00+00:00,32.6,61.0,1.2,175.0,0.0,0.0,41.0,982.0,,ozone,42.4,"Ashok Vihar, Delhi - DPCC",17
site_1420,Delhi,Delhi,"Ashok Vihar, Delhi - DPCC",2025-06-21 17:45:00+00:00,2025-06-21 17:45:00+00:00,32.6,61.0,1.2,175.0,0.0,0.0,41.0,982.0,,pm10,72.0,"Ashok Vihar, Delhi - DPCC",17
site_1420,Delhi,Delhi,"Ashok Vihar, Delhi - DPCC",2025-06-21 17:45:00+00:00,2025-06-21 17:45:00+00:00,32.6,61.0,1.2,175.0,0.0,0.0,41.0,982.0,,pm25,33.0,"Ashok Vihar, Delhi - DPCC",17
site_1420,Delhi,Delhi,"Ashok Vihar, Delhi - DPCC",2025-06-21 17:45:00+00:00,2025-06-21 17:45:00+00:00,32.6,61.0,1.2,175.0,0.0,0.0,41.0,982.0,,so2,9.8,"Ashok Vihar, Delhi - DPCC",17
site_1420,Delhi,Delhi,"Ashok Vihar, Delhi - DPCC",2025-06-21 17:45:00+00:00,2025-06-21 17:45:00+00:00,32.6,61.0,1.2,175.0,0.0,0.0,41.0,982.0,,toluene,1.1,"Ashok Vihar, Delhi - DPCC",17
site_5024,Delhi,Delhi,"Alipur, Delhi - DPCC",2025-06-21 17:45:00+00:00,2025-06-21 17:45:00+00:00,33.9,56.0,,148.0,0.0,0.0,86.0,976.0,,benzene,0.3,"Alipur, Delhi - DPCC",17
site_301,Delhi,Delhi,"Anand Vihar, Delhi - DPCC",2025-06-21 17:45:00+00:00,2025-06-21 17:45:00+00:00,33.4,62.0,0.7,180.0,,0.0,251.0,742.0,,benzene,0.8,"Anand Vihar, Delhi - DPCC",17
site_301,Delhi,Delhi,"Anand Vihar, Delhi - DPCC",2025-06-21 17:45:00+00:00,2025-06-21 17:45:00+00:00,33.4,62.0,0.7,180.0,,0.0,251.0,742.0,,co,1.5,"Anand Vihar, Delhi - DPCC",17
site_301,Delhi,Delhi,"Anand Vihar, Delhi - DPCC",2025-06-21 17:45:00+00:00,2025-06-21 17:45:00+00:00,33.4,62.0,0.7,180.0,,0.0,251.0,742.0,,no,10.9,"Anand Vihar, Delhi - DPCC",17
site_1560,Delhi,Delhi,"Bawana, Delhi - DPCC",2025-06-21 17:45:00+00:00,2025-06-21 17:45:00+00:00,33.8,63.0,4.1,164.0,0.0,0.0,79.0,986.0,,pm10,75.0,"Bawana, Delhi - DPCC",17
site_5024,Delhi,Delhi,"Alipur, Delhi - DPCC",2025-06-21 17:45:00+00:00,2025-06-21 17:45:00+00:00,33.9,56.0,,148.0,0.0,0.0,86.0,976.0,,nh3,50.6,"Alipur, Delhi - DPCC",17
site_301,Delhi,Delhi,"Anand Vihar, Delhi - DPCC",2025-06-21 17:45:00+00:00,2025-06-21 17:45:00+00:00,33.4,62.0,0.7,180.0,,0.0,251.0,742.0,,ozone,23.5,"Anand Vihar, Delhi - DPCC",17
site_301,Delhi,Delhi,"Anand Vihar, Delhi - DPCC",2025-06-21 17:45:00+00:00,2025-06-21 17:45:00+00:00,33.4,62.0,0.7,180.0,,0.0,251.0,742.0,,pm10,103.0,"Anand Vihar, Delhi - DPCC",17
site_301,Delhi,Delhi,"Anand Vihar, Delhi - DPCC",2025-06-21 17:45:00+00:00,2025-06-21 17:45:00+00:00,33.4,62.0,0.7,180.0,,0.0,251.0,742.0,,pm25,23.0,"Anand Vihar, Delhi - DPCC",17
site_301,Delhi,Delhi,"Anand Vihar, Delhi - DPCC",2025-06-21 17:45:00+00:00,2025-06-21 17:45:00+00:00,33.4,62.0,0.7,180.0,,0.0,251.0,742.0,,so2,60.5,"Anand Vihar, Delhi - DPCC",17
site_301,Delhi,Delhi,"Anand Vihar, Delhi - DPCC",2025-06-21 17:45:00+00:00,2025-06-21 17:45:00+00:00,33.4,62.0,0.7,180.0,,0.0,251.0,742.0,,toluene,12.0,"Anand Vihar, Delhi - DPCC",17
site_1560,Delhi,Delhi,"Bawana, Delhi - DPCC",2025-06-21 17:45:00+00:00,2025-06-21 17:45:00+00:00,33.8,63.0,4.1,164.0,0.0,0.0,79.0,986.0,,ozone,15.6,"Bawana, Delhi - DPCC",17
site_1560,Delhi,Delhi,"Bawana, Delhi - DPCC",2025-06-21 17:45:00+00:00,2025-06-21 17:45:00+00:00,33.8,63.0,4.1,164.0,0.0,0.0,79.0,986.0,,no2,8.9,"Bawana, Delhi - DPCC",17
site_1560,Delhi,Delhi,"Bawana, Delhi - DPCC",2025-06-21 17:45:00+00:00,2025-06-21 17:45:00+00:00,33.8,63.0,4.1,164.0,0.0,0.0,79.0,986.0,,no,3.0,"Bawana, Delhi - DPCC",17
site_108,Delhi,Delhi,"Aya Nagar, Delhi - IMD",2025-06-21 17:45:00+00:00,2025-06-21 17:45:00+00:00,,,,,,0.0,,,,co,1.12,"Aya Nagar, Delhi - IMD",17
site_108,Delhi,Delhi,"Aya Nagar, Delhi - IMD",2025-06-21 17:45:00+00:00,2025-06-21 17:45:00+00:00,,,,,,0.0,,,,no,4.98,"Aya Nagar, Delhi - IMD",17
site_108,Delhi,Delhi,"Aya Nagar, Delhi - IMD",2025-06-21 17:45:00+00:00,2025-06-21 17:45:00+00:00,,,,,,0.0,,,,no2,18.8,"Aya Nagar, Delhi - IMD",17
site_108,Delhi,Delhi,"Aya Nagar, Delhi - IMD",2025-06-21 17:45:00+00:00,2025-06-21 17:45:00+00:00,,,,,,0.0,,,,ozone,47.4,"Aya Nagar, Delhi - IMD",17
site_108,Delhi,Delhi,"Aya Nagar, Delhi - IMD",2025-06-21 17:45:00+00:00,2025-06-21 17:45:00+00:00,,,,,,0.0,,,,pm10,45.95,"Aya Nagar, Delhi - IMD",17
site_1420,Delhi,Delhi,"Ashok Vihar, Delhi - DPCC",2025-06-21 18:00:00+00:00,2025-06-21 18:00:00+00:00,32.6,62.0,1.3,130.0,0.0,0.0,39.0,982.0,,benzene,0.1,"Ashok Vihar, Delhi - DPCC",18
site_1420,Delhi,Delhi,"Ashok Vihar, Delhi - DPCC",2025-06-21 18:00:00+00:00,2025-06-21 18:00:00+00:00,32.6,62.0,1.3,130.0,0.0,0.0,39.0,982.0,,co,0.97,"Ashok Vihar, Delhi - DPCC",18
site_5024,Delhi,Delhi,"Alipur, Delhi - DPCC",2025-06-21 18:00:00+00:00,2025-06-21 18:00:00+00:00,33.7,57.0,,82.0,0.0,0.0,90.0,976.0,,co,1.04,"Alipur, Delhi - DPCC",18
site_1420,Delhi,Delhi,"Ashok Vihar, Delhi - DPCC",2025-06-21 18:00:00+00:00,2025-06-21 18:00:00+00:00,32.6,62.0,1.3,130.0,0.0,0.0,39.0,982.0,,no,4.0,"Ashok Vihar, Delhi - DPCC",18
site_1420,Delhi,Delhi,"Ashok Vihar, Delhi - DPCC",2025-06-21 18:00:00+00:00,2025-06-21 18:00:00+00:00,32.6,62.0,1.3,130.0,0.0,0.0,39.0,982.0,,no2,22.7,"Ashok Vihar, Delhi - DPCC",18
site_1420,Delhi,Delhi,"Ashok Vihar, Delhi - DPCC",2025-06-21 18:00:00+00:00,2025-06-21 18:00:00+00:00,32.6,62.0,1.3,130.0,0.0,0.0,39.0,982.0,,ozone,44.6,"Ashok Vihar, Delhi - DPCC",18
site_1420,Delhi,Delhi,"Ashok Vihar, Delhi - DPCC",2025-06-21 18:00:00+00:00,2025-06-21 18:00:00+00:00,32.6,62.0,1.3,130.0,0.0,0.0,39.0,982.0,,pm10,53.0,"Ashok Vihar, Delhi - DPCC",18
site_1420,Delhi,Delhi,"Ashok Vihar, Delhi - DPCC",2025-06-21 18:00:00+00:00,2025-06-21 18:00:00+00:00,32.6,62.0,1.3,130.0,0.0,0.0,39.0,982.0,,pm25,25.0,"Ashok Vihar, Delhi - DPCC",18
site_1420,Delhi,Delhi,"Ashok Vihar, Delhi - DPCC",2025-06-21 18:00:00+00:00,2025-06-21 18:00:00+00:00,32.6,62.0,1.3,130.0,0.0,0.0,39.0,982.0,,so2,9.5,"Ashok Vihar, Delhi - DPCC",18
site_1420,Delhi,Delhi,"Ashok Vihar, Delhi - DPCC",2025-06-21 18:00:00+00:00,2025-06-21 18:00:00+00:00,32.6,62.0,1.3,130.0,0.0,0.0,39.0,982.0,,toluene,0.7,"Ashok Vihar, Delhi - DPCC",18
site_5024,Delhi,Delhi,"Alipur, Delhi - DPCC",2025-06-21 18:00:00+00:00,2025-06-21 18:00:00+00:00,33.7,57.0,,82.0,0.0,0.0,90.0,976.0,,nh3,50.6,"Alipur, Delhi - DPCC",18
site_108,Delhi,Delhi,"Aya Nagar, Delhi - IMD",2025-06-21 18:00:00+00:00,2025-06-21 18:00:00+00:00,,,,,,0.0,,,,pm25,10.72,"Aya Nagar, Delhi - IMD",18
site_108,Delhi,Delhi,"Aya Nagar, Delhi - IMD",2025-06-21 18:00:00+00:00,2025-06-21 18:00:00+00:00,,,,,,0.0,,,,pm10,28.01,"Aya Nagar, Delhi - IMD",18
site_108,Delhi,Delhi,"Aya Nagar, Delhi - IMD",2025-06-21 18:00:00+00:00,2025-06-21 18:00:00+00:00,,,,,,0.0,,,,ozone,44.21,"Aya Nagar, Delhi - IMD",18
site_108,Delhi,Delhi,"Aya Nagar, Delhi - IMD",2025-06-21 18:00:00+00:00,2025-06-21 18:00:00+00:00,,,,,,0.0,,,,no2,19.01,"Aya Nagar, Delhi - IMD",18
site_108,Delhi,Delhi,"Aya Nagar, Delhi - IMD",2025-06-21 18:00:00+00:00,2025-06-21 18:00:00+00:00,,,,,,0.0,,,,no,5.55,"Aya Nagar, Delhi - IMD",18
site_108,Delhi,Delhi,"Aya Nagar, Delhi - IMD",2025-06-21 18:00:00+00:00,2025-06-21 18:00:00+00:00,,,,,,0.0,,,,co,1.12,"Aya Nagar, Delhi - IMD",18
site_1420,Delhi,Delhi,"Ashok Vihar, Delhi - DPCC",2025-06-21 18:00:00+00:00,2025-06-21 18:00:00+00:00,32.6,62.0,1.3,130.0,0.0,0.0,39.0,982.0,,nh3,30.7,"Ashok Vihar, Delhi - DPCC",18
site_5024,Delhi,Delhi,"Alipur, Delhi - DPCC",2025-06-21 18:00:00+00:00,2025-06-21 18:00:00+00:00,33.7,57.0,,82.0,0.0,0.0,90.0,976.0,,benzene,0.2,"Alipur, Delhi - DPCC",18
site_1560,Delhi,Delhi,"Bawana, Delhi - DPCC",2025-06-21 18:00:00+00:00,2025-06-21 18:00:00+00:00,33.6,63.0,4.6,172.0,0.0,0.0,65.0,986.0,,ozone,14.5,"Bawana, Delhi - DPCC",18
site_301,Delhi,Delhi,"Anand Vihar, Delhi - DPCC",2025-06-21 18:00:00+00:00,2025-06-21 18:00:00+00:00,33.0,62.0,0.8,157.0,,0.0,231.0,742.0,,no,22.8,"Anand Vihar, Delhi - DPCC",18
site_5024,Delhi,Delhi,"Alipur, Delhi - DPCC",2025-06-21 18:00:00+00:00,2025-06-21 18:00:00+00:00,33.7,57.0,,82.0,0.0,0.0,90.0,976.0,,pm10,77.0,"Alipur, Delhi - DPCC",18
site_5024,Delhi,Delhi,"Alipur, Delhi - DPCC",2025-06-21 18:00:00+00:00,2025-06-21 18:00:00+00:00,33.7,57.0,,82.0,0.0,0.0,90.0,976.0,,pm25,25.0,"Alipur, Delhi - DPCC",18
site_5024,Delhi,Delhi,"Alipur, Delhi - DPCC",2025-06-21 18:00:00+00:00,2025-06-21 18:00:00+00:00,33.7,57.0,,82.0,0.0,0.0,90.0,976.0,,so2,1.0,"Alipur, Delhi - DPCC",18
site_5024,Delhi,Delhi,"Alipur, Delhi - DPCC",2025-06-21 18:00:00+00:00,2025-06-21 18:00:00+00:00,33.7,57.0,,82.0,0.0,0.0,90.0,976.0,,toluene,0.2,"Alipur, Delhi - DPCC",18
site_104,Delhi,Delhi,"Burari Crossing, Delhi - IMD",2025-06-21 18:00:00+00:00,2025-06-21 18:00:00+00:00,,,,,,0.0,,,,pm10,57.44,"Burari Crossing, Delhi - IMD",18
site_104,Delhi,Delhi,"Burari Crossing, Delhi - IMD",2025-06-21 18:00:00+00:00,2025-06-21 18:00:00+00:00,,,,,,0.0,,,,pm25,16.86,"Burari Crossing, Delhi - IMD",18
site_301,Delhi,Delhi,"Anand Vihar, Delhi - DPCC",2025-06-21 18:00:00+00:00,2025-06-21 18:00:00+00:00,33.0,62.0,0.8,157.0,,0.0,231.0,742.0,,ozone,18.9,"Anand Vihar, Delhi - DPCC",18
site_1560,Delhi,Delhi,"Bawana, Delhi - DPCC",2025-06-21 18:00:00+00:00,2025-06-21 18:00:00+00:00,33.6,63.0,4.6,172.0,0.0,0.0,65.0,986.0,,nh3,28.5,"Bawana, Delhi - DPCC",18
site_5024,Delhi,Delhi,"Alipur, Delhi - DPCC",2025-06-21 18:00:00+00:00,2025-06-21 18:00:00+00:00,33.7,57.0,,82.0,0.0,0.0,90.0,976.0,,ozone,53.6,"Alipur, Delhi - DPCC",18
site_1560,Delhi,Delhi,"Bawana, Delhi - DPCC",2025-06-21 18:00:00+00:00,2025-06-21 18:00:00+00:00,33.6,63.0,4.6,172.0,0.0,0.0,65.0,986.0,,co,0.68,"Bawana, Delhi - DPCC",18
site_301,Delhi,Delhi,"Anand Vihar, Delhi - DPCC",2025-06-21 18:00:00+00:00,2025-06-21 18:00:00+00:00,33.0,62.0,0.8,157.0,,0.0,231.0,742.0,,toluene,15.0,"Anand Vihar, Delhi - DPCC",18
site_301,Delhi,Delhi,"Anand Vihar, Delhi - DPCC",2025-06-21 18:00:00+00:00,2025-06-21 18:00:00+00:00,33.0,62.0,0.8,157.0,,0.0,231.0,742.0,,so2,56.9,"Anand Vihar, Delhi - DPCC",18
site_301,Delhi,Delhi,"Anand Vihar, Delhi - DPCC",2025-06-21 18:00:00+00:00,2025-06-21 18:00:00+00:00,33.0,62.0,0.8,157.0,,0.0,231.0,742.0,,pm25,29.0,"Anand Vihar, Delhi - DPCC",18
site_301,Delhi,Delhi,"Anand Vihar, Delhi - DPCC",2025-06-21 18:00:00+00:00,2025-06-21 18:00:00+00:00,33.0,62.0,0.8,157.0,,0.0,231.0,742.0,,benzene,1.4,"Anand Vihar, Delhi - DPCC",18
site_301,Delhi,Delhi,"Anand Vihar, Delhi - DPCC",2025-06-21 18:00:00+00:00,2025-06-21 18:00:00+00:00,33.0,62.0,0.8,157.0,,0.0,231.0,742.0,,co,1.5,"Anand Vihar, Delhi - DPCC",18
site_301,Delhi,Delhi,"Anand Vihar, Delhi - DPCC",2025-06-21 18:00:00+00:00,2025-06-21 18:00:00+00:00,33.0,62.0,0.8,157.0,,0.0,231.0,742.0,,nh3,52.6,"Anand Vihar, Delhi - DPCC",18
site_1560,Delhi,Delhi,"Bawana, Delhi - DPCC",2025-06-21 18:00:00+00:00,2025-06-21 18:00:00+00:00,33.6,63.0,4.6,172.0,0.0,0.0,65.0,986.0,,no2,9.8,"Bawana, Delhi - DPCC",18
site_301,Delhi,Delhi,"Anand Vihar, Delhi - DPCC",2025-06-21 18:00:00+00:00,2025-06-21 18:00:00+00:00,33.0,62.0,0.8,157.0,,0.0,231.0,742.0,,no2,46.8,"Anand Vihar, Delhi - DPCC",18
site_1560,Delhi,Delhi,"Bawana, Delhi - DPCC",2025-06-21 18:00:00+00:00,2025-06-21 18:00:00+00:00,33.6,63.0,4.6,172.0,0.0,0.0,65.0,986.0,,benzene,0.9,"Bawana, Delhi - DPCC",18
site_5024,Delhi,Delhi,"Alipur, Delhi - DPCC",2025-06-21 18:00:00+00:00,2025-06-21 18:00:00+00:00,33.7,57.0,,82.0,0.0,0.0,90.0,976.0,,no2,16.5,"Alipur, Delhi - DPCC",18
site_301,Delhi,Delhi,"Anand Vihar, Delhi - DPCC",2025-06-21 18:00:00+00:00,2025-06-21 18:00:00+00:00,33.0,62.0,0.8,157.0,,0.0,231.0,742.0,,pm10,97.0,"Anand Vihar, Delhi - DPCC",18
site_1560,Delhi,Delhi,"Bawana, Delhi - DPCC",2025-06-21 18:00:00+00:00,2025-06-21 18:00:00+00:00,33.6,63.0,4.6,172.0,0.0,0.0,65.0,986.0,,no,3.6,"Bawana, Delhi - DPCC",18
site_104,Delhi,Delhi,"Burari Crossing, Delhi - IMD",2025-06-21 18:00:00+00:00,2025-06-21 18:00:00+00:00,,,,,,0.0,,,,ozone,26.03,"Burari Crossing, Delhi - IMD",18
site_104,Delhi,Delhi,"Burari Crossing, Delhi - IMD",2025-06-21 18:00:00+00:00,2025-06-21 18:00:00+00:00,,,,,,0.0,,,,no2,31.6,"Burari Crossing, Delhi - IMD",18
site_104,Delhi,Delhi,"Burari Crossing, Delhi - IMD",2025-06-21 18:00:00+00:00,2025-06-21 18:00:00+00:00,,,,,,0.0,,,,no,10.64,"Burari Crossing, Delhi - IMD",18
site_1560,Delhi,Delhi,"Bawana, Delhi - DPCC",2025-06-21 18:00:00+00:00,2025-06-21 18:00:00+00:00,33.6,63.0,4.6,172.0,0.0,0.0,65.0,986.0,,pm10,95.0,"Bawana, Delhi - DPCC",18
site_1560,Delhi,Delhi,"Bawana, Delhi - DPCC",2025-06-21 18:00:00+00:00,2025-06-21 18:00:00+00:00,33.6,63.0,4.6,172.0,0.0,0.0,65.0,986.0,,pm25,23.0,"Bawana, Delhi - DPCC",18
site_1560,Delhi,Delhi,"Bawana, Delhi - DPCC",2025-06-21 18:00:00+00:00,2025-06-21 18:00:00+00:00,33.6,63.0,4.6,172.0,0.0,0.0,65.0,986.0,,so2,4.6,"Bawana, Delhi - DPCC",18
site_1560,Delhi,Delhi,"Bawana, Delhi - DPCC",2025-06-21 18:00:00+00:00,2025-06-21 18:00:00+00:00,33.6,63.0,4.6,172.0,0.0,0.0,65.0,986.0,,toluene,6.4,"Bawana, Delhi - DPCC",18
site_104,Delhi,Delhi,"Burari Crossing, Delhi - IMD",2025-06-21 18:00:00+00:00,2025-06-21 18:00:00+00:00,,,,,,0.0,,,,co,0.74,"Burari Crossing, Delhi - IMD",18
site_5024,Delhi,Delhi,"Alipur, Delhi - DPCC",2025-06-21 18:00:00+00:00,2025-06-21 18:00:00+00:00,33.7,57.0,,82.0,0.0,0.0,90.0,976.0,,no,2.5,"Alipur, Delhi - DPCC",18
site_301,Delhi,Delhi,"Anand Vihar, Delhi - DPCC",2025-06-21 18:15:00+00:00,2025-06-21 18:15:00+00:00,32.8,63.0,0.5,190.0,,0.0,236.0,742.0,,no,11.4,"Anand Vihar, Delhi - DPCC",18
site_1420,Delhi,Delhi,"Ashok Vihar, Delhi - DPCC",2025-06-21 18:15:00+00:00,2025-06-21 18:15:00+00:00,32.6,62.0,1.0,166.0,0.0,0.0,37.0,982.0,,no,4.9,"Ashok Vihar, Delhi - DPCC",18
site_1420,Delhi,Delhi,"Ashok Vihar, Delhi - DPCC",2025-06-21 18:15:00+00:00,2025-06-21 18:15:00+00:00,32.6,62.0,1.0,166.0,0.0,0.0,37.0,982.0,,no2,26.0,"Ashok Vihar, Delhi - DPCC",18
site_1420,Delhi,Delhi,"Ashok Vihar, Delhi - DPCC",2025-06-21 18:15:00+00:00,2025-06-21 18:15:00+00:00,32.6,62.0,1.0,166.0,0.0,0.0,37.0,982.0,,ozone,42.6,"Ashok Vihar, Delhi - DPCC",18
site_301,Delhi,Delhi,"Anand Vihar, Delhi - DPCC",2025-06-21 18:15:00+00:00,2025-06-21 18:15:00+00:00,32.8,63.0,0.5,190.0,,0.0,236.0,742.0,,nh3,41.5,"Anand Vihar, Delhi - DPCC",18
site_1420,Delhi,Delhi,"Ashok Vihar, Delhi - DPCC",2025-06-21 18:15:00+00:00,2025-06-21 18:15:00+00:00,32.6,62.0,1.0,166.0,0.0,0.0,37.0,982.0,,so2,11.2,"Ashok Vihar, Delhi - DPCC",18
site_301,Delhi,Delhi,"Anand Vihar, Delhi - DPCC",2025-06-21 18:15:00+00:00,2025-06-21 18:15:00+00:00,32.8,63.0,0.5,190.0,,0.0,236.0,742.0,,benzene,1.8,"Anand Vihar, Delhi - DPCC",18
site_1420,Delhi,Delhi,"Ashok Vihar, Delhi - DPCC",2025-06-21 18:15:00+00:00,2025-06-21 18:15:00+00:00,32.6,62.0,1.0,166.0,0.0,0.0,37.0,982.0,,pm10,53.0,"Ashok Vihar, Delhi - DPCC",18
site_1420,Delhi,Delhi,"Ashok Vihar, Delhi - DPCC",2025-06-21 18:15:00+00:00,2025-06-21 18:15:00+00:00,32.6,62.0,1.0,166.0,0.0,0.0,37.0,982.0,,pm25,25.0,"Ashok Vihar, Delhi - DPCC",18
site_1420,Delhi,Delhi,"Ashok Vihar, Delhi - DPCC",2025-06-21 18:15:00+00:00,2025-06-21 18:15:00+00:00,32.6,62.0,1.0,166.0,0.0,0.0,37.0,982.0,,toluene,0.7,"Ashok Vihar, Delhi - DPCC",18
site_301,Delhi,Delhi,"Anand Vihar, Delhi - DPCC",2025-06-21 18:15:00+00:00,2025-06-21 18:15:00+00:00,32.8,63.0,0.5,190.0,,0.0,236.0,742.0,,co,1.59,"Anand Vihar, Delhi - DPCC",18
site_301,Delhi,Delhi,"Anand Vihar, Delhi - DPCC",2025-06-21 18:15:00+00:00,2025-06-21 18:15:00+00:00,32.8,63.0,0.5,190.0,,0.0,236.0,742.0,,no2,41.9,"Anand Vihar, Delhi - DPCC",18
site_301,Delhi,Delhi,"Anand Vihar, Delhi - DPCC",2025-06-21 18:15:00+00:00,2025-06-21 18:15:00+00:00,32.8,63.0,0.5,190.0,,0.0,236.0,742.0,,so2,55.4,"Anand Vihar, Delhi - DPCC",18
site_301,Delhi,Delhi,"Anand Vihar, Delhi - DPCC",2025-06-21 18:15:00+00:00,2025-06-21 18:15:00+00:00,32.8,63.0,0.5,190.0,,0.0,236.0,742.0,,pm10,97.0,"Anand Vihar, Delhi - DPCC",18
site_1420,Delhi,Delhi,"Ashok Vihar, Delhi - DPCC",2025-06-21 18:15:00+00:00,2025-06-21 18:15:00+00:00,32.6,62.0,1.0,166.0,0.0,0.0,37.0,982.0,,benzene,0.2,"Ashok Vihar, Delhi - DPCC",18
site_1420,Delhi,Delhi,"Ashok Vihar, Delhi - DPCC",2025-06-21 18:15:00+00:00,2025-06-21 18:15:00+00:00,32.6,62.0,1.0,166.0,0.0,0.0,37.0,982.0,,co,1.05,"Ashok Vihar, Delhi - DPCC",18
site_1420,Delhi,Delhi,"Ashok Vihar, Delhi - DPCC",2025-06-21 18:15:00+00:00,2025-06-21 18:15:00+00:00,32.6,62.0,1.0,166.0,0.0,0.0,37.0,982.0,,nh3,29.4,"Ashok Vihar, Delhi - DPCC",18
site_104,Delhi,Delhi,"Burari Crossing, Delhi - IMD",2025-06-21 18:15:00+00:00,2025-06-21 18:15:00+00:00,,,,,,0.0,,,,co,0.79,"Burari Crossing, Delhi - IMD",18
site_104,Delhi,Delhi,"Burari Crossing, Delhi - IMD",2025-06-21 18:15:00+00:00,2025-06-21 18:15:00+00:00,,,,,,0.0,,,,no,10.17,"Burari Crossing, Delhi - IMD",18
site_104,Delhi,Delhi,"Burari Crossing, Delhi - IMD",2025-06-21 18:15:00+00:00,2025-06-21 18:15:00+00:00,,,,,,0.0,,,,ozone,26.17,"Burari Crossing, Delhi - IMD",18
site_104,Delhi,Delhi,"Burari Crossing, Delhi - IMD",2025-06-21 18:15:00+00:00,2025-06-21 18:15:00+00:00,,,,,,0.0,,,,pm10,51.82,"Burari Crossing, Delhi - IMD",18
site_104,Delhi,Delhi,"Burari Crossing, Delhi - IMD",2025-06-21 18:15:00+00:00,2025-06-21 18:15:00+00:00,,,,,,0.0,,,,pm25,32.44,"Burari Crossing, Delhi - IMD",18
site_108,Delhi,Delhi,"Aya Nagar, Delhi - IMD",2025-06-21 18:15:00+00:00,2025-06-21 18:15:00+00:00,,,,,,0.0,,,,pm25,8.67,"Aya Nagar, Delhi - IMD",18
site_108,Delhi,Delhi,"Aya Nagar, Delhi - IMD",2025-06-21 18:15:00+00:00,2025-06-21 18:15:00+00:00,,,,,,0.0,,,,pm10,38.09,"Aya Nagar, Delhi - IMD",18
site_108,Delhi,Delhi,"Aya Nagar, Delhi - IMD",2025-06-21 18:15:00+00:00,2025-06-21 18:15:00+00:00,,,,,,0.0,,,,ozone,45.79,"Aya Nagar, Delhi - IMD",18
site_108,Delhi,Delhi,"Aya Nagar, Delhi - IMD",2025-06-21 18:15:00+00:00,2025-06-21 18:15:00+00:00,,,,,,0.0,,,,no2,17.22,"Aya Nagar, Delhi - IMD",18
site_108,Delhi,Delhi,"Aya Nagar, Delhi - IMD",2025-06-21 18:15:00+00:00,2025-06-21 18:15:00+00:00,,,,,,0.0,,,,no,5.34,"Aya Nagar, Delhi - IMD",18
site_108,Delhi,Delhi,"Aya Nagar, Delhi - IMD",2025-06-21 18:15:00+00:00,2025-06-21 18:15:00+00:00,,,,,,0.0,,,,co,1.1,"Aya Nagar, Delhi - IMD",18
site_301,Delhi,Delhi,"Anand Vihar, Delhi - DPCC",2025-06-21 18:15:00+00:00,2025-06-21 18:15:00+00:00,32.8,63.0,0.5,190.0,,0.0,236.0,742.0,,toluene,20.2,"Anand Vihar, Delhi - DPCC",18
site_301,Delhi,Delhi,"Anand Vihar, Delhi - DPCC",2025-06-21 18:15:00+00:00,2025-06-21 18:15:00+00:00,32.8,63.0,0.5,190.0,,0.0,236.0,742.0,,ozone,16.8,"Anand Vihar, Delhi - DPCC",18
site_104,Delhi,Delhi,"Burari Crossing, Delhi - IMD",2025-06-21 18:15:00+00:00,2025-06-21 18:15:00+00:00,,,,,,0.0,,,,no2,34.5,"Burari Crossing, Delhi - IMD",18
site_301,Delhi,Delhi,"Anand Vihar, Delhi - DPCC",2025-06-21 18:15:00+00:00,2025-06-21 18:15:00+00:00,32.8,63.0,0.5,190.0,,0.0,236.0,742.0,,pm25,29.0,"Anand Vihar, Delhi - DPCC",18
site_5024,Delhi,Delhi,"Alipur, Delhi - DPCC",2025-06-21 18:15:00+00:00,2025-06-21 18:15:00+00:00,33.7,56.0,,114.0,0.0,0.0,90.0,976.0,,no,2.8,"Alipur, Delhi - DPCC",18
site_5024,Delhi,Delhi,"Alipur, Delhi - DPCC",2025-06-21 18:15:00+00:00,2025-06-21 18:15:00+00:00,33.7,56.0,,114.0,0.0,0.0,90.0,976.0,,ozone,50.9,"Alipur, Delhi - DPCC",18
site_5024,Delhi,Delhi,"Alipur, Delhi - DPCC",2025-06-21 18:15:00+00:00,2025-06-21 18:15:00+00:00,33.7,56.0,,114.0,0.0,0.0,90.0,976.0,,no2,18.1,"Alipur, Delhi - DPCC",18
site_5024,Delhi,Delhi,"Alipur, Delhi - DPCC",2025-06-21 18:15:00+00:00,2025-06-21 18:15:00+00:00,33.7,56.0,,114.0,0.0,0.0,90.0,976.0,,nh3,50.9,"Alipur, Delhi - DPCC",18
site_5024,Delhi,Delhi,"Alipur, Delhi - DPCC",2025-06-21 18:15:00+00:00,2025-06-21 18:15:00+00:00,33.7,56.0,,114.0,0.0,0.0,90.0,976.0,,co,0.74,"Alipur, Delhi - DPCC",18
site_5024,Delhi,Delhi,"Alipur, Delhi - DPCC",2025-06-21 18:15:00+00:00,2025-06-21 18:15:00+00:00,33.7,56.0,,114.0,0.0,0.0,90.0,976.0,,benzene,0.2,"Alipur, Delhi - DPCC",18
site_1560,Delhi,Delhi,"Bawana, Delhi - DPCC",2025-06-21 18:15:00+00:00,2025-06-21 18:15:00+00:00,33.5,63.0,2.9,178.0,0.0,0.0,63.0,986.0,,toluene,6.8,"Bawana, Delhi - DPCC",18
site_1560,Delhi,Delhi,"Bawana, Delhi - DPCC",2025-06-21 18:15:00+00:00,2025-06-21 18:15:00+00:00,33.5,63.0,2.9,178.0,0.0,0.0,63.0,986.0,,so2,4.5,"Bawana, Delhi - DPCC",18
site_1560,Delhi,Delhi,"Bawana, Delhi - DPCC",2025-06-21 18:15:00+00:00,2025-06-21 18:15:00+00:00,33.5,63.0,2.9,178.0,0.0,0.0,63.0,986.0,,pm25,23.0,"Bawana, Delhi - DPCC",18
site_1560,Delhi,Delhi,"Bawana, Delhi - DPCC",2025-06-21 18:15:00+00:00,2025-06-21 18:15:00+00:00,33.5,63.0,2.9,178.0,0.0,0.0,63.0,986.0,,pm10,95.0,"Bawana, Delhi - DPCC",18
site_1560,Delhi,Delhi,"Bawana, Delhi - DPCC",2025-06-21 18:15:00+00:00,2025-06-21 18:15:00+00:00,33.5,63.0,2.9,178.0,0.0,0.0,63.0,986.0,,ozone,12.1,"Bawana, Delhi - DPCC",18
site_1560,Delhi,Delhi,"Bawana, Delhi - DPCC",2025-06-21 18:15:00+00:00,2025-06-21 18:15:00+00:00,33.5,63.0,2.9,178.0,0.0,0.0,63.0,986.0,,no2,9.9,"Bawana, Delhi - DPCC",18
site_1560,Delhi,Delhi,"Bawana, Delhi - DPCC",2025-06-21 18:15:00+00:00,2025-06-21 18:15:00+00:00,33.5,63.0,2.9,178.0,0.0,0.0,63.0,986.0,,no,2.9,"Bawana, Delhi - DPCC",18
site_1560,Delhi,Delhi,"Bawana, Delhi - DPCC",2025-06-21 18:15:00+00:00,2025-06-21 18:15:00+00:00,33.5,63.0,2.9,178.0,0.0,0.0,63.0,986.0,,nh3,26.2,"Bawana, Delhi - DPCC",18
site_1560,Delhi,Delhi,"Bawana, Delhi - DPCC",2025-06-21 18:15:00+00:00,2025-06-21 18:15:00+00:00,33.5,63.0,2.9,178.0,0.0,0.0,63.0,986.0,,co,0.64,"Bawana, Delhi - DPCC",18
site_1560,Delhi,Delhi,"Bawana, Delhi - DPCC",2025-06-21 18:15:00+00:00,2025-06-21 18:15:00+00:00,33.5,63.0,2.9,178.0,0.0,0.0,63.0,986.0,,benzene,0.9,"Bawana, Delhi - DPCC",18
site_5024,Delhi,Delhi,"Alipur, Delhi - DPCC",2025-06-21 18:15:00+00:00,2025-06-21 18:15:00+00:00,33.7,56.0,,114.0,0.0,0.0,90.0,976.0,,pm10,77.0,"Alipur, Delhi - DPCC",18
site_5024,Delhi,Delhi,"Alipur, Delhi - DPCC",2025-06-21 18:15:00+00:00,2025-06-21 18:15:00+00:00,33.7,56.0,,114.0,0.0,0.0,90.0,976.0,,so2,2.0,"Alipur, Delhi - DPCC",18
site_5024,Delhi,Delhi,"Alipur, Delhi - DPCC",2025-06-21 18:15:00+00:00,2025-06-21 18:15:00+00:00,33.7,56.0,,114.0,0.0,0.0,90.0,976.0,,pm25,25.0,"Alipur, Delhi - DPCC",18
site_5024,Delhi,Delhi,"Alipur, Delhi - DPCC",2025-06-21 18:15:00+00:00,2025-06-21 18:15:00+00:00,33.7,56.0,,114.0,0.0,0.0,90.0,976.0,,toluene,0.2,"Alipur, Delhi - DPCC",18
site_108,Delhi,Delhi,"Aya Nagar, Delhi - IMD",2025-06-21 18:30:00+00:00,2025-06-21 18:30:00+00:00,,,,,,0.0,,,,co,1.09,"Aya Nagar, Delhi - IMD",18
site_1560,Delhi,Delhi,"Bawana, Delhi - DPCC",2025-06-21 18:30:00+00:00,2025-06-21 18:30:00+00:00,33.5,64.0,2.4,148.0,0.0,0.0,40.0,986.0,,co,0.69,"Bawana, Delhi - DPCC",18
site_1560,Delhi,Delhi,"Bawana, Delhi - DPCC",2025-06-21 18:30:00+00:00,2025-06-21 18:30:00+00:00,33.5,64.0,2.4,148.0,0.0,0.0,40.0,986.0,,benzene,0.9,"Bawana, Delhi - DPCC",18
site_301,Delhi,Delhi,"Anand Vihar, Delhi - DPCC",2025-06-21 18:30:00+00:00,2025-06-21 18:30:00+00:00,32.8,61.0,0.4,213.0,,0.0,210.0,742.0,,co,1.58,"Anand Vihar, Delhi - DPCC",18
site_301,Delhi,Delhi,"Anand Vihar, Delhi - DPCC",2025-06-21 18:30:00+00:00,2025-06-21 18:30:00+00:00,32.8,61.0,0.4,213.0,,0.0,210.0,742.0,,nh3,35.1,"Anand Vihar, Delhi - DPCC",18
site_301,Delhi,Delhi,"Anand Vihar, Delhi - DPCC",2025-06-21 18:30:00+00:00,2025-06-21 18:30:00+00:00,32.8,61.0,0.4,213.0,,0.0,210.0,742.0,,no,20.0,"Anand Vihar, Delhi - DPCC",18
site_301,Delhi,Delhi,"Anand Vihar, Delhi - DPCC",2025-06-21 18:30:00+00:00,2025-06-21 18:30:00+00:00,32.8,61.0,0.4,213.0,,0.0,210.0,742.0,,no2,37.4,"Anand Vihar, Delhi - DPCC",18
site_301,Delhi,Delhi,"Anand Vihar, Delhi - DPCC",2025-06-21 18:30:00+00:00,2025-06-21 18:30:00+00:00,32.8,61.0,0.4,213.0,,0.0,210.0,742.0,,ozone,14.5,"Anand Vihar, Delhi - DPCC",18
site_301,Delhi,Delhi,"Anand Vihar, Delhi - DPCC",2025-06-21 18:30:00+00:00,2025-06-21 18:30:00+00:00,32.8,61.0,0.4,213.0,,0.0,210.0,742.0,,pm10,97.0,"Anand Vihar, Delhi - DPCC",18
site_301,Delhi,Delhi,"Anand Vihar, Delhi - DPCC",2025-06-21 18:30:00+00:00,2025-06-21 18:30:00+00:00,32.8,61.0,0.4,213.0,,0.0,210.0,742.0,,pm25,29.0,"Anand Vihar, Delhi - DPCC",18
site_301,Delhi,Delhi,"Anand Vihar, Delhi - DPCC",2025-06-21 18:30:00+00:00,2025-06-21 18:30:00+00:00,32.8,61.0,0.4,213.0,,0.0,210.0,742.0,,so2,59.0,"Anand Vihar, Delhi - DPCC",18
site_301,Delhi,Delhi,"Anand Vihar, Delhi - DPCC",2025-06-21 18:30:00+00:00,2025-06-21 18:30:00+00:00,32.8,61.0,0.4,213.0,,0.0,210.0,742.0,,toluene,19.5,"Anand Vihar, Delhi - DPCC",18
site_5024,Delhi,Delhi,"Alipur, Delhi - DPCC",2025-06-21 18:30:00+00:00,2025-06-21 18:30:00+00:00,33.9,56.0,,111.0,0.0,0.0,70.0,976.0,,ozone,46.7,"Alipur, Delhi - DPCC",18
site_5024,Delhi,Delhi,"Alipur, Delhi - DPCC",2025-06-21 18:30:00+00:00,2025-06-21 18:30:00+00:00,33.9,56.0,,111.0,0.0,0.0,70.0,976.0,,pm10,77.0,"Alipur, Delhi - DPCC",18
site_5024,Delhi,Delhi,"Alipur, Delhi - DPCC",2025-06-21 18:30:00+00:00,2025-06-21 18:30:00+00:00,33.9,56.0,,111.0,0.0,0.0,70.0,976.0,,pm25,25.0,"Alipur, Delhi - DPCC",18
site_5024,Delhi,Delhi,"Alipur, Delhi - DPCC",2025-06-21 18:30:00+00:00,2025-06-21 18:30:00+00:00,33.9,56.0,,111.0,0.0,0.0,70.0,976.0,,so2,6.0,"Alipur, Delhi - DPCC",18
site_5024,Delhi,Delhi,"Alipur, Delhi - DPCC",2025-06-21 18:30:00+00:00,2025-06-21 18:30:00+00:00,33.9,56.0,,111.0,0.0,0.0,70.0,976.0,,toluene,0.2,"Alipur, Delhi - DPCC",18
site_1420,Delhi,Delhi,"Ashok Vihar, Delhi - DPCC",2025-06-21 18:30:00+00:00,2025-06-21 18:30:00+00:00,32.6,63.0,1.1,193.0,0.0,0.0,30.0,982.0,,toluene,1.2,"Ashok Vihar, Delhi - DPCC",18
site_1420,Delhi,Delhi,"Ashok Vihar, Delhi - DPCC",2025-06-21 18:30:00+00:00,2025-06-21 18:30:00+00:00,32.6,63.0,1.1,193.0,0.0,0.0,30.0,982.0,,benzene,0.2,"Ashok Vihar, Delhi - DPCC",18
site_1420,Delhi,Delhi,"Ashok Vihar, Delhi - DPCC",2025-06-21 18:30:00+00:00,2025-06-21 18:30:00+00:00,32.6,63.0,1.1,193.0,0.0,0.0,30.0,982.0,,co,1.08,"Ashok Vihar, Delhi - DPCC",18
site_1420,Delhi,Delhi,"Ashok Vihar, Delhi - DPCC",2025-06-21 18:30:00+00:00,2025-06-21 18:30:00+00:00,32.6,63.0,1.1,193.0,0.0,0.0,30.0,982.0,,nh3,28.7,"Ashok Vihar, Delhi - DPCC",18
site_1420,Delhi,Delhi,"Ashok Vihar, Delhi - DPCC",2025-06-21 18:30:00+00:00,2025-06-21 18:30:00+00:00,32.6,63.0,1.1,193.0,0.0,0.0,30.0,982.0,,no,4.4,"Ashok Vihar, Delhi - DPCC",18
site_1420,Delhi,Delhi,"Ashok Vihar, Delhi - DPCC",2025-06-21 18:30:00+00:00,2025-06-21 18:30:00+00:00,32.6,63.0,1.1,193.0,0.0,0.0,30.0,982.0,,no2,29.3,"Ashok Vihar, Delhi - DPCC",18
site_1420,Delhi,Delhi,"Ashok Vihar, Delhi - DPCC",2025-06-21 18:30:00+00:00,2025-06-21 18:30:00+00:00,32.6,63.0,1.1,193.0,0.0,0.0,30.0,982.0,,so2,11.4,"Ashok Vihar, Delhi - DPCC",18
site_1560,Delhi,Delhi,"Bawana, Delhi - DPCC",2025-06-21 18:30:00+00:00,2025-06-21 18:30:00+00:00,33.5,64.0,2.4,148.0,0.0,0.0,40.0,986.0,,no,2.6,"Bawana, Delhi - DPCC",18
site_1560,Delhi,Delhi,"Bawana, Delhi - DPCC",2025-06-21 18:30:00+00:00,2025-06-21 18:30:00+00:00,33.5,64.0,2.4,148.0,0.0,0.0,40.0,986.0,,nh3,24.9,"Bawana, Delhi - DPCC",18
site_301,Delhi,Delhi,"Anand Vihar, Delhi - DPCC",2025-06-21 18:30:00+00:00,2025-06-21 18:30:00+00:00,32.8,61.0,0.4,213.0,,0.0,210.0,742.0,,benzene,1.8,"Anand Vihar, Delhi - DPCC",18
site_108,Delhi,Delhi,"Aya Nagar, Delhi - IMD",2025-06-21 18:30:00+00:00,2025-06-21 18:30:00+00:00,,,,,,0.0,,,,no,4.71,"Aya Nagar, Delhi - IMD",18
site_108,Delhi,Delhi,"Aya Nagar, Delhi - IMD",2025-06-21 18:30:00+00:00,2025-06-21 18:30:00+00:00,,,,,,0.0,,,,no2,16.33,"Aya Nagar, Delhi - IMD",18
site_108,Delhi,Delhi,"Aya Nagar, Delhi - IMD",2025-06-21 18:30:00+00:00,2025-06-21 18:30:00+00:00,,,,,,0.0,,,,ozone,43.85,"Aya Nagar, Delhi - IMD",18
site_108,Delhi,Delhi,"Aya Nagar, Delhi - IMD",2025-06-21 18:30:00+00:00,2025-06-21 18:30:00+00:00,,,,,,0.0,,,,pm10,46.92,"Aya Nagar, Delhi - IMD",18
site_108,Delhi,Delhi,"Aya Nagar, Delhi - IMD",2025-06-21 18:30:00+00:00,2025-06-21 18:30:00+00:00,,,,,,0.0,,,,pm25,13.65,"Aya Nagar, Delhi - IMD",18
site_104,Delhi,Delhi,"Burari Crossing, Delhi - IMD",2025-06-21 18:30:00+00:00,2025-06-21 18:30:00+00:00,,,,,,0.0,,,,pm25,42.91,"Burari Crossing, Delhi - IMD",18
site_104,Delhi,Delhi,"Burari Crossing, Delhi - IMD",2025-06-21 18:30:00+00:00,2025-06-21 18:30:00+00:00,,,,,,0.0,,,,pm10,43.77,"Burari Crossing, Delhi - IMD",18
site_104,Delhi,Delhi,"Burari Crossing, Delhi - IMD",2025-06-21 18:30:00+00:00,2025-06-21 18:30:00+00:00,,,,,,0.0,,,,ozone,30.15,"Burari Crossing, Delhi - IMD",18
site_104,Delhi,Delhi,"Burari Crossing, Delhi - IMD",2025-06-21 18:30:00+00:00,2025-06-21 18:30:00+00:00,,,,,,0.0,,,,no2,33.84,"Burari Crossing, Delhi - IMD",18
site_5024,Delhi,Delhi,"Alipur, Delhi - DPCC",2025-06-21 18:30:00+00:00,2025-06-21 18:30:00+00:00,33.9,56.0,,111.0,0.0,0.0,70.0,976.0,,no2,19.9,"Alipur, Delhi - DPCC",18
site_104,Delhi,Delhi,"Burari Crossing, Delhi - IMD",2025-06-21 18:30:00+00:00,2025-06-21 18:30:00+00:00,,,,,,0.0,,,,co,0.79,"Burari Crossing, Delhi - IMD",18
site_104,Delhi,Delhi,"Burari Crossing, Delhi - IMD",2025-06-21 18:30:00+00:00,2025-06-21 18:30:00+00:00,,,,,,0.0,,,,no,9.77,"Burari Crossing, Delhi - IMD",18
site_1560,Delhi,Delhi,"Bawana, Delhi - DPCC",2025-06-21 18:30:00+00:00,2025-06-21 18:30:00+00:00,33.5,64.0,2.4,148.0,0.0,0.0,40.0,986.0,,ozone,12.8,"Bawana, Delhi - DPCC",18
site_1560,Delhi,Delhi,"Bawana, Delhi - DPCC",2025-06-21 18:30:00+00:00,2025-06-21 18:30:00+00:00,33.5,64.0,2.4,148.0,0.0,0.0,40.0,986.0,,pm10,95.0,"Bawana, Delhi - DPCC",18
site_1560,Delhi,Delhi,"Bawana, Delhi - DPCC",2025-06-21 18:30:00+00:00,2025-06-21 18:30:00+00:00,33.5,64.0,2.4,148.0,0.0,0.0,40.0,986.0,,pm25,23.0,"Bawana, Delhi - DPCC",18
site_1560,Delhi,Delhi,"Bawana, Delhi - DPCC",2025-06-21 18:30:00+00:00,2025-06-21 18:30:00+00:00,33.5,64.0,2.4,148.0,0.0,0.0,40.0,986.0,,so2,4.4,"Bawana, Delhi - DPCC",18
site_1560,Delhi,Delhi,"Bawana, Delhi - DPCC",2025-06-21 18:30:00+00:00,2025-06-21 18:30:00+00:00,33.5,64.0,2.4,148.0,0.0,0.0,40.0,986.0,,toluene,9.0,"Bawana, Delhi - DPCC",18
site_1420,Delhi,Delhi,"Ashok Vihar, Delhi - DPCC",2025-06-21 18:30:00+00:00,2025-06-21 18:30:00+00:00,32.6,63.0,1.1,193.0,0.0,0.0,30.0,982.0,,ozone,34.2,"Ashok Vihar, Delhi - DPCC",18
site_5024,Delhi,Delhi,"Alipur, Delhi - DPCC",2025-06-21 18:30:00+00:00,2025-06-21 18:30:00+00:00,33.9,56.0,,111.0,0.0,0.0,70.0,976.0,,benzene,0.2,"Alipur, Delhi - DPCC",18
site_5024,Delhi,Delhi,"Alipur, Delhi - DPCC",2025-06-21 18:30:00+00:00,2025-06-21 18:30:00+00:00,33.9,56.0,,111.0,0.0,0.0,70.0,976.0,,co,0.81,"Alipur, Delhi - DPCC",18
site_5024,Delhi,Delhi,"Alipur, Delhi - DPCC",2025-06-21 18:30:00+00:00,2025-06-21 18:30:00+00:00,33.9,56.0,,111.0,0.0,0.0,70.0,976.0,,nh3,51.6,"Alipur, Delhi - DPCC",18
site_1420,Delhi,Delhi,"Ashok Vihar, Delhi - DPCC",2025-06-21 18:30:00+00:00,2025-06-21 18:30:00+00:00,32.6,63.0,1.1,193.0,0.0,0.0,30.0,982.0,,pm25,25.0,"Ashok Vihar, Delhi - DPCC",18
site_5024,Delhi,Delhi,"Alipur, Delhi - DPCC",2025-06-21 18:30:00+00:00,2025-06-21 18:30:00+00:00,33.9,56.0,,111.0,0.0,0.0,70.0,976.0,,no,3.1,"Alipur, Delhi - DPCC",18
site_1560,Delhi,Delhi,"Bawana, Delhi - DPCC",2025-06-21 18:30:00+00:00,2025-06-21 18:30:00+00:00,33.5,64.0,2.4,148.0,0.0,0.0,40.0,986.0,,no2,10.9,"Bawana, Delhi - DPCC",18
site_1420,Delhi,Delhi,"Ashok Vihar, Delhi - DPCC",2025-06-21 18:30:00+00:00,2025-06-21 18:30:00+00:00,32.6,63.0,1.1,193.0,0.0,0.0,30.0,982.0,,pm10,53.0,"Ashok Vihar, Delhi - DPCC",18
site_1420,Delhi,Delhi,"Ashok Vihar, Delhi - DPCC",2025-06-21 18:45:00+00:00,2025-06-21 18:45:00+00:00,32.5,64.0,0.9,184.0,0.0,0.0,25.0,982.0,,benzene,0.3,"Ashok Vihar, Delhi - DPCC",18
site_1420,Delhi,Delhi,"Ashok Vihar, Delhi - DPCC",2025-06-21 18:45:00+00:00,2025-06-21 18:45:00+00:00,32.5,64.0,0.9,184.0,0.0,0.0,25.0,982.0,,co,1.09,"Ashok Vihar, Delhi - DPCC",18
site_1420,Delhi,Delhi,"Ashok Vihar, Delhi - DPCC",2025-06-21 18:45:00+00:00,2025-06-21 18:45:00+00:00,32.5,64.0,0.9,184.0,0.0,0.0,25.0,982.0,,nh3,30.1,"Ashok Vihar, Delhi - DPCC",18
site_104,Delhi,Delhi,"Burari Crossing, Delhi - IMD",2025-06-21 18:45:00+00:00,2025-06-21 18:45:00+00:00,,,,,,0.0,,,,no,9.34,"Burari Crossing, Delhi - IMD",18
site_1420,Delhi,Delhi,"Ashok Vihar, Delhi - DPCC",2025-06-21 18:45:00+00:00,2025-06-21 18:45:00+00:00,32.5,64.0,0.9,184.0,0.0,0.0,25.0,982.0,,no,4.9,"Ashok Vihar, Delhi - DPCC",18
site_104,Delhi,Delhi,"Burari Crossing, Delhi - IMD",2025-06-21 18:45:00+00:00,2025-06-21 18:45:00+00:00,,,,,,0.0,,,,pm25,45.17,"Burari Crossing, Delhi - IMD",18
site_104,Delhi,Delhi,"Burari Crossing, Delhi - IMD",2025-06-21 18:45:00+00:00,2025-06-21 18:45:00+00:00,,,,,,0.0,,,,pm10,43.17,"Burari Crossing, Delhi - IMD",18
site_104,Delhi,Delhi,"Burari Crossing, Delhi - IMD",2025-06-21 18:45:00+00:00,2025-06-21 18:45:00+00:00,,,,,,0.0,,,,ozone,37.01,"Burari Crossing, Delhi - IMD",18
site_104,Delhi,Delhi,"Burari Crossing, Delhi - IMD",2025-06-21 18:45:00+00:00,2025-06-21 18:45:00+00:00,,,,,,0.0,,,,no2,35.64,"Burari Crossing, Delhi - IMD",18
site_104,Delhi,Delhi,"Burari Crossing, Delhi - IMD",2025-06-21 18:45:00+00:00,2025-06-21 18:45:00+00:00,,,,,,0.0,,,,co,0.83,"Burari Crossing, Delhi - IMD",18
site_1420,Delhi,Delhi,"Ashok Vihar, Delhi - DPCC",2025-06-21 18:45:00+00:00,2025-06-21 18:45:00+00:00,32.5,64.0,0.9,184.0,0.0,0.0,25.0,982.0,,no2,27.5,"Ashok Vihar, Delhi - DPCC",18
site_1560,Delhi,Delhi,"Bawana, Delhi - DPCC",2025-06-21 18:45:00+00:00,2025-06-21 18:45:00+00:00,33.4,65.0,2.4,164.0,0.0,0.0,29.0,987.0,,nh3,23.5,"Bawana, Delhi - DPCC",18
site_1420,Delhi,Delhi,"Ashok Vihar, Delhi - DPCC",2025-06-21 18:45:00+00:00,2025-06-21 18:45:00+00:00,32.5,64.0,0.9,184.0,0.0,0.0,25.0,982.0,,pm10,53.0,"Ashok Vihar, Delhi - DPCC",18
site_1420,Delhi,Delhi,"Ashok Vihar, Delhi - DPCC",2025-06-21 18:45:00+00:00,2025-06-21 18:45:00+00:00,32.5,64.0,0.9,184.0,0.0,0.0,25.0,982.0,,ozone,30.9,"Ashok Vihar, Delhi - DPCC",18
site_1560,Delhi,Delhi,"Bawana, Delhi - DPCC",2025-06-21 18:45:00+00:00,2025-06-21 18:45:00+00:00,33.4,65.0,2.4,164.0,0.0,0.0,29.0,987.0,,pm10,95.0,"Bawana, Delhi - DPCC",18
site_1560,Delhi,Delhi,"Bawana, Delhi - DPCC",2025-06-21 18:45:00+00:00,2025-06-21 18:45:00+00:00,33.4,65.0,2.4,164.0,0.0,0.0,29.0,987.0,,ozone,12.2,"Bawana, Delhi - DPCC",18
site_1560,Delhi,Delhi,"Bawana, Delhi - DPCC",2025-06-21 18:45:00+00:00,2025-06-21 18:45:00+00:00,33.4,65.0,2.4,164.0,0.0,0.0,29.0,987.0,,no2,13.9,"Bawana, Delhi - DPCC",18
site_1560,Delhi,Delhi,"Bawana, Delhi - DPCC",2025-06-21 18:45:00+00:00,2025-06-21 18:45:00+00:00,33.4,65.0,2.4,164.0,0.0,0.0,29.0,987.0,,no,3.3,"Bawana, Delhi - DPCC",18
site_1560,Delhi,Delhi,"Bawana, Delhi - DPCC",2025-06-21 18:45:00+00:00,2025-06-21 18:45:00+00:00,33.4,65.0,2.4,164.0,0.0,0.0,29.0,987.0,,co,0.78,"Bawana, Delhi - DPCC",18
site_1560,Delhi,Delhi,"Bawana, Delhi - DPCC",2025-06-21 18:45:00+00:00,2025-06-21 18:45:00+00:00,33.4,65.0,2.4,164.0,0.0,0.0,29.0,987.0,,benzene,0.8,"Bawana, Delhi - DPCC",18
site_108,Delhi,Delhi,"Aya Nagar, Delhi - IMD",2025-06-21 18:45:00+00:00,2025-06-21 18:45:00+00:00,,,,,,0.0,,,,pm25,12.53,"Aya Nagar, Delhi - IMD",18
site_108,Delhi,Delhi,"Aya Nagar, Delhi - IMD",2025-06-21 18:45:00+00:00,2025-06-21 18:45:00+00:00,,,,,,0.0,,,,pm10,47.94,"Aya Nagar, Delhi - IMD",18
site_108,Delhi,Delhi,"Aya Nagar, Delhi - IMD",2025-06-21 18:45:00+00:00,2025-06-21 18:45:00+00:00,,,,,,0.0,,,,ozone,39.27,"Aya Nagar, Delhi - IMD",18
site_108,Delhi,Delhi,"Aya Nagar, Delhi - IMD",2025-06-21 18:45:00+00:00,2025-06-21 18:45:00+00:00,,,,,,0.0,,,,no2,19.54,"Aya Nagar, Delhi - IMD",18
site_108,Delhi,Delhi,"Aya Nagar, Delhi - IMD",2025-06-21 18:45:00+00:00,2025-06-21 18:45:00+00:00,,,,,,0.0,,,,no,4.73,"Aya Nagar, Delhi - IMD",18
site_108,Delhi,Delhi,"Aya Nagar, Delhi - IMD",2025-06-21 18:45:00+00:00,2025-06-21 18:45:00+00:00,,,,,,0.0,,,,co,1.14,"Aya Nagar, Delhi - IMD",18
site_5024,Delhi,Delhi,"Alipur, Delhi - DPCC",2025-06-21 18:45:00+00:00,2025-06-21 18:45:00+00:00,33.9,57.0,,12.0,0.0,0.0,51.0,976.0,,so2,8.6,"Alipur, Delhi - DPCC",18
site_5024,Delhi,Delhi,"Alipur, Delhi - DPCC",2025-06-21 18:45:00+00:00,2025-06-21 18:45:00+00:00,33.9,57.0,,12.0,0.0,0.0,51.0,976.0,,pm25,25.0,"Alipur, Delhi - DPCC",18
site_5024,Delhi,Delhi,"Alipur, Delhi - DPCC",2025-06-21 18:45:00+00:00,2025-06-21 18:45:00+00:00,33.9,57.0,,12.0,0.0,0.0,51.0,976.0,,pm10,77.0,"Alipur, Delhi - DPCC",18
site_5024,Delhi,Delhi,"Alipur, Delhi - DPCC",2025-06-21 18:45:00+00:00,2025-06-21 18:45:00+00:00,33.9,57.0,,12.0,0.0,0.0,51.0,976.0,,ozone,42.2,"Alipur, Delhi - DPCC",18
site_5024,Delhi,Delhi,"Alipur, Delhi - DPCC",2025-06-21 18:45:00+00:00,2025-06-21 18:45:00+00:00,33.9,57.0,,12.0,0.0,0.0,51.0,976.0,,no2,21.9,"Alipur, Delhi - DPCC",18
site_5024,Delhi,Delhi,"Alipur, Delhi - DPCC",2025-06-21 18:45:00+00:00,2025-06-21 18:45:00+00:00,33.9,57.0,,12.0,0.0,0.0,51.0,976.0,,no,3.2,"Alipur, Delhi - DPCC",18
site_5024,Delhi,Delhi,"Alipur, Delhi - DPCC",2025-06-21 18:45:00+00:00,2025-06-21 18:45:00+00:00,33.9,57.0,,12.0,0.0,0.0,51.0,976.0,,nh3,52.2,"Alipur, Delhi - DPCC",18
site_5024,Delhi,Delhi,"Alipur, Delhi - DPCC",2025-06-21 18:45:00+00:00,2025-06-21 18:45:00+00:00,33.9,57.0,,12.0,0.0,0.0,51.0,976.0,,co,0.85,"Alipur, Delhi - DPCC",18
site_5024,Delhi,Delhi,"Alipur, Delhi - DPCC",2025-06-21 18:45:00+00:00,2025-06-21 18:45:00+00:00,33.9,57.0,,12.0,0.0,0.0,51.0,976.0,,benzene,0.2,"Alipur, Delhi - DPCC",18
site_5024,Delhi,Delhi,"Alipur, Delhi - DPCC",2025-06-21 18:45:00+00:00,2025-06-21 18:45:00+00:00,33.9,57.0,,12.0,0.0,0.0,51.0,976.0,,toluene,0.2,"Alipur, Delhi - DPCC",18
site_1560,Delhi,Delhi,"Bawana, Delhi - DPCC",2025-06-21 18:45:00+00:00,2025-06-21 18:45:00+00:00,33.4,65.0,2.4,164.0,0.0,0.0,29.0,987.0,,so2,4.8,"Bawana, Delhi - DPCC",18
site_1560,Delhi,Delhi,"Bawana, Delhi - DPCC",2025-06-21 18:45:00+00:00,2025-06-21 18:45:00+00:00,33.4,65.0,2.4,164.0,0.0,0.0,29.0,987.0,,toluene,9.3,"Bawana, Delhi - DPCC",18
site_1560,Delhi,Delhi,"Bawana, Delhi - DPCC",2025-06-21 18:45:00+00:00,2025-06-21 18:45:00+00:00,33.4,65.0,2.4,164.0,0.0,0.0,29.0,987.0,,pm25,23.0,"Bawana, Delhi - DPCC",18
site_301,Delhi,Delhi,"Anand Vihar, Delhi - DPCC",2025-06-21 18:45:00+00:00,2025-06-21 18:45:00+00:00,32.8,61.0,0.3,167.0,,0.0,191.0,742.0,,pm25,29.0,"Anand Vihar, Delhi - DPCC",18
site_301,Delhi,Delhi,"Anand Vihar, Delhi - DPCC",2025-06-21 18:45:00+00:00,2025-06-21 18:45:00+00:00,32.8,61.0,0.3,167.0,,0.0,191.0,742.0,,benzene,1.9,"Anand Vihar, Delhi - DPCC",18
site_301,Delhi,Delhi,"Anand Vihar, Delhi - DPCC",2025-06-21 18:45:00+00:00,2025-06-21 18:45:00+00:00,32.8,61.0,0.3,167.0,,0.0,191.0,742.0,,co,1.56,"Anand Vihar, Delhi - DPCC",18
site_301,Delhi,Delhi,"Anand Vihar, Delhi - DPCC",2025-06-21 18:45:00+00:00,2025-06-21 18:45:00+00:00,32.8,61.0,0.3,167.0,,0.0,191.0,742.0,,nh3,44.0,"Anand Vihar, Delhi - DPCC",18
site_301,Delhi,Delhi,"Anand Vihar, Delhi - DPCC",2025-06-21 18:45:00+00:00,2025-06-21 18:45:00+00:00,32.8,61.0,0.3,167.0,,0.0,191.0,742.0,,no,11.9,"Anand Vihar, Delhi - DPCC",18
site_301,Delhi,Delhi,"Anand Vihar, Delhi - DPCC",2025-06-21 18:45:00+00:00,2025-06-21 18:45:00+00:00,32.8,61.0,0.3,167.0,,0.0,191.0,742.0,,no2,44.4,"Anand Vihar, Delhi - DPCC",18
site_301,Delhi,Delhi,"Anand Vihar, Delhi - DPCC",2025-06-21 18:45:00+00:00,2025-06-21 18:45:00+00:00,32.8,61.0,0.3,167.0,,0.0,191.0,742.0,,ozone,13.4,"Anand Vihar, Delhi - DPCC",18
site_1420,Delhi,Delhi,"Ashok Vihar, Delhi - DPCC",2025-06-21 18:45:00+00:00,2025-06-21 18:45:00+00:00,32.5,64.0,0.9,184.0,0.0,0.0,25.0,982.0,,toluene,1.7,"Ashok Vihar, Delhi - DPCC",18
site_301,Delhi,Delhi,"Anand Vihar, Delhi - DPCC",2025-06-21 18:45:00+00:00,2025-06-21 18:45:00+00:00,32.8,61.0,0.3,167.0,,0.0,191.0,742.0,,pm10,97.0,"Anand Vihar, Delhi - DPCC",18
site_1420,Delhi,Delhi,"Ashok Vihar, Delhi - DPCC",2025-06-21 18:45:00+00:00,2025-06-21 18:45:00+00:00,32.5,64.0,0.9,184.0,0.0,0.0,25.0,982.0,,so2,9.4,"Ashok Vihar, Delhi - DPCC",18
site_301,Delhi,Delhi,"Anand Vihar, Delhi - DPCC",2025-06-21 18:45:00+00:00,2025-06-21 18:45:00+00:00,32.8,61.0,0.3,167.0,,0.0,191.0,742.0,,so2,58.5,"Anand Vihar, Delhi - DPCC",18
site_301,Delhi,Delhi,"Anand Vihar, Delhi - DPCC",2025-06-21 18:45:00+00:00,2025-06-21 18:45:00+00:00,32.8,61.0,0.3,167.0,,0.0,191.0,742.0,,toluene,18.2,"Anand Vihar, Delhi - DPCC",18
site_1420,Delhi,Delhi,"Ashok Vihar, Delhi - DPCC",2025-06-21 18:45:00+00:00,2025-06-21 18:45:00+00:00,32.5,64.0,0.9,184.0,0.0,0.0,25.0,982.0,,pm25,25.0,"Ashok Vihar, Delhi - DPCC",18
site_104,Delhi,Delhi,"Burari Crossing, Delhi - IMD",2025-06-21 19:00:00+00:00,2025-06-21 19:00:00+00:00,,,,,,0.0,,,,co,0.83,"Burari Crossing, Delhi - IMD",19
site_1560,Delhi,Delhi,"Bawana, Delhi - DPCC",2025-06-21 19:00:00+00:00,2025-06-21 19:00:00+00:00,33.4,65.0,2.6,153.0,0.0,0.0,22.0,987.0,,co,0.9,"Bawana, Delhi - DPCC",19
site_104,Delhi,Delhi,"Burari Crossing, Delhi - IMD",2025-06-21 19:00:00+00:00,2025-06-21 19:00:00+00:00,,,,,,0.0,,,,no2,35.77,"Burari Crossing, Delhi - IMD",19
site_1420,Delhi,Delhi,"Ashok Vihar, Delhi - DPCC",2025-06-21 19:00:00+00:00,2025-06-21 19:00:00+00:00,32.5,64.0,1.4,179.0,0.0,0.0,20.0,981.0,,benzene,0.2,"Ashok Vihar, Delhi - DPCC",19
site_104,Delhi,Delhi,"Burari Crossing, Delhi - IMD",2025-06-21 19:00:00+00:00,2025-06-21 19:00:00+00:00,,,,,,0.0,,,,ozone,41.32,"Burari Crossing, Delhi - IMD",19
site_104,Delhi,Delhi,"Burari Crossing, Delhi - IMD",2025-06-21 19:00:00+00:00,2025-06-21 19:00:00+00:00,,,,,,0.0,,,,no,8.75,"Burari Crossing, Delhi - IMD",19
site_1420,Delhi,Delhi,"Ashok Vihar, Delhi - DPCC",2025-06-21 19:00:00+00:00,2025-06-21 19:00:00+00:00,32.5,64.0,1.4,179.0,0.0,0.0,20.0,981.0,,co,1.13,"Ashok Vihar, Delhi - DPCC",19
site_1560,Delhi,Delhi,"Bawana, Delhi - DPCC",2025-06-21 19:00:00+00:00,2025-06-21 19:00:00+00:00,33.4,65.0,2.6,153.0,0.0,0.0,22.0,987.0,,ozone,12.1,"Bawana, Delhi - DPCC",19
site_1560,Delhi,Delhi,"Bawana, Delhi - DPCC",2025-06-21 19:00:00+00:00,2025-06-21 19:00:00+00:00,33.4,65.0,2.6,153.0,0.0,0.0,22.0,987.0,,toluene,8.9,"Bawana, Delhi - DPCC",19
site_1560,Delhi,Delhi,"Bawana, Delhi - DPCC",2025-06-21 19:00:00+00:00,2025-06-21 19:00:00+00:00,33.4,65.0,2.6,153.0,0.0,0.0,22.0,987.0,,so2,5.1,"Bawana, Delhi - DPCC",19
site_1560,Delhi,Delhi,"Bawana, Delhi - DPCC",2025-06-21 19:00:00+00:00,2025-06-21 19:00:00+00:00,33.4,65.0,2.6,153.0,0.0,0.0,22.0,987.0,,pm25,30.0,"Bawana, Delhi - DPCC",19
site_1560,Delhi,Delhi,"Bawana, Delhi - DPCC",2025-06-21 19:00:00+00:00,2025-06-21 19:00:00+00:00,33.4,65.0,2.6,153.0,0.0,0.0,22.0,987.0,,pm10,106.0,"Bawana, Delhi - DPCC",19
site_1560,Delhi,Delhi,"Bawana, Delhi - DPCC",2025-06-21 19:00:00+00:00,2025-06-21 19:00:00+00:00,33.4,65.0,2.6,153.0,0.0,0.0,22.0,987.0,,benzene,0.8,"Bawana, Delhi - DPCC",19
site_1560,Delhi,Delhi,"Bawana, Delhi - DPCC",2025-06-21 19:00:00+00:00,2025-06-21 19:00:00+00:00,33.4,65.0,2.6,153.0,0.0,0.0,22.0,987.0,,no2,19.5,"Bawana, Delhi - DPCC",19
site_1560,Delhi,Delhi,"Bawana, Delhi - DPCC",2025-06-21 19:00:00+00:00,2025-06-21 19:00:00+00:00,33.4,65.0,2.6,153.0,0.0,0.0,22.0,987.0,,no,3.8,"Bawana, Delhi - DPCC",19
site_1560,Delhi,Delhi,"Bawana, Delhi - DPCC",2025-06-21 19:00:00+00:00,2025-06-21 19:00:00+00:00,33.4,65.0,2.6,153.0,0.0,0.0,22.0,987.0,,nh3,22.4,"Bawana, Delhi - DPCC",19
site_104,Delhi,Delhi,"Burari Crossing, Delhi - IMD",2025-06-21 19:00:00+00:00,2025-06-21 19:00:00+00:00,,,,,,0.0,,,,pm10,45.02,"Burari Crossing, Delhi - IMD",19
site_1420,Delhi,Delhi,"Ashok Vihar, Delhi - DPCC",2025-06-21 19:00:00+00:00,2025-06-21 19:00:00+00:00,32.5,64.0,1.4,179.0,0.0,0.0,20.0,981.0,,nh3,31.3,"Ashok Vihar, Delhi - DPCC",19
site_104,Delhi,Delhi,"Burari Crossing, Delhi - IMD",2025-06-21 19:00:00+00:00,2025-06-21 19:00:00+00:00,,,,,,0.0,,,,pm25,55.46,"Burari Crossing, Delhi - IMD",19
site_5024,Delhi,Delhi,"Alipur, Delhi - DPCC",2025-06-21 19:00:00+00:00,2025-06-21 19:00:00+00:00,33.6,57.0,,139.0,0.0,0.0,32.0,976.0,,no,2.9,"Alipur, Delhi - DPCC",19
site_301,Delhi,Delhi,"Anand Vihar, Delhi - DPCC",2025-06-21 19:00:00+00:00,2025-06-21 19:00:00+00:00,32.9,61.0,0.3,168.0,,0.0,122.0,742.0,,toluene,17.4,"Anand Vihar, Delhi - DPCC",19
site_301,Delhi,Delhi,"Anand Vihar, Delhi - DPCC",2025-06-21 19:00:00+00:00,2025-06-21 19:00:00+00:00,32.9,61.0,0.3,168.0,,0.0,122.0,742.0,,nh3,45.6,"Anand Vihar, Delhi - DPCC",19
site_301,Delhi,Delhi,"Anand Vihar, Delhi - DPCC",2025-06-21 19:00:00+00:00,2025-06-21 19:00:00+00:00,32.9,61.0,0.3,168.0,,0.0,122.0,742.0,,co,1.59,"Anand Vihar, Delhi - DPCC",19
site_301,Delhi,Delhi,"Anand Vihar, Delhi - DPCC",2025-06-21 19:00:00+00:00,2025-06-21 19:00:00+00:00,32.9,61.0,0.3,168.0,,0.0,122.0,742.0,,benzene,1.7,"Anand Vihar, Delhi - DPCC",19
site_301,Delhi,Delhi,"Anand Vihar, Delhi - DPCC",2025-06-21 19:00:00+00:00,2025-06-21 19:00:00+00:00,32.9,61.0,0.3,168.0,,0.0,122.0,742.0,,pm10,72.0,"Anand Vihar, Delhi - DPCC",19
site_301,Delhi,Delhi,"Anand Vihar, Delhi - DPCC",2025-06-21 19:00:00+00:00,2025-06-21 19:00:00+00:00,32.9,61.0,0.3,168.0,,0.0,122.0,742.0,,pm25,16.0,"Anand Vihar, Delhi - DPCC",19
site_301,Delhi,Delhi,"Anand Vihar, Delhi - DPCC",2025-06-21 19:00:00+00:00,2025-06-21 19:00:00+00:00,32.9,61.0,0.3,168.0,,0.0,122.0,742.0,,so2,60.7,"Anand Vihar, Delhi - DPCC",19
site_5024,Delhi,Delhi,"Alipur, Delhi - DPCC",2025-06-21 19:00:00+00:00,2025-06-21 19:00:00+00:00,33.6,57.0,,139.0,0.0,0.0,32.0,976.0,,nh3,52.8,"Alipur, Delhi - DPCC",19
site_108,Delhi,Delhi,"Aya Nagar, Delhi - IMD",2025-06-21 19:00:00+00:00,2025-06-21 19:00:00+00:00,,,,,,0.0,,,,pm25,11.6,"Aya Nagar, Delhi - IMD",19
site_108,Delhi,Delhi,"Aya Nagar, Delhi - IMD",2025-06-21 19:00:00+00:00,2025-06-21 19:00:00+00:00,,,,,,0.0,,,,pm10,45.01,"Aya Nagar, Delhi - IMD",19
site_108,Delhi,Delhi,"Aya Nagar, Delhi - IMD",2025-06-21 19:00:00+00:00,2025-06-21 19:00:00+00:00,,,,,,0.0,,,,ozone,37.32,"Aya Nagar, Delhi - IMD",19
site_108,Delhi,Delhi,"Aya Nagar, Delhi - IMD",2025-06-21 19:00:00+00:00,2025-06-21 19:00:00+00:00,,,,,,0.0,,,,no2,22.03,"Aya Nagar, Delhi - IMD",19
site_108,Delhi,Delhi,"Aya Nagar, Delhi - IMD",2025-06-21 19:00:00+00:00,2025-06-21 19:00:00+00:00,,,,,,0.0,,,,no,5.32,"Aya Nagar, Delhi - IMD",19
site_301,Delhi,Delhi,"Anand Vihar, Delhi - DPCC",2025-06-21 19:00:00+00:00,2025-06-21 19:00:00+00:00,32.9,61.0,0.3,168.0,,0.0,122.0,742.0,,no,8.9,"Anand Vihar, Delhi - DPCC",19
site_5024,Delhi,Delhi,"Alipur, Delhi - DPCC",2025-06-21 19:00:00+00:00,2025-06-21 19:00:00+00:00,33.6,57.0,,139.0,0.0,0.0,32.0,976.0,,benzene,0.2,"Alipur, Delhi - DPCC",19
site_5024,Delhi,Delhi,"Alipur, Delhi - DPCC",2025-06-21 19:00:00+00:00,2025-06-21 19:00:00+00:00,33.6,57.0,,139.0,0.0,0.0,32.0,976.0,,co,1.08,"Alipur, Delhi - DPCC",19
site_108,Delhi,Delhi,"Aya Nagar, Delhi - IMD",2025-06-21 19:00:00+00:00,2025-06-21 19:00:00+00:00,,,,,,0.0,,,,co,1.16,"Aya Nagar, Delhi - IMD",19
site_1420,Delhi,Delhi,"Ashok Vihar, Delhi - DPCC",2025-06-21 19:00:00+00:00,2025-06-21 19:00:00+00:00,32.5,64.0,1.4,179.0,0.0,0.0,20.0,981.0,,toluene,1.6,"Ashok Vihar, Delhi - DPCC",19
site_5024,Delhi,Delhi,"Alipur, Delhi - DPCC",2025-06-21 19:00:00+00:00,2025-06-21 19:00:00+00:00,33.6,57.0,,139.0,0.0,0.0,32.0,976.0,,no2,25.8,"Alipur, Delhi - DPCC",19
site_5024,Delhi,Delhi,"Alipur, Delhi - DPCC",2025-06-21 19:00:00+00:00,2025-06-21 19:00:00+00:00,33.6,57.0,,139.0,0.0,0.0,32.0,976.0,,ozone,39.0,"Alipur, Delhi - DPCC",19
site_5024,Delhi,Delhi,"Alipur, Delhi - DPCC",2025-06-21 19:00:00+00:00,2025-06-21 19:00:00+00:00,33.6,57.0,,139.0,0.0,0.0,32.0,976.0,,pm10,94.0,"Alipur, Delhi - DPCC",19
site_5024,Delhi,Delhi,"Alipur, Delhi - DPCC",2025-06-21 19:00:00+00:00,2025-06-21 19:00:00+00:00,33.6,57.0,,139.0,0.0,0.0,32.0,976.0,,pm25,36.0,"Alipur, Delhi - DPCC",19
site_5024,Delhi,Delhi,"Alipur, Delhi - DPCC",2025-06-21 19:00:00+00:00,2025-06-21 19:00:00+00:00,33.6,57.0,,139.0,0.0,0.0,32.0,976.0,,so2,8.6,"Alipur, Delhi - DPCC",19
site_5024,Delhi,Delhi,"Alipur, Delhi - DPCC",2025-06-21 19:00:00+00:00,2025-06-21 19:00:00+00:00,33.6,57.0,,139.0,0.0,0.0,32.0,976.0,,toluene,0.2,"Alipur, Delhi - DPCC",19
site_301,Delhi,Delhi,"Anand Vihar, Delhi - DPCC",2025-06-21 19:00:00+00:00,2025-06-21 19:00:00+00:00,32.9,61.0,0.3,168.0,,0.0,122.0,742.0,,no2,45.3,"Anand Vihar, Delhi - DPCC",19
site_1420,Delhi,Delhi,"Ashok Vihar, Delhi - DPCC",2025-06-21 19:00:00+00:00,2025-06-21 19:00:00+00:00,32.5,64.0,1.4,179.0,0.0,0.0,20.0,981.0,,no2,30.4,"Ashok Vihar, Delhi - DPCC",19
site_1420,Delhi,Delhi,"Ashok Vihar, Delhi - DPCC",2025-06-21 19:00:00+00:00,2025-06-21 19:00:00+00:00,32.5,64.0,1.4,179.0,0.0,0.0,20.0,981.0,,ozone,31.5,"Ashok Vihar, Delhi - DPCC",19
site_1420,Delhi,Delhi,"Ashok Vihar, Delhi - DPCC",2025-06-21 19:00:00+00:00,2025-06-21 19:00:00+00:00,32.5,64.0,1.4,179.0,0.0,0.0,20.0,981.0,,pm10,70.0,"Ashok Vihar, Delhi - DPCC",19
site_1420,Delhi,Delhi,"Ashok Vihar, Delhi - DPCC",2025-06-21 19:00:00+00:00,2025-06-21 19:00:00+00:00,32.5,64.0,1.4,179.0,0.0,0.0,20.0,981.0,,pm25,23.0,"Ashok Vihar, Delhi - DPCC",19
site_301,Delhi,Delhi,"Anand Vihar, Delhi - DPCC",2025-06-21 19:00:00+00:00,2025-06-21 19:00:00+00:00,32.9,61.0,0.3,168.0,,0.0,122.0,742.0,,ozone,11.7,"Anand Vihar, Delhi - DPCC",19
site_1420,Delhi,Delhi,"Ashok Vihar, Delhi - DPCC",2025-06-21 19:00:00+00:00,2025-06-21 19:00:00+00:00,32.5,64.0,1.4,179.0,0.0,0.0,20.0,981.0,,so2,9.2,"Ashok Vihar, Delhi - DPCC",19
site_1420,Delhi,Delhi,"Ashok Vihar, Delhi - DPCC",2025-06-21 19:00:00+00:00,2025-06-21 19:00:00+00:00,32.5,64.0,1.4,179.0,0.0,0.0,20.0,981.0,,no,3.8,"Ashok Vihar, Delhi - DPCC",19
site_1560,Delhi,Delhi,"Bawana, Delhi - DPCC",2025-06-21 19:15:00+00:00,2025-06-21 19:15:00+00:00,33.5,64.0,2.7,166.0,0.0,0.0,15.0,987.0,,pm10,106.0,"Bawana, Delhi - DPCC",19
site_1560,Delhi,Delhi,"Bawana, Delhi - DPCC",2025-06-21 19:15:00+00:00,2025-06-21 19:15:00+00:00,33.5,64.0,2.7,166.0,0.0,0.0,15.0,987.0,,ozone,9.2,"Bawana, Delhi - DPCC",19
site_1560,Delhi,Delhi,"Bawana, Delhi - DPCC",2025-06-21 19:15:00+00:00,2025-06-21 19:15:00+00:00,33.5,64.0,2.7,166.0,0.0,0.0,15.0,987.0,,no2,19.7,"Bawana, Delhi - DPCC",19
site_1560,Delhi,Delhi,"Bawana, Delhi - DPCC",2025-06-21 19:15:00+00:00,2025-06-21 19:15:00+00:00,33.5,64.0,2.7,166.0,0.0,0.0,15.0,987.0,,pm25,30.0,"Bawana, Delhi - DPCC",19
site_1560,Delhi,Delhi,"Bawana, Delhi - DPCC",2025-06-21 19:15:00+00:00,2025-06-21 19:15:00+00:00,33.5,64.0,2.7,166.0,0.0,0.0,15.0,987.0,,nh3,22.4,"Bawana, Delhi - DPCC",19
site_1560,Delhi,Delhi,"Bawana, Delhi - DPCC",2025-06-21 19:15:00+00:00,2025-06-21 19:15:00+00:00,33.5,64.0,2.7,166.0,0.0,0.0,15.0,987.0,,co,0.88,"Bawana, Delhi - DPCC",19
site_1560,Delhi,Delhi,"Bawana, Delhi - DPCC",2025-06-21 19:15:00+00:00,2025-06-21 19:15:00+00:00,33.5,64.0,2.7,166.0,0.0,0.0,15.0,987.0,,so2,4.9,"Bawana, Delhi - DPCC",19
site_1560,Delhi,Delhi,"Bawana, Delhi - DPCC",2025-06-21 19:15:00+00:00,2025-06-21 19:15:00+00:00,33.5,64.0,2.7,166.0,0.0,0.0,15.0,987.0,,no,4.0,"Bawana, Delhi - DPCC",19
site_108,Delhi,Delhi,"Aya Nagar, Delhi - IMD",2025-06-21 19:15:00+00:00,2025-06-21 19:15:00+00:00,,,,,,0.0,,,,pm10,46.25,"Aya Nagar, Delhi - IMD",19
site_108,Delhi,Delhi,"Aya Nagar, Delhi - IMD",2025-06-21 19:15:00+00:00,2025-06-21 19:15:00+00:00,,,,,,0.0,,,,pm25,3.46,"Aya Nagar, Delhi - IMD",19
site_5024,Delhi,Delhi,"Alipur, Delhi - DPCC",2025-06-21 19:15:00+00:00,2025-06-21 19:15:00+00:00,33.5,58.0,,209.0,0.0,0.0,19.0,976.0,,benzene,0.2,"Alipur, Delhi - DPCC",19
site_5024,Delhi,Delhi,"Alipur, Delhi - DPCC",2025-06-21 19:15:00+00:00,2025-06-21 19:15:00+00:00,33.5,58.0,,209.0,0.0,0.0,19.0,976.0,,co,1.12,"Alipur, Delhi - DPCC",19
site_5024,Delhi,Delhi,"Alipur, Delhi - DPCC",2025-06-21 19:15:00+00:00,2025-06-21 19:15:00+00:00,33.5,58.0,,209.0,0.0,0.0,19.0,976.0,,nh3,53.2,"Alipur, Delhi - DPCC",19
site_5024,Delhi,Delhi,"Alipur, Delhi - DPCC",2025-06-21 19:15:00+00:00,2025-06-21 19:15:00+00:00,33.5,58.0,,209.0,0.0,0.0,19.0,976.0,,no,2.7,"Alipur, Delhi - DPCC",19
site_5024,Delhi,Delhi,"Alipur, Delhi - DPCC",2025-06-21 19:15:00+00:00,2025-06-21 19:15:00+00:00,33.5,58.0,,209.0,0.0,0.0,19.0,976.0,,no2,29.5,"Alipur, Delhi - DPCC",19
site_5024,Delhi,Delhi,"Alipur, Delhi - DPCC",2025-06-21 19:15:00+00:00,2025-06-21 19:15:00+00:00,33.5,58.0,,209.0,0.0,0.0,19.0,976.0,,ozone,35.8,"Alipur, Delhi - DPCC",19
site_5024,Delhi,Delhi,"Alipur, Delhi - DPCC",2025-06-21 19:15:00+00:00,2025-06-21 19:15:00+00:00,33.5,58.0,,209.0,0.0,0.0,19.0,976.0,,pm10,94.0,"Alipur, Delhi - DPCC",19
site_5024,Delhi,Delhi,"Alipur, Delhi - DPCC",2025-06-21 19:15:00+00:00,2025-06-21 19:15:00+00:00,33.5,58.0,,209.0,0.0,0.0,19.0,976.0,,pm25,36.0,"Alipur, Delhi - DPCC",19
site_5024,Delhi,Delhi,"Alipur, Delhi - DPCC",2025-06-21 19:15:00+00:00,2025-06-21 19:15:00+00:00,33.5,58.0,,209.0,0.0,0.0,19.0,976.0,,so2,8.9,"Alipur, Delhi - DPCC",19
site_5024,Delhi,Delhi,"Alipur, Delhi - DPCC",2025-06-21 19:15:00+00:00,2025-06-21 19:15:00+00:00,33.5,58.0,,209.0,0.0,0.0,19.0,976.0,,toluene,0.2,"Alipur, Delhi - DPCC",19
site_108,Delhi,Delhi,"Aya Nagar, Delhi - IMD",2025-06-21 19:15:00+00:00,2025-06-21 19:15:00+00:00,,,,,,0.0,,,,co,1.26,"Aya Nagar, Delhi - IMD",19
site_108,Delhi,Delhi,"Aya Nagar, Delhi - IMD",2025-06-21 19:15:00+00:00,2025-06-21 19:15:00+00:00,,,,,,0.0,,,,no,6.3,"Aya Nagar, Delhi - IMD",19
site_108,Delhi,Delhi,"Aya Nagar, Delhi - IMD",2025-06-21 19:15:00+00:00,2025-06-21 19:15:00+00:00,,,,,,0.0,,,,no2,28.86,"Aya Nagar, Delhi - IMD",19
site_108,Delhi,Delhi,"Aya Nagar, Delhi - IMD",2025-06-21 19:15:00+00:00,2025-06-21 19:15:00+00:00,,,,,,0.0,,,,ozone,46.35,"Aya Nagar, Delhi - IMD",19
site_1560,Delhi,Delhi,"Bawana, Delhi - DPCC",2025-06-21 19:15:00+00:00,2025-06-21 19:15:00+00:00,33.5,64.0,2.7,166.0,0.0,0.0,15.0,987.0,,toluene,11.7,"Bawana, Delhi - DPCC",19
site_1560,Delhi,Delhi,"Bawana, Delhi - DPCC",2025-06-21 19:15:00+00:00,2025-06-21 19:15:00+00:00,33.5,64.0,2.7,166.0,0.0,0.0,15.0,987.0,,benzene,1.2,"Bawana, Delhi - DPCC",19
site_104,Delhi,Delhi,"Burari Crossing, Delhi - IMD",2025-06-21 19:15:00+00:00,2025-06-21 19:15:00+00:00,,,,,,0.0,,,,pm25,59.31,"Burari Crossing, Delhi - IMD",19
site_104,Delhi,Delhi,"Burari Crossing, Delhi - IMD",2025-06-21 19:15:00+00:00,2025-06-21 19:15:00+00:00,,,,,,0.0,,,,pm10,48.48,"Burari Crossing, Delhi - IMD",19
site_301,Delhi,Delhi,"Anand Vihar, Delhi - DPCC",2025-06-21 19:15:00+00:00,2025-06-21 19:15:00+00:00,32.9,61.0,0.3,155.0,,0.0,55.0,742.0,,pm25,16.0,"Anand Vihar, Delhi - DPCC",19
site_301,Delhi,Delhi,"Anand Vihar, Delhi - DPCC",2025-06-21 19:15:00+00:00,2025-06-21 19:15:00+00:00,32.9,61.0,0.3,155.0,,0.0,55.0,742.0,,ozone,11.8,"Anand Vihar, Delhi - DPCC",19
site_301,Delhi,Delhi,"Anand Vihar, Delhi - DPCC",2025-06-21 19:15:00+00:00,2025-06-21 19:15:00+00:00,32.9,61.0,0.3,155.0,,0.0,55.0,742.0,,pm10,72.0,"Anand Vihar, Delhi - DPCC",19
site_301,Delhi,Delhi,"Anand Vihar, Delhi - DPCC",2025-06-21 19:15:00+00:00,2025-06-21 19:15:00+00:00,32.9,61.0,0.3,155.0,,0.0,55.0,742.0,,nh3,27.6,"Anand Vihar, Delhi - DPCC",19
site_301,Delhi,Delhi,"Anand Vihar, Delhi - DPCC",2025-06-21 19:15:00+00:00,2025-06-21 19:15:00+00:00,32.9,61.0,0.3,155.0,,0.0,55.0,742.0,,so2,60.3,"Anand Vihar, Delhi - DPCC",19
site_301,Delhi,Delhi,"Anand Vihar, Delhi - DPCC",2025-06-21 19:15:00+00:00,2025-06-21 19:15:00+00:00,32.9,61.0,0.3,155.0,,0.0,55.0,742.0,,toluene,16.6,"Anand Vihar, Delhi - DPCC",19
site_301,Delhi,Delhi,"Anand Vihar, Delhi - DPCC",2025-06-21 19:15:00+00:00,2025-06-21 19:15:00+00:00,32.9,61.0,0.3,155.0,,0.0,55.0,742.0,,co,1.71,"Anand Vihar, Delhi - DPCC",19
site_301,Delhi,Delhi,"Anand Vihar, Delhi - DPCC",2025-06-21 19:15:00+00:00,2025-06-21 19:15:00+00:00,32.9,61.0,0.3,155.0,,0.0,55.0,742.0,,benzene,1.5,"Anand Vihar, Delhi - DPCC",19
site_1420,Delhi,Delhi,"Ashok Vihar, Delhi - DPCC",2025-06-21 19:15:00+00:00,2025-06-21 19:15:00+00:00,32.4,64.0,1.5,146.0,0.0,0.0,16.0,982.0,,benzene,0.1,"Ashok Vihar, Delhi - DPCC",19
site_1420,Delhi,Delhi,"Ashok Vihar, Delhi - DPCC",2025-06-21 19:15:00+00:00,2025-06-21 19:15:00+00:00,32.4,64.0,1.5,146.0,0.0,0.0,16.0,982.0,,co,1.17,"Ashok Vihar, Delhi - DPCC",19
site_1420,Delhi,Delhi,"Ashok Vihar, Delhi - DPCC",2025-06-21 19:15:00+00:00,2025-06-21 19:15:00+00:00,32.4,64.0,1.5,146.0,0.0,0.0,16.0,982.0,,nh3,30.0,"Ashok Vihar, Delhi - DPCC",19
site_1420,Delhi,Delhi,"Ashok Vihar, Delhi - DPCC",2025-06-21 19:15:00+00:00,2025-06-21 19:15:00+00:00,32.4,64.0,1.5,146.0,0.0,0.0,16.0,982.0,,no,6.2,"Ashok Vihar, Delhi - DPCC",19
site_301,Delhi,Delhi,"Anand Vihar, Delhi - DPCC",2025-06-21 19:15:00+00:00,2025-06-21 19:15:00+00:00,32.9,61.0,0.3,155.0,,0.0,55.0,742.0,,no2,51.5,"Anand Vihar, Delhi - DPCC",19
site_1420,Delhi,Delhi,"Ashok Vihar, Delhi - DPCC",2025-06-21 19:15:00+00:00,2025-06-21 19:15:00+00:00,32.4,64.0,1.5,146.0,0.0,0.0,16.0,982.0,,no2,31.2,"Ashok Vihar, Delhi - DPCC",19
site_1420,Delhi,Delhi,"Ashok Vihar, Delhi - DPCC",2025-06-21 19:15:00+00:00,2025-06-21 19:15:00+00:00,32.4,64.0,1.5,146.0,0.0,0.0,16.0,982.0,,pm10,70.0,"Ashok Vihar, Delhi - DPCC",19
site_1420,Delhi,Delhi,"Ashok Vihar, Delhi - DPCC",2025-06-21 19:15:00+00:00,2025-06-21 19:15:00+00:00,32.4,64.0,1.5,146.0,0.0,0.0,16.0,982.0,,pm25,23.0,"Ashok Vihar, Delhi - DPCC",19
site_1420,Delhi,Delhi,"Ashok Vihar, Delhi - DPCC",2025-06-21 19:15:00+00:00,2025-06-21 19:15:00+00:00,32.4,64.0,1.5,146.0,0.0,0.0,16.0,982.0,,so2,6.9,"Ashok Vihar, Delhi - DPCC",19
site_1420,Delhi,Delhi,"Ashok Vihar, Delhi - DPCC",2025-06-21 19:15:00+00:00,2025-06-21 19:15:00+00:00,32.4,64.0,1.5,146.0,0.0,0.0,16.0,982.0,,toluene,1.3,"Ashok Vihar, Delhi - DPCC",19
site_104,Delhi,Delhi,"Burari Crossing, Delhi - IMD",2025-06-21 19:15:00+00:00,2025-06-21 19:15:00+00:00,,,,,,0.0,,,,co,0.87,"Burari Crossing, Delhi - IMD",19
site_104,Delhi,Delhi,"Burari Crossing, Delhi - IMD",2025-06-21 19:15:00+00:00,2025-06-21 19:15:00+00:00,,,,,,0.0,,,,no,8.57,"Burari Crossing, Delhi - IMD",19
site_104,Delhi,Delhi,"Burari Crossing, Delhi - IMD",2025-06-21 19:15:00+00:00,2025-06-21 19:15:00+00:00,,,,,,0.0,,,,no2,37.91,"Burari Crossing, Delhi - IMD",19
site_104,Delhi,Delhi,"Burari Crossing, Delhi - IMD",2025-06-21 19:15:00+00:00,2025-06-21 19:15:00+00:00,,,,,,0.0,,,,ozone,37.52,"Burari Crossing, Delhi - IMD",19
site_1420,Delhi,Delhi,"Ashok Vihar, Delhi - DPCC",2025-06-21 19:15:00+00:00,2025-06-21 19:15:00+00:00,32.4,64.0,1.5,146.0,0.0,0.0,16.0,982.0,,ozone,11.9,"Ashok Vihar, Delhi - DPCC",19
site_301,Delhi,Delhi,"Anand Vihar, Delhi - DPCC",2025-06-21 19:15:00+00:00,2025-06-21 19:15:00+00:00,32.9,61.0,0.3,155.0,,0.0,55.0,742.0,,no,23.0,"Anand Vihar, Delhi - DPCC",19
site_108,Delhi,Delhi,"Aya Nagar, Delhi - IMD",2025-06-21 19:30:00+00:00,2025-06-21 19:30:00+00:00,,,,,,0.0,,,,no,5.05,"Aya Nagar, Delhi - IMD",19
site_108,Delhi,Delhi,"Aya Nagar, Delhi - IMD",2025-06-21 19:30:00+00:00,2025-06-21 19:30:00+00:00,,,,,,0.0,,,,no2,25.79,"Aya Nagar, Delhi - IMD",19
site_108,Delhi,Delhi,"Aya Nagar, Delhi - IMD",2025-06-21 19:30:00+00:00,2025-06-21 19:30:00+00:00,,,,,,0.0,,,,co,1.24,"Aya Nagar, Delhi - IMD",19
site_108,Delhi,Delhi,"Aya Nagar, Delhi - IMD",2025-06-21 19:30:00+00:00,2025-06-21 19:30:00+00:00,,,,,,0.0,,,,ozone,86.39,"Aya Nagar, Delhi - IMD",19
site_5024,Delhi,Delhi,"Alipur, Delhi - DPCC",2025-06-21 19:30:00+00:00,2025-06-21 19:30:00+00:00,33.3,59.0,,320.0,0.0,0.0,9.0,976.0,,ozone,30.2,"Alipur, Delhi - DPCC",19
site_301,Delhi,Delhi,"Anand Vihar, Delhi - DPCC",2025-06-21 19:30:00+00:00,2025-06-21 19:30:00+00:00,32.8,61.0,0.3,134.0,,0.0,25.0,742.0,,benzene,1.5,"Anand Vihar, Delhi - DPCC",19
site_104,Delhi,Delhi,"Burari Crossing, Delhi - IMD",2025-06-21 19:30:00+00:00,2025-06-21 19:30:00+00:00,,,,,,0.0,,,,co,0.93,"Burari Crossing, Delhi - IMD",19
site_104,Delhi,Delhi,"Burari Crossing, Delhi - IMD",2025-06-21 19:30:00+00:00,2025-06-21 19:30:00+00:00,,,,,,0.0,,,,no,8.98,"Burari Crossing, Delhi - IMD",19
site_104,Delhi,Delhi,"Burari Crossing, Delhi - IMD",2025-06-21 19:30:00+00:00,2025-06-21 19:30:00+00:00,,,,,,0.0,,,,no2,40.97,"Burari Crossing, Delhi - IMD",19
site_104,Delhi,Delhi,"Burari Crossing, Delhi - IMD",2025-06-21 19:30:00+00:00,2025-06-21 19:30:00+00:00,,,,,,0.0,,,,ozone,32.99,"Burari Crossing, Delhi - IMD",19
site_104,Delhi,Delhi,"Burari Crossing, Delhi - IMD",2025-06-21 19:30:00+00:00,2025-06-21 19:30:00+00:00,,,,,,0.0,,,,pm10,50.94,"Burari Crossing, Delhi - IMD",19
site_104,Delhi,Delhi,"Burari Crossing, Delhi - IMD",2025-06-21 19:30:00+00:00,2025-06-21 19:30:00+00:00,,,,,,0.0,,,,pm25,58.03,"Burari Crossing, Delhi - IMD",19
site_301,Delhi,Delhi,"Anand Vihar, Delhi - DPCC",2025-06-21 19:30:00+00:00,2025-06-21 19:30:00+00:00,32.8,61.0,0.3,134.0,,0.0,25.0,742.0,,toluene,16.7,"Anand Vihar, Delhi - DPCC",19
site_301,Delhi,Delhi,"Anand Vihar, Delhi - DPCC",2025-06-21 19:30:00+00:00,2025-06-21 19:30:00+00:00,32.8,61.0,0.3,134.0,,0.0,25.0,742.0,,so2,59.9,"Anand Vihar, Delhi - DPCC",19
site_301,Delhi,Delhi,"Anand Vihar, Delhi - DPCC",2025-06-21 19:30:00+00:00,2025-06-21 19:30:00+00:00,32.8,61.0,0.3,134.0,,0.0,25.0,742.0,,pm25,16.0,"Anand Vihar, Delhi - DPCC",19
site_301,Delhi,Delhi,"Anand Vihar, Delhi - DPCC",2025-06-21 19:30:00+00:00,2025-06-21 19:30:00+00:00,32.8,61.0,0.3,134.0,,0.0,25.0,742.0,,pm10,72.0,"Anand Vihar, Delhi - DPCC",19
site_301,Delhi,Delhi,"Anand Vihar, Delhi - DPCC",2025-06-21 19:30:00+00:00,2025-06-21 19:30:00+00:00,32.8,61.0,0.3,134.0,,0.0,25.0,742.0,,ozone,14.3,"Anand Vihar, Delhi - DPCC",19
site_301,Delhi,Delhi,"Anand Vihar, Delhi - DPCC",2025-06-21 19:30:00+00:00,2025-06-21 19:30:00+00:00,32.8,61.0,0.3,134.0,,0.0,25.0,742.0,,no2,45.2,"Anand Vihar, Delhi - DPCC",19
site_301,Delhi,Delhi,"Anand Vihar, Delhi - DPCC",2025-06-21 19:30:00+00:00,2025-06-21 19:30:00+00:00,32.8,61.0,0.3,134.0,,0.0,25.0,742.0,,no,19.9,"Anand Vihar, Delhi - DPCC",19
site_301,Delhi,Delhi,"Anand Vihar, Delhi - DPCC",2025-06-21 19:30:00+00:00,2025-06-21 19:30:00+00:00,32.8,61.0,0.3,134.0,,0.0,25.0,742.0,,nh3,25.9,"Anand Vihar, Delhi - DPCC",19
site_301,Delhi,Delhi,"Anand Vihar, Delhi - DPCC",2025-06-21 19:30:00+00:00,2025-06-21 19:30:00+00:00,32.8,61.0,0.3,134.0,,0.0,25.0,742.0,,co,1.66,"Anand Vihar, Delhi - DPCC",19
site_108,Delhi,Delhi,"Aya Nagar, Delhi - IMD",2025-06-21 19:30:00+00:00,2025-06-21 19:30:00+00:00,,,,,,0.0,,,,pm10,56.69,"Aya Nagar, Delhi - IMD",19
site_108,Delhi,Delhi,"Aya Nagar, Delhi - IMD",2025-06-21 19:30:00+00:00,2025-06-21 19:30:00+00:00,,,,,,0.0,,,,pm25,9.65,"Aya Nagar, Delhi - IMD",19
site_5024,Delhi,Delhi,"Alipur, Delhi - DPCC",2025-06-21 19:30:00+00:00,2025-06-21 19:30:00+00:00,33.3,59.0,,320.0,0.0,0.0,9.0,976.0,,benzene,0.2,"Alipur, Delhi - DPCC",19
site_1420,Delhi,Delhi,"Ashok Vihar, Delhi - DPCC",2025-06-21 19:30:00+00:00,2025-06-21 19:30:00+00:00,32.2,66.0,1.5,122.0,0.0,0.0,12.0,982.0,,co,1.18,"Ashok Vihar, Delhi - DPCC",19
site_5024,Delhi,Delhi,"Alipur, Delhi - DPCC",2025-06-21 19:30:00+00:00,2025-06-21 19:30:00+00:00,33.3,59.0,,320.0,0.0,0.0,9.0,976.0,,no2,32.7,"Alipur, Delhi - DPCC",19
site_5024,Delhi,Delhi,"Alipur, Delhi - DPCC",2025-06-21 19:30:00+00:00,2025-06-21 19:30:00+00:00,33.3,59.0,,320.0,0.0,0.0,9.0,976.0,,no,3.4,"Alipur, Delhi - DPCC",19
site_1560,Delhi,Delhi,"Bawana, Delhi - DPCC",2025-06-21 19:30:00+00:00,2025-06-21 19:30:00+00:00,33.4,65.0,2.0,156.0,0.0,0.0,8.0,987.0,,toluene,14.1,"Bawana, Delhi - DPCC",19
site_1560,Delhi,Delhi,"Bawana, Delhi - DPCC",2025-06-21 19:30:00+00:00,2025-06-21 19:30:00+00:00,33.4,65.0,2.0,156.0,0.0,0.0,8.0,987.0,,so2,4.9,"Bawana, Delhi - DPCC",19
site_1560,Delhi,Delhi,"Bawana, Delhi - DPCC",2025-06-21 19:30:00+00:00,2025-06-21 19:30:00+00:00,33.4,65.0,2.0,156.0,0.0,0.0,8.0,987.0,,pm25,30.0,"Bawana, Delhi - DPCC",19
site_1420,Delhi,Delhi,"Ashok Vihar, Delhi - DPCC",2025-06-21 19:30:00+00:00,2025-06-21 19:30:00+00:00,32.2,66.0,1.5,122.0,0.0,0.0,12.0,982.0,,no,4.7,"Ashok Vihar, Delhi - DPCC",19
site_1420,Delhi,Delhi,"Ashok Vihar, Delhi - DPCC",2025-06-21 19:30:00+00:00,2025-06-21 19:30:00+00:00,32.2,66.0,1.5,122.0,0.0,0.0,12.0,982.0,,no2,32.9,"Ashok Vihar, Delhi - DPCC",19
site_1420,Delhi,Delhi,"Ashok Vihar, Delhi - DPCC",2025-06-21 19:30:00+00:00,2025-06-21 19:30:00+00:00,32.2,66.0,1.5,122.0,0.0,0.0,12.0,982.0,,ozone,53.0,"Ashok Vihar, Delhi - DPCC",19
site_1420,Delhi,Delhi,"Ashok Vihar, Delhi - DPCC",2025-06-21 19:30:00+00:00,2025-06-21 19:30:00+00:00,32.2,66.0,1.5,122.0,0.0,0.0,12.0,982.0,,pm10,70.0,"Ashok Vihar, Delhi - DPCC",19
site_1420,Delhi,Delhi,"Ashok Vihar, Delhi - DPCC",2025-06-21 19:30:00+00:00,2025-06-21 19:30:00+00:00,32.2,66.0,1.5,122.0,0.0,0.0,12.0,982.0,,pm25,23.0,"Ashok Vihar, Delhi - DPCC",19
site_1420,Delhi,Delhi,"Ashok Vihar, Delhi - DPCC",2025-06-21 19:30:00+00:00,2025-06-21 19:30:00+00:00,32.2,66.0,1.5,122.0,0.0,0.0,12.0,982.0,,so2,7.0,"Ashok Vihar, Delhi - DPCC",19
site_5024,Delhi,Delhi,"Alipur, Delhi - DPCC",2025-06-21 19:30:00+00:00,2025-06-21 19:30:00+00:00,33.3,59.0,,320.0,0.0,0.0,9.0,976.0,,pm25,36.0,"Alipur, Delhi - DPCC",19
site_1420,Delhi,Delhi,"Ashok Vihar, Delhi - DPCC",2025-06-21 19:30:00+00:00,2025-06-21 19:30:00+00:00,32.2,66.0,1.5,122.0,0.0,0.0,12.0,982.0,,nh3,27.2,"Ashok Vihar, Delhi - DPCC",19
site_1420,Delhi,Delhi,"Ashok Vihar, Delhi - DPCC",2025-06-21 19:30:00+00:00,2025-06-21 19:30:00+00:00,32.2,66.0,1.5,122.0,0.0,0.0,12.0,982.0,,toluene,1.2,"Ashok Vihar, Delhi - DPCC",19
site_1560,Delhi,Delhi,"Bawana, Delhi - DPCC",2025-06-21 19:30:00+00:00,2025-06-21 19:30:00+00:00,33.4,65.0,2.0,156.0,0.0,0.0,8.0,987.0,,no,4.4,"Bawana, Delhi - DPCC",19
site_1420,Delhi,Delhi,"Ashok Vihar, Delhi - DPCC",2025-06-21 19:30:00+00:00,2025-06-21 19:30:00+00:00,32.2,66.0,1.5,122.0,0.0,0.0,12.0,982.0,,benzene,0.1,"Ashok Vihar, Delhi - DPCC",19
site_5024,Delhi,Delhi,"Alipur, Delhi - DPCC",2025-06-21 19:30:00+00:00,2025-06-21 19:30:00+00:00,33.3,59.0,,320.0,0.0,0.0,9.0,976.0,,pm10,94.0,"Alipur, Delhi - DPCC",19
site_1560,Delhi,Delhi,"Bawana, Delhi - DPCC",2025-06-21 19:30:00+00:00,2025-06-21 19:30:00+00:00,33.4,65.0,2.0,156.0,0.0,0.0,8.0,987.0,,pm10,106.0,"Bawana, Delhi - DPCC",19
site_5024,Delhi,Delhi,"Alipur, Delhi - DPCC",2025-06-21 19:30:00+00:00,2025-06-21 19:30:00+00:00,33.3,59.0,,320.0,0.0,0.0,9.0,976.0,,co,1.16,"Alipur, Delhi - DPCC",19
site_5024,Delhi,Delhi,"Alipur, Delhi - DPCC",2025-06-21 19:30:00+00:00,2025-06-21 19:30:00+00:00,33.3,59.0,,320.0,0.0,0.0,9.0,976.0,,nh3,53.5,"Alipur, Delhi - DPCC",19
site_5024,Delhi,Delhi,"Alipur, Delhi - DPCC",2025-06-21 19:30:00+00:00,2025-06-21 19:30:00+00:00,33.3,59.0,,320.0,0.0,0.0,9.0,976.0,,toluene,0.2,"Alipur, Delhi - DPCC",19
site_5024,Delhi,Delhi,"Alipur, Delhi - DPCC",2025-06-21 19:30:00+00:00,2025-06-21 19:30:00+00:00,33.3,59.0,,320.0,0.0,0.0,9.0,976.0,,so2,8.4,"Alipur, Delhi - DPCC",19
site_1560,Delhi,Delhi,"Bawana, Delhi - DPCC",2025-06-21 19:30:00+00:00,2025-06-21 19:30:00+00:00,33.4,65.0,2.0,156.0,0.0,0.0,8.0,987.0,,benzene,1.6,"Bawana, Delhi - DPCC",19
site_1560,Delhi,Delhi,"Bawana, Delhi - DPCC",2025-06-21 19:30:00+00:00,2025-06-21 19:30:00+00:00,33.4,65.0,2.0,156.0,0.0,0.0,8.0,987.0,,ozone,9.2,"Bawana, Delhi - DPCC",19
site_1560,Delhi,Delhi,"Bawana, Delhi - DPCC",2025-06-21 19:30:00+00:00,2025-06-21 19:30:00+00:00,33.4,65.0,2.0,156.0,0.0,0.0,8.0,987.0,,no2,20.9,"Bawana, Delhi - DPCC",19
site_1560,Delhi,Delhi,"Bawana, Delhi - DPCC",2025-06-21 19:30:00+00:00,2025-06-21 19:30:00+00:00,33.4,65.0,2.0,156.0,0.0,0.0,8.0,987.0,,co,0.94,"Bawana, Delhi - DPCC",19
site_1560,Delhi,Delhi,"Bawana, Delhi - DPCC",2025-06-21 19:30:00+00:00,2025-06-21 19:30:00+00:00,33.4,65.0,2.0,156.0,0.0,0.0,8.0,987.0,,nh3,22.8,"Bawana, Delhi - DPCC",19
site_1420,Delhi,Delhi,"Ashok Vihar, Delhi - DPCC",2025-06-21 19:45:00+00:00,2025-06-21 19:45:00+00:00,32.1,67.0,1.6,159.0,0.0,0.0,11.0,982.0,,so2,5.5,"Ashok Vihar, Delhi - DPCC",19
site_1420,Delhi,Delhi,"Ashok Vihar, Delhi - DPCC",2025-06-21 19:45:00+00:00,2025-06-21 19:45:00+00:00,32.1,67.0,1.6,159.0,0.0,0.0,11.0,982.0,,benzene,0.2,"Ashok Vihar, Delhi - DPCC",19
site_1420,Delhi,Delhi,"Ashok Vihar, Delhi - DPCC",2025-06-21 19:45:00+00:00,2025-06-21 19:45:00+00:00,32.1,67.0,1.6,159.0,0.0,0.0,11.0,982.0,,co,1.23,"Ashok Vihar, Delhi - DPCC",19
site_1420,Delhi,Delhi,"Ashok Vihar, Delhi - DPCC",2025-06-21 19:45:00+00:00,2025-06-21 19:45:00+00:00,32.1,67.0,1.6,159.0,0.0,0.0,11.0,982.0,,nh3,26.4,"Ashok Vihar, Delhi - DPCC",19
site_1420,Delhi,Delhi,"Ashok Vihar, Delhi - DPCC",2025-06-21 19:45:00+00:00,2025-06-21 19:45:00+00:00,32.1,67.0,1.6,159.0,0.0,0.0,11.0,982.0,,no,4.7,"Ashok Vihar, Delhi - DPCC",19
site_1420,Delhi,Delhi,"Ashok Vihar, Delhi - DPCC",2025-06-21 19:45:00+00:00,2025-06-21 19:45:00+00:00,32.1,67.0,1.6,159.0,0.0,0.0,11.0,982.0,,no2,33.2,"Ashok Vihar, Delhi - DPCC",19
site_1420,Delhi,Delhi,"Ashok Vihar, Delhi - DPCC",2025-06-21 19:45:00+00:00,2025-06-21 19:45:00+00:00,32.1,67.0,1.6,159.0,0.0,0.0,11.0,982.0,,pm10,70.0,"Ashok Vihar, Delhi - DPCC",19
site_1420,Delhi,Delhi,"Ashok Vihar, Delhi - DPCC",2025-06-21 19:45:00+00:00,2025-06-21 19:45:00+00:00,32.1,67.0,1.6,159.0,0.0,0.0,11.0,982.0,,pm25,23.0,"Ashok Vihar, Delhi - DPCC",19
site_1420,Delhi,Delhi,"Ashok Vihar, Delhi - DPCC",2025-06-21 19:45:00+00:00,2025-06-21 19:45:00+00:00,32.1,67.0,1.6,159.0,0.0,0.0,11.0,982.0,,toluene,1.4,"Ashok Vihar, Delhi - DPCC",19
site_1420,Delhi,Delhi,"Ashok Vihar, Delhi - DPCC",2025-06-21 19:45:00+00:00,2025-06-21 19:45:00+00:00,32.1,67.0,1.6,159.0,0.0,0.0,11.0,982.0,,ozone,62.2,"Ashok Vihar, Delhi - DPCC",19
site_301,Delhi,Delhi,"Anand Vihar, Delhi - DPCC",2025-06-21 19:45:00+00:00,2025-06-21 19:45:00+00:00,32.7,62.0,0.3,106.0,,0.0,9.0,742.0,,toluene,18.1,"Anand Vihar, Delhi - DPCC",19
site_5024,Delhi,Delhi,"Alipur, Delhi - DPCC",2025-06-21 19:45:00+00:00,2025-06-21 19:45:00+00:00,33.1,60.0,,334.0,0.0,0.0,5.0,976.0,,ozone,25.6,"Alipur, Delhi - DPCC",19
site_301,Delhi,Delhi,"Anand Vihar, Delhi - DPCC",2025-06-21 19:45:00+00:00,2025-06-21 19:45:00+00:00,32.7,62.0,0.3,106.0,,0.0,9.0,742.0,,no2,53.2,"Anand Vihar, Delhi - DPCC",19
site_301,Delhi,Delhi,"Anand Vihar, Delhi - DPCC",2025-06-21 19:45:00+00:00,2025-06-21 19:45:00+00:00,32.7,62.0,0.3,106.0,,0.0,9.0,742.0,,ozone,16.0,"Anand Vihar, Delhi - DPCC",19
site_301,Delhi,Delhi,"Anand Vihar, Delhi - DPCC",2025-06-21 19:45:00+00:00,2025-06-21 19:45:00+00:00,32.7,62.0,0.3,106.0,,0.0,9.0,742.0,,pm10,72.0,"Anand Vihar, Delhi - DPCC",19
site_301,Delhi,Delhi,"Anand Vihar, Delhi - DPCC",2025-06-21 19:45:00+00:00,2025-06-21 19:45:00+00:00,32.7,62.0,0.3,106.0,,0.0,9.0,742.0,,pm25,16.0,"Anand Vihar, Delhi - DPCC",19
site_1560,Delhi,Delhi,"Bawana, Delhi - DPCC",2025-06-21 19:45:00+00:00,2025-06-21 19:45:00+00:00,33.3,65.0,1.1,149.0,0.0,0.0,6.0,988.0,,ozone,7.8,"Bawana, Delhi - DPCC",19
site_1560,Delhi,Delhi,"Bawana, Delhi - DPCC",2025-06-21 19:45:00+00:00,2025-06-21 19:45:00+00:00,33.3,65.0,1.1,149.0,0.0,0.0,6.0,988.0,,toluene,18.4,"Bawana, Delhi - DPCC",19
site_1560,Delhi,Delhi,"Bawana, Delhi - DPCC",2025-06-21 19:45:00+00:00,2025-06-21 19:45:00+00:00,33.3,65.0,1.1,149.0,0.0,0.0,6.0,988.0,,so2,5.0,"Bawana, Delhi - DPCC",19
site_5024,Delhi,Delhi,"Alipur, Delhi - DPCC",2025-06-21 19:45:00+00:00,2025-06-21 19:45:00+00:00,33.1,60.0,,334.0,0.0,0.0,5.0,976.0,,toluene,0.2,"Alipur, Delhi - DPCC",19
site_5024,Delhi,Delhi,"Alipur, Delhi - DPCC",2025-06-21 19:45:00+00:00,2025-06-21 19:45:00+00:00,33.1,60.0,,334.0,0.0,0.0,5.0,976.0,,so2,9.5,"Alipur, Delhi - DPCC",19
site_5024,Delhi,Delhi,"Alipur, Delhi - DPCC",2025-06-21 19:45:00+00:00,2025-06-21 19:45:00+00:00,33.1,60.0,,334.0,0.0,0.0,5.0,976.0,,pm25,36.0,"Alipur, Delhi - DPCC",19
site_301,Delhi,Delhi,"Anand Vihar, Delhi - DPCC",2025-06-21 19:45:00+00:00,2025-06-21 19:45:00+00:00,32.7,62.0,0.3,106.0,,0.0,9.0,742.0,,no,31.3,"Anand Vihar, Delhi - DPCC",19
site_5024,Delhi,Delhi,"Alipur, Delhi - DPCC",2025-06-21 19:45:00+00:00,2025-06-21 19:45:00+00:00,33.1,60.0,,334.0,0.0,0.0,5.0,976.0,,pm10,94.0,"Alipur, Delhi - DPCC",19
site_5024,Delhi,Delhi,"Alipur, Delhi - DPCC",2025-06-21 19:45:00+00:00,2025-06-21 19:45:00+00:00,33.1,60.0,,334.0,0.0,0.0,5.0,976.0,,no2,37.1,"Alipur, Delhi - DPCC",19
site_5024,Delhi,Delhi,"Alipur, Delhi - DPCC",2025-06-21 19:45:00+00:00,2025-06-21 19:45:00+00:00,33.1,60.0,,334.0,0.0,0.0,5.0,976.0,,no,3.8,"Alipur, Delhi - DPCC",19
site_5024,Delhi,Delhi,"Alipur, Delhi - DPCC",2025-06-21 19:45:00+00:00,2025-06-21 19:45:00+00:00,33.1,60.0,,334.0,0.0,0.0,5.0,976.0,,nh3,53.7,"Alipur, Delhi - DPCC",19
site_5024,Delhi,Delhi,"Alipur, Delhi - DPCC",2025-06-21 19:45:00+00:00,2025-06-21 19:45:00+00:00,33.1,60.0,,334.0,0.0,0.0,5.0,976.0,,co,1.28,"Alipur, Delhi - DPCC",19
site_5024,Delhi,Delhi,"Alipur, Delhi - DPCC",2025-06-21 19:45:00+00:00,2025-06-21 19:45:00+00:00,33.1,60.0,,334.0,0.0,0.0,5.0,976.0,,benzene,0.2,"Alipur, Delhi - DPCC",19
site_1560,Delhi,Delhi,"Bawana, Delhi - DPCC",2025-06-21 19:45:00+00:00,2025-06-21 19:45:00+00:00,33.3,65.0,1.1,149.0,0.0,0.0,6.0,988.0,,benzene,1.7,"Bawana, Delhi - DPCC",19
site_1560,Delhi,Delhi,"Bawana, Delhi - DPCC",2025-06-21 19:45:00+00:00,2025-06-21 19:45:00+00:00,33.3,65.0,1.1,149.0,0.0,0.0,6.0,988.0,,co,1.0,"Bawana, Delhi - DPCC",19
site_1560,Delhi,Delhi,"Bawana, Delhi - DPCC",2025-06-21 19:45:00+00:00,2025-06-21 19:45:00+00:00,33.3,65.0,1.1,149.0,0.0,0.0,6.0,988.0,,nh3,23.2,"Bawana, Delhi - DPCC",19
site_1560,Delhi,Delhi,"Bawana, Delhi - DPCC",2025-06-21 19:45:00+00:00,2025-06-21 19:45:00+00:00,33.3,65.0,1.1,149.0,0.0,0.0,6.0,988.0,,no,4.8,"Bawana, Delhi - DPCC",19
site_1560,Delhi,Delhi,"Bawana, Delhi - DPCC",2025-06-21 19:45:00+00:00,2025-06-21 19:45:00+00:00,33.3,65.0,1.1,149.0,0.0,0.0,6.0,988.0,,no2,22.4,"Bawana, Delhi - DPCC",19
site_1560,Delhi,Delhi,"Bawana, Delhi - DPCC",2025-06-21 19:45:00+00:00,2025-06-21 19:45:00+00:00,33.3,65.0,1.1,149.0,0.0,0.0,6.0,988.0,,pm25,30.0,"Bawana, Delhi - DPCC",19
site_301,Delhi,Delhi,"Anand Vihar, Delhi - DPCC",2025-06-21 19:45:00+00:00,2025-06-21 19:45:00+00:00,32.7,62.0,0.3,106.0,,0.0,9.0,742.0,,nh3,18.9,"Anand Vihar, Delhi - DPCC",19
site_301,Delhi,Delhi,"Anand Vihar, Delhi - DPCC",2025-06-21 19:45:00+00:00,2025-06-21 19:45:00+00:00,32.7,62.0,0.3,106.0,,0.0,9.0,742.0,,so2,56.7,"Anand Vihar, Delhi - DPCC",19
site_301,Delhi,Delhi,"Anand Vihar, Delhi - DPCC",2025-06-21 19:45:00+00:00,2025-06-21 19:45:00+00:00,32.7,62.0,0.3,106.0,,0.0,9.0,742.0,,benzene,1.3,"Anand Vihar, Delhi - DPCC",19
site_104,Delhi,Delhi,"Burari Crossing, Delhi - IMD",2025-06-21 19:45:00+00:00,2025-06-21 19:45:00+00:00,,,,,,0.0,,,,co,1.02,"Burari Crossing, Delhi - IMD",19
site_104,Delhi,Delhi,"Burari Crossing, Delhi - IMD",2025-06-21 19:45:00+00:00,2025-06-21 19:45:00+00:00,,,,,,0.0,,,,no,9.54,"Burari Crossing, Delhi - IMD",19
site_104,Delhi,Delhi,"Burari Crossing, Delhi - IMD",2025-06-21 19:45:00+00:00,2025-06-21 19:45:00+00:00,,,,,,0.0,,,,no2,44.69,"Burari Crossing, Delhi - IMD",19
site_104,Delhi,Delhi,"Burari Crossing, Delhi - IMD",2025-06-21 19:45:00+00:00,2025-06-21 19:45:00+00:00,,,,,,0.0,,,,ozone,26.14,"Burari Crossing, Delhi - IMD",19
site_104,Delhi,Delhi,"Burari Crossing, Delhi - IMD",2025-06-21 19:45:00+00:00,2025-06-21 19:45:00+00:00,,,,,,0.0,,,,pm10,46.56,"Burari Crossing, Delhi - IMD",19
site_104,Delhi,Delhi,"Burari Crossing, Delhi - IMD",2025-06-21 19:45:00+00:00,2025-06-21 19:45:00+00:00,,,,,,0.0,,,,pm25,50.65,"Burari Crossing, Delhi - IMD",19
site_108,Delhi,Delhi,"Aya Nagar, Delhi - IMD",2025-06-21 19:45:00+00:00,2025-06-21 19:45:00+00:00,,,,,,0.0,,,,pm25,9.49,"Aya Nagar, Delhi - IMD",19
site_301,Delhi,Delhi,"Anand Vihar, Delhi - DPCC",2025-06-21 19:45:00+00:00,2025-06-21 19:45:00+00:00,32.7,62.0,0.3,106.0,,0.0,9.0,742.0,,co,1.69,"Anand Vihar, Delhi - DPCC",19
site_1560,Delhi,Delhi,"Bawana, Delhi - DPCC",2025-06-21 19:45:00+00:00,2025-06-21 19:45:00+00:00,33.3,65.0,1.1,149.0,0.0,0.0,6.0,988.0,,pm10,106.0,"Bawana, Delhi - DPCC",19
site_108,Delhi,Delhi,"Aya Nagar, Delhi - IMD",2025-06-21 19:45:00+00:00,2025-06-21 19:45:00+00:00,,,,,,0.0,,,,co,1.23,"Aya Nagar, Delhi - IMD",19
site_108,Delhi,Delhi,"Aya Nagar, Delhi - IMD",2025-06-21 19:45:00+00:00,2025-06-21 19:45:00+00:00,,,,,,0.0,,,,no,5.21,"Aya Nagar, Delhi - IMD",19
site_108,Delhi,Delhi,"Aya Nagar, Delhi - IMD",2025-06-21 19:45:00+00:00,2025-06-21 19:45:00+00:00,,,,,,0.0,,,,no2,20.42,"Aya Nagar, Delhi - IMD",19
site_108,Delhi,Delhi,"Aya Nagar, Delhi - IMD",2025-06-21 19:45:00+00:00,2025-06-21 19:45:00+00:00,,,,,,0.0,,,,ozone,80.23,"Aya Nagar, Delhi - IMD",19
site_108,Delhi,Delhi,"Aya Nagar, Delhi - IMD",2025-06-21 19:45:00+00:00,2025-06-21 19:45:00+00:00,,,,,,0.0,,,,pm10,60.63,"Aya Nagar, Delhi - IMD",19
site_1560,Delhi,Delhi,"Bawana, Delhi - DPCC",2025-06-21 20:00:00+00:00,2025-06-21 20:00:00+00:00,33.1,67.0,0.9,143.0,0.0,0.0,5.0,988.0,,co,1.05,"Bawana, Delhi - DPCC",20
site_1560,Delhi,Delhi,"Bawana, Delhi - DPCC",2025-06-21 20:00:00+00:00,2025-06-21 20:00:00+00:00,33.1,67.0,0.9,143.0,0.0,0.0,5.0,988.0,,toluene,20.6,"Bawana, Delhi - DPCC",20
site_1560,Delhi,Delhi,"Bawana, Delhi - DPCC",2025-06-21 20:00:00+00:00,2025-06-21 20:00:00+00:00,33.1,67.0,0.9,143.0,0.0,0.0,5.0,988.0,,so2,5.2,"Bawana, Delhi - DPCC",20
site_1560,Delhi,Delhi,"Bawana, Delhi - DPCC",2025-06-21 20:00:00+00:00,2025-06-21 20:00:00+00:00,33.1,67.0,0.9,143.0,0.0,0.0,5.0,988.0,,pm25,35.0,"Bawana, Delhi - DPCC",20
site_1560,Delhi,Delhi,"Bawana, Delhi - DPCC",2025-06-21 20:00:00+00:00,2025-06-21 20:00:00+00:00,33.1,67.0,0.9,143.0,0.0,0.0,5.0,988.0,,ozone,10.9,"Bawana, Delhi - DPCC",20
site_104,Delhi,Delhi,"Burari Crossing, Delhi - IMD",2025-06-21 20:00:00+00:00,2025-06-21 20:00:00+00:00,,,,,,0.0,,,,co,1.09,"Burari Crossing, Delhi - IMD",20
site_104,Delhi,Delhi,"Burari Crossing, Delhi - IMD",2025-06-21 20:00:00+00:00,2025-06-21 20:00:00+00:00,,,,,,0.0,,,,no,12.21,"Burari Crossing, Delhi - IMD",20
site_104,Delhi,Delhi,"Burari Crossing, Delhi - IMD",2025-06-21 20:00:00+00:00,2025-06-21 20:00:00+00:00,,,,,,0.0,,,,no2,50.05,"Burari Crossing, Delhi - IMD",20
site_104,Delhi,Delhi,"Burari Crossing, Delhi - IMD",2025-06-21 20:00:00+00:00,2025-06-21 20:00:00+00:00,,,,,,0.0,,,,ozone,22.62,"Burari Crossing, Delhi - IMD",20
site_104,Delhi,Delhi,"Burari Crossing, Delhi - IMD",2025-06-21 20:00:00+00:00,2025-06-21 20:00:00+00:00,,,,,,0.0,,,,pm10,48.54,"Burari Crossing, Delhi - IMD",20
site_104,Delhi,Delhi,"Burari Crossing, Delhi - IMD",2025-06-21 20:00:00+00:00,2025-06-21 20:00:00+00:00,,,,,,0.0,,,,pm25,43.9,"Burari Crossing, Delhi - IMD",20
site_1560,Delhi,Delhi,"Bawana, Delhi - DPCC",2025-06-21 20:00:00+00:00,2025-06-21 20:00:00+00:00,33.1,67.0,0.9,143.0,0.0,0.0,5.0,988.0,,pm10,114.0,"Bawana, Delhi - DPCC",20
site_1560,Delhi,Delhi,"Bawana, Delhi - DPCC",2025-06-21 20:00:00+00:00,2025-06-21 20:00:00+00:00,33.1,67.0,0.9,143.0,0.0,0.0,5.0,988.0,,no2,22.8,"Bawana, Delhi - DPCC",20
site_1560,Delhi,Delhi,"Bawana, Delhi - DPCC",2025-06-21 20:00:00+00:00,2025-06-21 20:00:00+00:00,33.1,67.0,0.9,143.0,0.0,0.0,5.0,988.0,,no,4.7,"Bawana, Delhi - DPCC",20
site_1420,Delhi,Delhi,"Ashok Vihar, Delhi - DPCC",2025-06-21 20:00:00+00:00,2025-06-21 20:00:00+00:00,32.0,68.0,1.1,166.0,0.0,0.0,10.0,982.0,,pm10,83.0,"Ashok Vihar, Delhi - DPCC",20
site_1420,Delhi,Delhi,"Ashok Vihar, Delhi - DPCC",2025-06-21 20:00:00+00:00,2025-06-21 20:00:00+00:00,32.0,68.0,1.1,166.0,0.0,0.0,10.0,982.0,,ozone,15.4,"Ashok Vihar, Delhi - DPCC",20
site_1420,Delhi,Delhi,"Ashok Vihar, Delhi - DPCC",2025-06-21 20:00:00+00:00,2025-06-21 20:00:00+00:00,32.0,68.0,1.1,166.0,0.0,0.0,10.0,982.0,,no2,35.3,"Ashok Vihar, Delhi - DPCC",20
site_1420,Delhi,Delhi,"Ashok Vihar, Delhi - DPCC",2025-06-21 20:00:00+00:00,2025-06-21 20:00:00+00:00,32.0,68.0,1.1,166.0,0.0,0.0,10.0,982.0,,no,4.9,"Ashok Vihar, Delhi - DPCC",20
site_1420,Delhi,Delhi,"Ashok Vihar, Delhi - DPCC",2025-06-21 20:00:00+00:00,2025-06-21 20:00:00+00:00,32.0,68.0,1.1,166.0,0.0,0.0,10.0,982.0,,nh3,26.6,"Ashok Vihar, Delhi - DPCC",20
site_1420,Delhi,Delhi,"Ashok Vihar, Delhi - DPCC",2025-06-21 20:00:00+00:00,2025-06-21 20:00:00+00:00,32.0,68.0,1.1,166.0,0.0,0.0,10.0,982.0,,benzene,0.2,"Ashok Vihar, Delhi - DPCC",20
site_1560,Delhi,Delhi,"Bawana, Delhi - DPCC",2025-06-21 20:00:00+00:00,2025-06-21 20:00:00+00:00,33.1,67.0,0.9,143.0,0.0,0.0,5.0,988.0,,benzene,2.1,"Bawana, Delhi - DPCC",20
site_1560,Delhi,Delhi,"Bawana, Delhi - DPCC",2025-06-21 20:00:00+00:00,2025-06-21 20:00:00+00:00,33.1,67.0,0.9,143.0,0.0,0.0,5.0,988.0,,nh3,23.3,"Bawana, Delhi - DPCC",20
site_1420,Delhi,Delhi,"Ashok Vihar, Delhi - DPCC",2025-06-21 20:00:00+00:00,2025-06-21 20:00:00+00:00,32.0,68.0,1.1,166.0,0.0,0.0,10.0,982.0,,pm25,27.0,"Ashok Vihar, Delhi - DPCC",20
site_1420,Delhi,Delhi,"Ashok Vihar, Delhi - DPCC",2025-06-21 20:00:00+00:00,2025-06-21 20:00:00+00:00,32.0,68.0,1.1,166.0,0.0,0.0,10.0,982.0,,toluene,1.4,"Ashok Vihar, Delhi - DPCC",20
site_5024,Delhi,Delhi,"Alipur, Delhi - DPCC",2025-06-21 20:00:00+00:00,2025-06-21 20:00:00+00:00,32.9,61.0,,123.0,0.0,0.0,5.0,977.0,,benzene,0.2,"Alipur, Delhi - DPCC",20
site_5024,Delhi,Delhi,"Alipur, Delhi - DPCC",2025-06-21 20:00:00+00:00,2025-06-21 20:00:00+00:00,32.9,61.0,,123.0,0.0,0.0,5.0,977.0,,toluene,0.3,"Alipur, Delhi - DPCC",20
site_5024,Delhi,Delhi,"Alipur, Delhi - DPCC",2025-06-21 20:00:00+00:00,2025-06-21 20:00:00+00:00,32.9,61.0,,123.0,0.0,0.0,5.0,977.0,,so2,9.5,"Alipur, Delhi - DPCC",20
site_5024,Delhi,Delhi,"Alipur, Delhi - DPCC",2025-06-21 20:00:00+00:00,2025-06-21 20:00:00+00:00,32.9,61.0,,123.0,0.0,0.0,5.0,977.0,,pm25,38.0,"Alipur, Delhi - DPCC",20
site_5024,Delhi,Delhi,"Alipur, Delhi - DPCC",2025-06-21 20:00:00+00:00,2025-06-21 20:00:00+00:00,32.9,61.0,,123.0,0.0,0.0,5.0,977.0,,pm10,116.0,"Alipur, Delhi - DPCC",20
site_108,Delhi,Delhi,"Aya Nagar, Delhi - IMD",2025-06-21 20:00:00+00:00,2025-06-21 20:00:00+00:00,,,,,,0.0,,,,pm25,13.35,"Aya Nagar, Delhi - IMD",20
site_108,Delhi,Delhi,"Aya Nagar, Delhi - IMD",2025-06-21 20:00:00+00:00,2025-06-21 20:00:00+00:00,,,,,,0.0,,,,ozone,74.5,"Aya Nagar, Delhi - IMD",20
site_108,Delhi,Delhi,"Aya Nagar, Delhi - IMD",2025-06-21 20:00:00+00:00,2025-06-21 20:00:00+00:00,,,,,,0.0,,,,no2,20.39,"Aya Nagar, Delhi - IMD",20
site_108,Delhi,Delhi,"Aya Nagar, Delhi - IMD",2025-06-21 20:00:00+00:00,2025-06-21 20:00:00+00:00,,,,,,0.0,,,,no,6.18,"Aya Nagar, Delhi - IMD",20
site_108,Delhi,Delhi,"Aya Nagar, Delhi - IMD",2025-06-21 20:00:00+00:00,2025-06-21 20:00:00+00:00,,,,,,0.0,,,,co,1.25,"Aya Nagar, Delhi - IMD",20
site_5024,Delhi,Delhi,"Alipur, Delhi - DPCC",2025-06-21 20:00:00+00:00,2025-06-21 20:00:00+00:00,32.9,61.0,,123.0,0.0,0.0,5.0,977.0,,ozone,21.8,"Alipur, Delhi - DPCC",20
site_301,Delhi,Delhi,"Anand Vihar, Delhi - DPCC",2025-06-21 20:00:00+00:00,2025-06-21 20:00:00+00:00,32.6,63.0,0.3,118.0,,0.0,5.0,743.0,,benzene,1.3,"Anand Vihar, Delhi - DPCC",20
site_108,Delhi,Delhi,"Aya Nagar, Delhi - IMD",2025-06-21 20:00:00+00:00,2025-06-21 20:00:00+00:00,,,,,,0.0,,,,pm10,59.53,"Aya Nagar, Delhi - IMD",20
site_301,Delhi,Delhi,"Anand Vihar, Delhi - DPCC",2025-06-21 20:00:00+00:00,2025-06-21 20:00:00+00:00,32.6,63.0,0.3,118.0,,0.0,5.0,743.0,,nh3,21.1,"Anand Vihar, Delhi - DPCC",20
site_301,Delhi,Delhi,"Anand Vihar, Delhi - DPCC",2025-06-21 20:00:00+00:00,2025-06-21 20:00:00+00:00,32.6,63.0,0.3,118.0,,0.0,5.0,743.0,,co,1.91,"Anand Vihar, Delhi - DPCC",20
site_5024,Delhi,Delhi,"Alipur, Delhi - DPCC",2025-06-21 20:00:00+00:00,2025-06-21 20:00:00+00:00,32.9,61.0,,123.0,0.0,0.0,5.0,977.0,,nh3,53.8,"Alipur, Delhi - DPCC",20
site_5024,Delhi,Delhi,"Alipur, Delhi - DPCC",2025-06-21 20:00:00+00:00,2025-06-21 20:00:00+00:00,32.9,61.0,,123.0,0.0,0.0,5.0,977.0,,no,4.0,"Alipur, Delhi - DPCC",20
site_5024,Delhi,Delhi,"Alipur, Delhi - DPCC",2025-06-21 20:00:00+00:00,2025-06-21 20:00:00+00:00,32.9,61.0,,123.0,0.0,0.0,5.0,977.0,,no2,39.8,"Alipur, Delhi - DPCC",20
site_301,Delhi,Delhi,"Anand Vihar, Delhi - DPCC",2025-06-21 20:00:00+00:00,2025-06-21 20:00:00+00:00,32.6,63.0,0.3,118.0,,0.0,5.0,743.0,,so2,51.9,"Anand Vihar, Delhi - DPCC",20
site_301,Delhi,Delhi,"Anand Vihar, Delhi - DPCC",2025-06-21 20:00:00+00:00,2025-06-21 20:00:00+00:00,32.6,63.0,0.3,118.0,,0.0,5.0,743.0,,toluene,19.4,"Anand Vihar, Delhi - DPCC",20
site_301,Delhi,Delhi,"Anand Vihar, Delhi - DPCC",2025-06-21 20:00:00+00:00,2025-06-21 20:00:00+00:00,32.6,63.0,0.3,118.0,,0.0,5.0,743.0,,pm25,9.0,"Anand Vihar, Delhi - DPCC",20
site_301,Delhi,Delhi,"Anand Vihar, Delhi - DPCC",2025-06-21 20:00:00+00:00,2025-06-21 20:00:00+00:00,32.6,63.0,0.3,118.0,,0.0,5.0,743.0,,pm10,85.0,"Anand Vihar, Delhi - DPCC",20
site_301,Delhi,Delhi,"Anand Vihar, Delhi - DPCC",2025-06-21 20:00:00+00:00,2025-06-21 20:00:00+00:00,32.6,63.0,0.3,118.0,,0.0,5.0,743.0,,ozone,15.6,"Anand Vihar, Delhi - DPCC",20
site_301,Delhi,Delhi,"Anand Vihar, Delhi - DPCC",2025-06-21 20:00:00+00:00,2025-06-21 20:00:00+00:00,32.6,63.0,0.3,118.0,,0.0,5.0,743.0,,no2,54.5,"Anand Vihar, Delhi - DPCC",20
site_301,Delhi,Delhi,"Anand Vihar, Delhi - DPCC",2025-06-21 20:00:00+00:00,2025-06-21 20:00:00+00:00,32.6,63.0,0.3,118.0,,0.0,5.0,743.0,,no,18.2,"Anand Vihar, Delhi - DPCC",20
site_1560,Delhi,Delhi,"Bawana, Delhi - DPCC",2025-06-21 20:15:00+00:00,2025-06-21 20:15:00+00:00,33.1,68.0,1.3,145.0,0.0,0.0,5.0,988.0,,co,1.15,"Bawana, Delhi - DPCC",20
site_1560,Delhi,Delhi,"Bawana, Delhi - DPCC",2025-06-21 20:15:00+00:00,2025-06-21 20:15:00+00:00,33.1,68.0,1.3,145.0,0.0,0.0,5.0,988.0,,no2,22.6,"Bawana, Delhi - DPCC",20
site_1560,Delhi,Delhi,"Bawana, Delhi - DPCC",2025-06-21 20:15:00+00:00,2025-06-21 20:15:00+00:00,33.1,68.0,1.3,145.0,0.0,0.0,5.0,988.0,,no,5.6,"Bawana, Delhi - DPCC",20
site_1560,Delhi,Delhi,"Bawana, Delhi - DPCC",2025-06-21 20:15:00+00:00,2025-06-21 20:15:00+00:00,33.1,68.0,1.3,145.0,0.0,0.0,5.0,988.0,,nh3,22.9,"Bawana, Delhi - DPCC",20
site_1560,Delhi,Delhi,"Bawana, Delhi - DPCC",2025-06-21 20:15:00+00:00,2025-06-21 20:15:00+00:00,33.1,68.0,1.3,145.0,0.0,0.0,5.0,988.0,,ozone,10.1,"Bawana, Delhi - DPCC",20
site_1560,Delhi,Delhi,"Bawana, Delhi - DPCC",2025-06-21 20:15:00+00:00,2025-06-21 20:15:00+00:00,33.1,68.0,1.3,145.0,0.0,0.0,5.0,988.0,,benzene,3.1,"Bawana, Delhi - DPCC",20
site_5024,Delhi,Delhi,"Alipur, Delhi - DPCC",2025-06-21 20:15:00+00:00,2025-06-21 20:15:00+00:00,32.7,62.0,,2.0,0.0,0.0,5.0,977.0,,benzene,0.2,"Alipur, Delhi - DPCC",20
site_5024,Delhi,Delhi,"Alipur, Delhi - DPCC",2025-06-21 20:15:00+00:00,2025-06-21 20:15:00+00:00,32.7,62.0,,2.0,0.0,0.0,5.0,977.0,,ozone,17.6,"Alipur, Delhi - DPCC",20
site_5024,Delhi,Delhi,"Alipur, Delhi - DPCC",2025-06-21 20:15:00+00:00,2025-06-21 20:15:00+00:00,32.7,62.0,,2.0,0.0,0.0,5.0,977.0,,no2,42.8,"Alipur, Delhi - DPCC",20
site_5024,Delhi,Delhi,"Alipur, Delhi - DPCC",2025-06-21 20:15:00+00:00,2025-06-21 20:15:00+00:00,32.7,62.0,,2.0,0.0,0.0,5.0,977.0,,no,3.6,"Alipur, Delhi - DPCC",20
site_5024,Delhi,Delhi,"Alipur, Delhi - DPCC",2025-06-21 20:15:00+00:00,2025-06-21 20:15:00+00:00,32.7,62.0,,2.0,0.0,0.0,5.0,977.0,,co,1.06,"Alipur, Delhi - DPCC",20
site_1560,Delhi,Delhi,"Bawana, Delhi - DPCC",2025-06-21 20:15:00+00:00,2025-06-21 20:15:00+00:00,33.1,68.0,1.3,145.0,0.0,0.0,5.0,988.0,,pm10,114.0,"Bawana, Delhi - DPCC",20
site_5024,Delhi,Delhi,"Alipur, Delhi - DPCC",2025-06-21 20:15:00+00:00,2025-06-21 20:15:00+00:00,32.7,62.0,,2.0,0.0,0.0,5.0,977.0,,pm10,116.0,"Alipur, Delhi - DPCC",20
site_1560,Delhi,Delhi,"Bawana, Delhi - DPCC",2025-06-21 20:15:00+00:00,2025-06-21 20:15:00+00:00,33.1,68.0,1.3,145.0,0.0,0.0,5.0,988.0,,pm25,35.0,"Bawana, Delhi - DPCC",20
site_104,Delhi,Delhi,"Burari Crossing, Delhi - IMD",2025-06-21 20:15:00+00:00,2025-06-21 20:15:00+00:00,,,,,,0.0,,,,no,9.17,"Burari Crossing, Delhi - IMD",20
site_1560,Delhi,Delhi,"Bawana, Delhi - DPCC",2025-06-21 20:15:00+00:00,2025-06-21 20:15:00+00:00,33.1,68.0,1.3,145.0,0.0,0.0,5.0,988.0,,toluene,23.1,"Bawana, Delhi - DPCC",20
site_1420,Delhi,Delhi,"Ashok Vihar, Delhi - DPCC",2025-06-21 20:15:00+00:00,2025-06-21 20:15:00+00:00,31.9,69.0,1.0,164.0,0.0,0.0,10.0,982.0,,pm25,27.0,"Ashok Vihar, Delhi - DPCC",20
site_1420,Delhi,Delhi,"Ashok Vihar, Delhi - DPCC",2025-06-21 20:15:00+00:00,2025-06-21 20:15:00+00:00,31.9,69.0,1.0,164.0,0.0,0.0,10.0,982.0,,pm10,83.0,"Ashok Vihar, Delhi - DPCC",20
site_1420,Delhi,Delhi,"Ashok Vihar, Delhi - DPCC",2025-06-21 20:15:00+00:00,2025-06-21 20:15:00+00:00,31.9,69.0,1.0,164.0,0.0,0.0,10.0,982.0,,ozone,8.7,"Ashok Vihar, Delhi - DPCC",20
site_301,Delhi,Delhi,"Anand Vihar, Delhi - DPCC",2025-06-21 20:15:00+00:00,2025-06-21 20:15:00+00:00,32.5,64.0,0.3,231.0,,0.0,5.0,743.0,,toluene,20.5,"Anand Vihar, Delhi - DPCC",20
site_301,Delhi,Delhi,"Anand Vihar, Delhi - DPCC",2025-06-21 20:15:00+00:00,2025-06-21 20:15:00+00:00,32.5,64.0,0.3,231.0,,0.0,5.0,743.0,,so2,46.3,"Anand Vihar, Delhi - DPCC",20
site_301,Delhi,Delhi,"Anand Vihar, Delhi - DPCC",2025-06-21 20:15:00+00:00,2025-06-21 20:15:00+00:00,32.5,64.0,0.3,231.0,,0.0,5.0,743.0,,pm25,9.0,"Anand Vihar, Delhi - DPCC",20
site_301,Delhi,Delhi,"Anand Vihar, Delhi - DPCC",2025-06-21 20:15:00+00:00,2025-06-21 20:15:00+00:00,32.5,64.0,0.3,231.0,,0.0,5.0,743.0,,pm10,85.0,"Anand Vihar, Delhi - DPCC",20
site_301,Delhi,Delhi,"Anand Vihar, Delhi - DPCC",2025-06-21 20:15:00+00:00,2025-06-21 20:15:00+00:00,32.5,64.0,0.3,231.0,,0.0,5.0,743.0,,ozone,15.3,"Anand Vihar, Delhi - DPCC",20
site_301,Delhi,Delhi,"Anand Vihar, Delhi - DPCC",2025-06-21 20:15:00+00:00,2025-06-21 20:15:00+00:00,32.5,64.0,0.3,231.0,,0.0,5.0,743.0,,no2,48.3,"Anand Vihar, Delhi - DPCC",20
site_301,Delhi,Delhi,"Anand Vihar, Delhi - DPCC",2025-06-21 20:15:00+00:00,2025-06-21 20:15:00+00:00,32.5,64.0,0.3,231.0,,0.0,5.0,743.0,,no,15.1,"Anand Vihar, Delhi - DPCC",20
site_301,Delhi,Delhi,"Anand Vihar, Delhi - DPCC",2025-06-21 20:15:00+00:00,2025-06-21 20:15:00+00:00,32.5,64.0,0.3,231.0,,0.0,5.0,743.0,,nh3,18.0,"Anand Vihar, Delhi - DPCC",20
site_1420,Delhi,Delhi,"Ashok Vihar, Delhi - DPCC",2025-06-21 20:15:00+00:00,2025-06-21 20:15:00+00:00,31.9,69.0,1.0,164.0,0.0,0.0,10.0,982.0,,so2,5.1,"Ashok Vihar, Delhi - DPCC",20
site_301,Delhi,Delhi,"Anand Vihar, Delhi - DPCC",2025-06-21 20:15:00+00:00,2025-06-21 20:15:00+00:00,32.5,64.0,0.3,231.0,,0.0,5.0,743.0,,co,2.02,"Anand Vihar, Delhi - DPCC",20
site_1420,Delhi,Delhi,"Ashok Vihar, Delhi - DPCC",2025-06-21 20:15:00+00:00,2025-06-21 20:15:00+00:00,31.9,69.0,1.0,164.0,0.0,0.0,10.0,982.0,,benzene,0.2,"Ashok Vihar, Delhi - DPCC",20
site_108,Delhi,Delhi,"Aya Nagar, Delhi - IMD",2025-06-21 20:15:00+00:00,2025-06-21 20:15:00+00:00,,,,,,0.0,,,,co,1.22,"Aya Nagar, Delhi - IMD",20
site_108,Delhi,Delhi,"Aya Nagar, Delhi - IMD",2025-06-21 20:15:00+00:00,2025-06-21 20:15:00+00:00,,,,,,0.0,,,,no,6.68,"Aya Nagar, Delhi - IMD",20
site_108,Delhi,Delhi,"Aya Nagar, Delhi - IMD",2025-06-21 20:15:00+00:00,2025-06-21 20:15:00+00:00,,,,,,0.0,,,,no2,23.51,"Aya Nagar, Delhi - IMD",20
site_108,Delhi,Delhi,"Aya Nagar, Delhi - IMD",2025-06-21 20:15:00+00:00,2025-06-21 20:15:00+00:00,,,,,,0.0,,,,ozone,56.6,"Aya Nagar, Delhi - IMD",20
site_108,Delhi,Delhi,"Aya Nagar, Delhi - IMD",2025-06-21 20:15:00+00:00,2025-06-21 20:15:00+00:00,,,,,,0.0,,,,pm10,65.47,"Aya Nagar, Delhi - IMD",20
site_108,Delhi,Delhi,"Aya Nagar, Delhi - IMD",2025-06-21 20:15:00+00:00,2025-06-21 20:15:00+00:00,,,,,,0.0,,,,pm25,12.32,"Aya Nagar, Delhi - IMD",20
site_1420,Delhi,Delhi,"Ashok Vihar, Delhi - DPCC",2025-06-21 20:15:00+00:00,2025-06-21 20:15:00+00:00,31.9,69.0,1.0,164.0,0.0,0.0,10.0,982.0,,no2,37.4,"Ashok Vihar, Delhi - DPCC",20
site_1420,Delhi,Delhi,"Ashok Vihar, Delhi - DPCC",2025-06-21 20:15:00+00:00,2025-06-21 20:15:00+00:00,31.9,69.0,1.0,164.0,0.0,0.0,10.0,982.0,,no,4.4,"Ashok Vihar, Delhi - DPCC",20
site_1420,Delhi,Delhi,"Ashok Vihar, Delhi - DPCC",2025-06-21 20:15:00+00:00,2025-06-21 20:15:00+00:00,31.9,69.0,1.0,164.0,0.0,0.0,10.0,982.0,,nh3,26.0,"Ashok Vihar, Delhi - DPCC",20
site_1420,Delhi,Delhi,"Ashok Vihar, Delhi - DPCC",2025-06-21 20:15:00+00:00,2025-06-21 20:15:00+00:00,31.9,69.0,1.0,164.0,0.0,0.0,10.0,982.0,,co,1.21,"Ashok Vihar, Delhi - DPCC",20
site_301,Delhi,Delhi,"Anand Vihar, Delhi - DPCC",2025-06-21 20:15:00+00:00,2025-06-21 20:15:00+00:00,32.5,64.0,0.3,231.0,,0.0,5.0,743.0,,benzene,1.4,"Anand Vihar, Delhi - DPCC",20
site_1560,Delhi,Delhi,"Bawana, Delhi - DPCC",2025-06-21 20:15:00+00:00,2025-06-21 20:15:00+00:00,33.1,68.0,1.3,145.0,0.0,0.0,5.0,988.0,,so2,5.1,"Bawana, Delhi - DPCC",20
site_1420,Delhi,Delhi,"Ashok Vihar, Delhi - DPCC",2025-06-21 20:15:00+00:00,2025-06-21 20:15:00+00:00,31.9,69.0,1.0,164.0,0.0,0.0,10.0,982.0,,toluene,1.4,"Ashok Vihar, Delhi - DPCC",20
site_5024,Delhi,Delhi,"Alipur, Delhi - DPCC",2025-06-21 20:15:00+00:00,2025-06-21 20:15:00+00:00,32.7,62.0,,2.0,0.0,0.0,5.0,977.0,,pm25,38.0,"Alipur, Delhi - DPCC",20
site_5024,Delhi,Delhi,"Alipur, Delhi - DPCC",2025-06-21 20:15:00+00:00,2025-06-21 20:15:00+00:00,32.7,62.0,,2.0,0.0,0.0,5.0,977.0,,toluene,0.4,"Alipur, Delhi - DPCC",20
site_104,Delhi,Delhi,"Burari Crossing, Delhi - IMD",2025-06-21 20:15:00+00:00,2025-06-21 20:15:00+00:00,,,,,,0.0,,,,co,1.06,"Burari Crossing, Delhi - IMD",20
site_104,Delhi,Delhi,"Burari Crossing, Delhi - IMD",2025-06-21 20:15:00+00:00,2025-06-21 20:15:00+00:00,,,,,,0.0,,,,no2,44.86,"Burari Crossing, Delhi - IMD",20
site_104,Delhi,Delhi,"Burari Crossing, Delhi - IMD",2025-06-21 20:15:00+00:00,2025-06-21 20:15:00+00:00,,,,,,0.0,,,,ozone,26.3,"Burari Crossing, Delhi - IMD",20
site_104,Delhi,Delhi,"Burari Crossing, Delhi - IMD",2025-06-21 20:15:00+00:00,2025-06-21 20:15:00+00:00,,,,,,0.0,,,,pm10,52.68,"Burari Crossing, Delhi - IMD",20
site_104,Delhi,Delhi,"Burari Crossing, Delhi - IMD",2025-06-21 20:15:00+00:00,2025-06-21 20:15:00+00:00,,,,,,0.0,,,,pm25,39.89,"Burari Crossing, Delhi - IMD",20
site_5024,Delhi,Delhi,"Alipur, Delhi - DPCC",2025-06-21 20:15:00+00:00,2025-06-21 20:15:00+00:00,32.7,62.0,,2.0,0.0,0.0,5.0,977.0,,so2,9.9,"Alipur, Delhi - DPCC",20
site_5024,Delhi,Delhi,"Alipur, Delhi - DPCC",2025-06-21 20:30:00+00:00,2025-06-21 20:30:00+00:00,32.5,63.0,,3.0,0.0,0.0,5.0,977.0,,toluene,0.5,"Alipur, Delhi - DPCC",20
site_1420,Delhi,Delhi,"Ashok Vihar, Delhi - DPCC",2025-06-21 20:30:00+00:00,2025-06-21 20:30:00+00:00,31.9,69.0,1.3,156.0,0.0,0.0,10.0,982.0,,nh3,25.9,"Ashok Vihar, Delhi - DPCC",20
site_5024,Delhi,Delhi,"Alipur, Delhi - DPCC",2025-06-21 20:30:00+00:00,2025-06-21 20:30:00+00:00,32.5,63.0,,3.0,0.0,0.0,5.0,977.0,,benzene,0.2,"Alipur, Delhi - DPCC",20
site_5024,Delhi,Delhi,"Alipur, Delhi - DPCC",2025-06-21 20:30:00+00:00,2025-06-21 20:30:00+00:00,32.5,63.0,,3.0,0.0,0.0,5.0,977.0,,co,1.09,"Alipur, Delhi - DPCC",20
site_5024,Delhi,Delhi,"Alipur, Delhi - DPCC",2025-06-21 20:30:00+00:00,2025-06-21 20:30:00+00:00,32.5,63.0,,3.0,0.0,0.0,5.0,977.0,,nh3,54.0,"Alipur, Delhi - DPCC",20
site_5024,Delhi,Delhi,"Alipur, Delhi - DPCC",2025-06-21 20:30:00+00:00,2025-06-21 20:30:00+00:00,32.5,63.0,,3.0,0.0,0.0,5.0,977.0,,no,3.7,"Alipur, Delhi - DPCC",20
site_5024,Delhi,Delhi,"Alipur, Delhi - DPCC",2025-06-21 20:30:00+00:00,2025-06-21 20:30:00+00:00,32.5,63.0,,3.0,0.0,0.0,5.0,977.0,,no2,48.8,"Alipur, Delhi - DPCC",20
site_5024,Delhi,Delhi,"Alipur, Delhi - DPCC",2025-06-21 20:30:00+00:00,2025-06-21 20:30:00+00:00,32.5,63.0,,3.0,0.0,0.0,5.0,977.0,,ozone,10.9,"Alipur, Delhi - DPCC",20
site_1420,Delhi,Delhi,"Ashok Vihar, Delhi - DPCC",2025-06-21 20:30:00+00:00,2025-06-21 20:30:00+00:00,31.9,69.0,1.3,156.0,0.0,0.0,10.0,982.0,,toluene,1.9,"Ashok Vihar, Delhi - DPCC",20
site_5024,Delhi,Delhi,"Alipur, Delhi - DPCC",2025-06-21 20:30:00+00:00,2025-06-21 20:30:00+00:00,32.5,63.0,,3.0,0.0,0.0,5.0,977.0,,pm10,116.0,"Alipur, Delhi - DPCC",20
site_5024,Delhi,Delhi,"Alipur, Delhi - DPCC",2025-06-21 20:30:00+00:00,2025-06-21 20:30:00+00:00,32.5,63.0,,3.0,0.0,0.0,5.0,977.0,,so2,11.9,"Alipur, Delhi - DPCC",20
site_1420,Delhi,Delhi,"Ashok Vihar, Delhi - DPCC",2025-06-21 20:30:00+00:00,2025-06-21 20:30:00+00:00,31.9,69.0,1.3,156.0,0.0,0.0,10.0,982.0,,no,4.9,"Ashok Vihar, Delhi - DPCC",20
site_1420,Delhi,Delhi,"Ashok Vihar, Delhi - DPCC",2025-06-21 20:30:00+00:00,2025-06-21 20:30:00+00:00,31.9,69.0,1.3,156.0,0.0,0.0,10.0,982.0,,benzene,0.2,"Ashok Vihar, Delhi - DPCC",20
site_1420,Delhi,Delhi,"Ashok Vihar, Delhi - DPCC",2025-06-21 20:30:00+00:00,2025-06-21 20:30:00+00:00,31.9,69.0,1.3,156.0,0.0,0.0,10.0,982.0,,no2,49.0,"Ashok Vihar, Delhi - DPCC",20
site_1420,Delhi,Delhi,"Ashok Vihar, Delhi - DPCC",2025-06-21 20:30:00+00:00,2025-06-21 20:30:00+00:00,31.9,69.0,1.3,156.0,0.0,0.0,10.0,982.0,,pm10,83.0,"Ashok Vihar, Delhi - DPCC",20
site_1420,Delhi,Delhi,"Ashok Vihar, Delhi - DPCC",2025-06-21 20:30:00+00:00,2025-06-21 20:30:00+00:00,31.9,69.0,1.3,156.0,0.0,0.0,10.0,982.0,,pm25,27.0,"Ashok Vihar, Delhi - DPCC",20
site_1420,Delhi,Delhi,"Ashok Vihar, Delhi - DPCC",2025-06-21 20:30:00+00:00,2025-06-21 20:30:00+00:00,31.9,69.0,1.3,156.0,0.0,0.0,10.0,982.0,,so2,5.8,"Ashok Vihar, Delhi - DPCC",20
site_5024,Delhi,Delhi,"Alipur, Delhi - DPCC",2025-06-21 20:30:00+00:00,2025-06-21 20:30:00+00:00,32.5,63.0,,3.0,0.0,0.0,5.0,977.0,,pm25,38.0,"Alipur, Delhi - DPCC",20
site_1420,Delhi,Delhi,"Ashok Vihar, Delhi - DPCC",2025-06-21 20:30:00+00:00,2025-06-21 20:30:00+00:00,31.9,69.0,1.3,156.0,0.0,0.0,10.0,982.0,,co,1.31,"Ashok Vihar, Delhi - DPCC",20
site_108,Delhi,Delhi,"Aya Nagar, Delhi - IMD",2025-06-21 20:30:00+00:00,2025-06-21 20:30:00+00:00,,,,,,0.0,,,,pm10,68.72,"Aya Nagar, Delhi - IMD",20
site_1560,Delhi,Delhi,"Bawana, Delhi - DPCC",2025-06-21 20:30:00+00:00,2025-06-21 20:30:00+00:00,33.0,68.0,1.5,158.0,0.0,0.0,5.0,988.0,,co,1.19,"Bawana, Delhi - DPCC",20
site_108,Delhi,Delhi,"Aya Nagar, Delhi - IMD",2025-06-21 20:30:00+00:00,2025-06-21 20:30:00+00:00,,,,,,0.0,,,,ozone,49.35,"Aya Nagar, Delhi - IMD",20
site_108,Delhi,Delhi,"Aya Nagar, Delhi - IMD",2025-06-21 20:30:00+00:00,2025-06-21 20:30:00+00:00,,,,,,0.0,,,,no2,22.68,"Aya Nagar, Delhi - IMD",20
site_108,Delhi,Delhi,"Aya Nagar, Delhi - IMD",2025-06-21 20:30:00+00:00,2025-06-21 20:30:00+00:00,,,,,,0.0,,,,no,6.81,"Aya Nagar, Delhi - IMD",20
site_108,Delhi,Delhi,"Aya Nagar, Delhi - IMD",2025-06-21 20:30:00+00:00,2025-06-21 20:30:00+00:00,,,,,,0.0,,,,co,1.26,"Aya Nagar, Delhi - IMD",20
site_301,Delhi,Delhi,"Anand Vihar, Delhi - DPCC",2025-06-21 20:30:00+00:00,2025-06-21 20:30:00+00:00,32.5,64.0,0.3,201.0,,0.0,5.0,743.0,,benzene,1.5,"Anand Vihar, Delhi - DPCC",20
site_301,Delhi,Delhi,"Anand Vihar, Delhi - DPCC",2025-06-21 20:30:00+00:00,2025-06-21 20:30:00+00:00,32.5,64.0,0.3,201.0,,0.0,5.0,743.0,,co,2.14,"Anand Vihar, Delhi - DPCC",20
site_301,Delhi,Delhi,"Anand Vihar, Delhi - DPCC",2025-06-21 20:30:00+00:00,2025-06-21 20:30:00+00:00,32.5,64.0,0.3,201.0,,0.0,5.0,743.0,,nh3,15.7,"Anand Vihar, Delhi - DPCC",20
site_301,Delhi,Delhi,"Anand Vihar, Delhi - DPCC",2025-06-21 20:30:00+00:00,2025-06-21 20:30:00+00:00,32.5,64.0,0.3,201.0,,0.0,5.0,743.0,,no,20.4,"Anand Vihar, Delhi - DPCC",20
site_301,Delhi,Delhi,"Anand Vihar, Delhi - DPCC",2025-06-21 20:30:00+00:00,2025-06-21 20:30:00+00:00,32.5,64.0,0.3,201.0,,0.0,5.0,743.0,,no2,46.5,"Anand Vihar, Delhi - DPCC",20
site_301,Delhi,Delhi,"Anand Vihar, Delhi - DPCC",2025-06-21 20:30:00+00:00,2025-06-21 20:30:00+00:00,32.5,64.0,0.3,201.0,,0.0,5.0,743.0,,ozone,14.0,"Anand Vihar, Delhi - DPCC",20
site_301,Delhi,Delhi,"Anand Vihar, Delhi - DPCC",2025-06-21 20:30:00+00:00,2025-06-21 20:30:00+00:00,32.5,64.0,0.3,201.0,,0.0,5.0,743.0,,pm10,85.0,"Anand Vihar, Delhi - DPCC",20
site_301,Delhi,Delhi,"Anand Vihar, Delhi - DPCC",2025-06-21 20:30:00+00:00,2025-06-21 20:30:00+00:00,32.5,64.0,0.3,201.0,,0.0,5.0,743.0,,pm25,9.0,"Anand Vihar, Delhi - DPCC",20
site_301,Delhi,Delhi,"Anand Vihar, Delhi - DPCC",2025-06-21 20:30:00+00:00,2025-06-21 20:30:00+00:00,32.5,64.0,0.3,201.0,,0.0,5.0,743.0,,so2,47.8,"Anand Vihar, Delhi - DPCC",20
site_301,Delhi,Delhi,"Anand Vihar, Delhi - DPCC",2025-06-21 20:30:00+00:00,2025-06-21 20:30:00+00:00,32.5,64.0,0.3,201.0,,0.0,5.0,743.0,,toluene,21.6,"Anand Vihar, Delhi - DPCC",20
site_1560,Delhi,Delhi,"Bawana, Delhi - DPCC",2025-06-21 20:30:00+00:00,2025-06-21 20:30:00+00:00,33.0,68.0,1.5,158.0,0.0,0.0,5.0,988.0,,benzene,3.4,"Bawana, Delhi - DPCC",20
site_1560,Delhi,Delhi,"Bawana, Delhi - DPCC",2025-06-21 20:30:00+00:00,2025-06-21 20:30:00+00:00,33.0,68.0,1.5,158.0,0.0,0.0,5.0,988.0,,no2,23.5,"Bawana, Delhi - DPCC",20
site_104,Delhi,Delhi,"Burari Crossing, Delhi - IMD",2025-06-21 20:30:00+00:00,2025-06-21 20:30:00+00:00,,,,,,0.0,,,,co,1.06,"Burari Crossing, Delhi - IMD",20
site_1560,Delhi,Delhi,"Bawana, Delhi - DPCC",2025-06-21 20:30:00+00:00,2025-06-21 20:30:00+00:00,33.0,68.0,1.5,158.0,0.0,0.0,5.0,988.0,,nh3,23.1,"Bawana, Delhi - DPCC",20
site_1560,Delhi,Delhi,"Bawana, Delhi - DPCC",2025-06-21 20:30:00+00:00,2025-06-21 20:30:00+00:00,33.0,68.0,1.5,158.0,0.0,0.0,5.0,988.0,,no,6.8,"Bawana, Delhi - DPCC",20
site_108,Delhi,Delhi,"Aya Nagar, Delhi - IMD",2025-06-21 20:30:00+00:00,2025-06-21 20:30:00+00:00,,,,,,0.0,,,,pm25,12.8,"Aya Nagar, Delhi - IMD",20
site_104,Delhi,Delhi,"Burari Crossing, Delhi - IMD",2025-06-21 20:30:00+00:00,2025-06-21 20:30:00+00:00,,,,,,0.0,,,,pm25,39.89,"Burari Crossing, Delhi - IMD",20
site_104,Delhi,Delhi,"Burari Crossing, Delhi - IMD",2025-06-21 20:30:00+00:00,2025-06-21 20:30:00+00:00,,,,,,0.0,,,,pm10,59.59,"Burari Crossing, Delhi - IMD",20
site_104,Delhi,Delhi,"Burari Crossing, Delhi - IMD",2025-06-21 20:30:00+00:00,2025-06-21 20:30:00+00:00,,,,,,0.0,,,,ozone,25.32,"Burari Crossing, Delhi - IMD",20
site_104,Delhi,Delhi,"Burari Crossing, Delhi - IMD",2025-06-21 20:30:00+00:00,2025-06-21 20:30:00+00:00,,,,,,0.0,,,,no2,43.72,"Burari Crossing, Delhi - IMD",20
site_104,Delhi,Delhi,"Burari Crossing, Delhi - IMD",2025-06-21 20:30:00+00:00,2025-06-21 20:30:00+00:00,,,,,,0.0,,,,no,9.42,"Burari Crossing, Delhi - IMD",20
site_1560,Delhi,Delhi,"Bawana, Delhi - DPCC",2025-06-21 20:30:00+00:00,2025-06-21 20:30:00+00:00,33.0,68.0,1.5,158.0,0.0,0.0,5.0,988.0,,ozone,8.1,"Bawana, Delhi - DPCC",20
site_1560,Delhi,Delhi,"Bawana, Delhi - DPCC",2025-06-21 20:30:00+00:00,2025-06-21 20:30:00+00:00,33.0,68.0,1.5,158.0,0.0,0.0,5.0,988.0,,toluene,29.9,"Bawana, Delhi - DPCC",20
site_1560,Delhi,Delhi,"Bawana, Delhi - DPCC",2025-06-21 20:30:00+00:00,2025-06-21 20:30:00+00:00,33.0,68.0,1.5,158.0,0.0,0.0,5.0,988.0,,so2,5.0,"Bawana, Delhi - DPCC",20
site_1560,Delhi,Delhi,"Bawana, Delhi - DPCC",2025-06-21 20:30:00+00:00,2025-06-21 20:30:00+00:00,33.0,68.0,1.5,158.0,0.0,0.0,5.0,988.0,,pm25,35.0,"Bawana, Delhi - DPCC",20
site_1560,Delhi,Delhi,"Bawana, Delhi - DPCC",2025-06-21 20:30:00+00:00,2025-06-21 20:30:00+00:00,33.0,68.0,1.5,158.0,0.0,0.0,5.0,988.0,,pm10,114.0,"Bawana, Delhi - DPCC",20
site_104,Delhi,Delhi,"Burari Crossing, Delhi - IMD",2025-06-21 20:45:00+00:00,2025-06-21 20:45:00+00:00,,,,,,0.0,,,,no2,38.19,"Burari Crossing, Delhi - IMD",20
site_104,Delhi,Delhi,"Burari Crossing, Delhi - IMD",2025-06-21 20:45:00+00:00,2025-06-21 20:45:00+00:00,,,,,,0.0,,,,pm25,37.7,"Burari Crossing, Delhi - IMD",20
site_104,Delhi,Delhi,"Burari Crossing, Delhi - IMD",2025-06-21 20:45:00+00:00,2025-06-21 20:45:00+00:00,,,,,,0.0,,,,pm10,62.36,"Burari Crossing, Delhi - IMD",20
site_104,Delhi,Delhi,"Burari Crossing, Delhi - IMD",2025-06-21 20:45:00+00:00,2025-06-21 20:45:00+00:00,,,,,,0.0,,,,co,0.91,"Burari Crossing, Delhi - IMD",20
site_104,Delhi,Delhi,"Burari Crossing, Delhi - IMD",2025-06-21 20:45:00+00:00,2025-06-21 20:45:00+00:00,,,,,,0.0,,,,no,8.92,"Burari Crossing, Delhi - IMD",20
site_104,Delhi,Delhi,"Burari Crossing, Delhi - IMD",2025-06-21 20:45:00+00:00,2025-06-21 20:45:00+00:00,,,,,,0.0,,,,ozone,38.66,"Burari Crossing, Delhi - IMD",20
site_5024,Delhi,Delhi,"Alipur, Delhi - DPCC",2025-06-21 20:45:00+00:00,2025-06-21 20:45:00+00:00,32.4,64.0,,2.0,0.0,0.0,5.0,977.0,,no,3.6,"Alipur, Delhi - DPCC",20
site_1420,Delhi,Delhi,"Ashok Vihar, Delhi - DPCC",2025-06-21 20:45:00+00:00,2025-06-21 20:45:00+00:00,31.9,68.0,1.6,156.0,0.0,0.0,10.0,982.0,,co,1.17,"Ashok Vihar, Delhi - DPCC",20
site_301,Delhi,Delhi,"Anand Vihar, Delhi - DPCC",2025-06-21 20:45:00+00:00,2025-06-21 20:45:00+00:00,32.5,65.0,0.3,166.0,,0.0,5.0,743.0,,toluene,20.3,"Anand Vihar, Delhi - DPCC",20
site_301,Delhi,Delhi,"Anand Vihar, Delhi - DPCC",2025-06-21 20:45:00+00:00,2025-06-21 20:45:00+00:00,32.5,65.0,0.3,166.0,,0.0,5.0,743.0,,so2,43.3,"Anand Vihar, Delhi - DPCC",20
site_301,Delhi,Delhi,"Anand Vihar, Delhi - DPCC",2025-06-21 20:45:00+00:00,2025-06-21 20:45:00+00:00,32.5,65.0,0.3,166.0,,0.0,5.0,743.0,,pm25,9.0,"Anand Vihar, Delhi - DPCC",20
site_301,Delhi,Delhi,"Anand Vihar, Delhi - DPCC",2025-06-21 20:45:00+00:00,2025-06-21 20:45:00+00:00,32.5,65.0,0.3,166.0,,0.0,5.0,743.0,,pm10,85.0,"Anand Vihar, Delhi - DPCC",20
site_301,Delhi,Delhi,"Anand Vihar, Delhi - DPCC",2025-06-21 20:45:00+00:00,2025-06-21 20:45:00+00:00,32.5,65.0,0.3,166.0,,0.0,5.0,743.0,,ozone,11.2,"Anand Vihar, Delhi - DPCC",20
site_301,Delhi,Delhi,"Anand Vihar, Delhi - DPCC",2025-06-21 20:45:00+00:00,2025-06-21 20:45:00+00:00,32.5,65.0,0.3,166.0,,0.0,5.0,743.0,,no2,49.6,"Anand Vihar, Delhi - DPCC",20
site_1420,Delhi,Delhi,"Ashok Vihar, Delhi - DPCC",2025-06-21 20:45:00+00:00,2025-06-21 20:45:00+00:00,31.9,68.0,1.6,156.0,0.0,0.0,10.0,982.0,,benzene,0.3,"Ashok Vihar, Delhi - DPCC",20
site_301,Delhi,Delhi,"Anand Vihar, Delhi - DPCC",2025-06-21 20:45:00+00:00,2025-06-21 20:45:00+00:00,32.5,65.0,0.3,166.0,,0.0,5.0,743.0,,no,25.0,"Anand Vihar, Delhi - DPCC",20
site_301,Delhi,Delhi,"Anand Vihar, Delhi - DPCC",2025-06-21 20:45:00+00:00,2025-06-21 20:45:00+00:00,32.5,65.0,0.3,166.0,,0.0,5.0,743.0,,co,2.23,"Anand Vihar, Delhi - DPCC",20
site_301,Delhi,Delhi,"Anand Vihar, Delhi - DPCC",2025-06-21 20:45:00+00:00,2025-06-21 20:45:00+00:00,32.5,65.0,0.3,166.0,,0.0,5.0,743.0,,benzene,1.8,"Anand Vihar, Delhi - DPCC",20
site_5024,Delhi,Delhi,"Alipur, Delhi - DPCC",2025-06-21 20:45:00+00:00,2025-06-21 20:45:00+00:00,32.4,64.0,,2.0,0.0,0.0,5.0,977.0,,co,1.18,"Alipur, Delhi - DPCC",20
site_108,Delhi,Delhi,"Aya Nagar, Delhi - IMD",2025-06-21 20:45:00+00:00,2025-06-21 20:45:00+00:00,,,,,,0.0,,,,no,6.39,"Aya Nagar, Delhi - IMD",20
site_108,Delhi,Delhi,"Aya Nagar, Delhi - IMD",2025-06-21 20:45:00+00:00,2025-06-21 20:45:00+00:00,,,,,,0.0,,,,no2,19.62,"Aya Nagar, Delhi - IMD",20
site_108,Delhi,Delhi,"Aya Nagar, Delhi - IMD",2025-06-21 20:45:00+00:00,2025-06-21 20:45:00+00:00,,,,,,0.0,,,,ozone,50.44,"Aya Nagar, Delhi - IMD",20
site_301,Delhi,Delhi,"Anand Vihar, Delhi - DPCC",2025-06-21 20:45:00+00:00,2025-06-21 20:45:00+00:00,32.5,65.0,0.3,166.0,,0.0,5.0,743.0,,nh3,14.8,"Anand Vihar, Delhi - DPCC",20
site_108,Delhi,Delhi,"Aya Nagar, Delhi - IMD",2025-06-21 20:45:00+00:00,2025-06-21 20:45:00+00:00,,,,,,0.0,,,,pm10,72.64,"Aya Nagar, Delhi - IMD",20
site_1560,Delhi,Delhi,"Bawana, Delhi - DPCC",2025-06-21 20:45:00+00:00,2025-06-21 20:45:00+00:00,33.0,67.0,1.7,167.0,0.0,0.0,5.0,989.0,,toluene,38.0,"Bawana, Delhi - DPCC",20
site_1560,Delhi,Delhi,"Bawana, Delhi - DPCC",2025-06-21 20:45:00+00:00,2025-06-21 20:45:00+00:00,33.0,67.0,1.7,167.0,0.0,0.0,5.0,989.0,,pm25,35.0,"Bawana, Delhi - DPCC",20
site_5024,Delhi,Delhi,"Alipur, Delhi - DPCC",2025-06-21 20:45:00+00:00,2025-06-21 20:45:00+00:00,32.4,64.0,,2.0,0.0,0.0,5.0,977.0,,no2,53.1,"Alipur, Delhi - DPCC",20
site_5024,Delhi,Delhi,"Alipur, Delhi - DPCC",2025-06-21 20:45:00+00:00,2025-06-21 20:45:00+00:00,32.4,64.0,,2.0,0.0,0.0,5.0,977.0,,ozone,9.3,"Alipur, Delhi - DPCC",20
site_5024,Delhi,Delhi,"Alipur, Delhi - DPCC",2025-06-21 20:45:00+00:00,2025-06-21 20:45:00+00:00,32.4,64.0,,2.0,0.0,0.0,5.0,977.0,,pm10,116.0,"Alipur, Delhi - DPCC",20
site_5024,Delhi,Delhi,"Alipur, Delhi - DPCC",2025-06-21 20:45:00+00:00,2025-06-21 20:45:00+00:00,32.4,64.0,,2.0,0.0,0.0,5.0,977.0,,pm25,38.0,"Alipur, Delhi - DPCC",20
site_5024,Delhi,Delhi,"Alipur, Delhi - DPCC",2025-06-21 20:45:00+00:00,2025-06-21 20:45:00+00:00,32.4,64.0,,2.0,0.0,0.0,5.0,977.0,,so2,13.3,"Alipur, Delhi - DPCC",20
site_5024,Delhi,Delhi,"Alipur, Delhi - DPCC",2025-06-21 20:45:00+00:00,2025-06-21 20:45:00+00:00,32.4,64.0,,2.0,0.0,0.0,5.0,977.0,,toluene,0.6,"Alipur, Delhi - DPCC",20
site_1560,Delhi,Delhi,"Bawana, Delhi - DPCC",2025-06-21 20:45:00+00:00,2025-06-21 20:45:00+00:00,33.0,67.0,1.7,167.0,0.0,0.0,5.0,989.0,,so2,5.1,"Bawana, Delhi - DPCC",20
site_5024,Delhi,Delhi,"Alipur, Delhi - DPCC",2025-06-21 20:45:00+00:00,2025-06-21 20:45:00+00:00,32.4,64.0,,2.0,0.0,0.0,5.0,977.0,,benzene,0.2,"Alipur, Delhi - DPCC",20
site_1560,Delhi,Delhi,"Bawana, Delhi - DPCC",2025-06-21 20:45:00+00:00,2025-06-21 20:45:00+00:00,33.0,67.0,1.7,167.0,0.0,0.0,5.0,989.0,,co,1.21,"Bawana, Delhi - DPCC",20
site_1560,Delhi,Delhi,"Bawana, Delhi - DPCC",2025-06-21 20:45:00+00:00,2025-06-21 20:45:00+00:00,33.0,67.0,1.7,167.0,0.0,0.0,5.0,989.0,,nh3,23.1,"Bawana, Delhi - DPCC",20
site_1560,Delhi,Delhi,"Bawana, Delhi - DPCC",2025-06-21 20:45:00+00:00,2025-06-21 20:45:00+00:00,33.0,67.0,1.7,167.0,0.0,0.0,5.0,989.0,,no,7.1,"Bawana, Delhi - DPCC",20
site_1560,Delhi,Delhi,"Bawana, Delhi - DPCC",2025-06-21 20:45:00+00:00,2025-06-21 20:45:00+00:00,33.0,67.0,1.7,167.0,0.0,0.0,5.0,989.0,,no2,24.5,"Bawana, Delhi - DPCC",20
site_1560,Delhi,Delhi,"Bawana, Delhi - DPCC",2025-06-21 20:45:00+00:00,2025-06-21 20:45:00+00:00,33.0,67.0,1.7,167.0,0.0,0.0,5.0,989.0,,ozone,8.1,"Bawana, Delhi - DPCC",20
site_1560,Delhi,Delhi,"Bawana, Delhi - DPCC",2025-06-21 20:45:00+00:00,2025-06-21 20:45:00+00:00,33.0,67.0,1.7,167.0,0.0,0.0,5.0,989.0,,pm10,114.0,"Bawana, Delhi - DPCC",20
site_1560,Delhi,Delhi,"Bawana, Delhi - DPCC",2025-06-21 20:45:00+00:00,2025-06-21 20:45:00+00:00,33.0,67.0,1.7,167.0,0.0,0.0,5.0,989.0,,benzene,4.1,"Bawana, Delhi - DPCC",20
site_108,Delhi,Delhi,"Aya Nagar, Delhi - IMD",2025-06-21 20:45:00+00:00,2025-06-21 20:45:00+00:00,,,,,,0.0,,,,pm25,12.29,"Aya Nagar, Delhi - IMD",20
site_108,Delhi,Delhi,"Aya Nagar, Delhi - IMD",2025-06-21 20:45:00+00:00,2025-06-21 20:45:00+00:00,,,,,,0.0,,,,co,1.21,"Aya Nagar, Delhi - IMD",20
site_1420,Delhi,Delhi,"Ashok Vihar, Delhi - DPCC",2025-06-21 20:45:00+00:00,2025-06-21 20:45:00+00:00,31.9,68.0,1.6,156.0,0.0,0.0,10.0,982.0,,no2,44.3,"Ashok Vihar, Delhi - DPCC",20
site_1420,Delhi,Delhi,"Ashok Vihar, Delhi - DPCC",2025-06-21 20:45:00+00:00,2025-06-21 20:45:00+00:00,31.9,68.0,1.6,156.0,0.0,0.0,10.0,982.0,,ozone,1.1,"Ashok Vihar, Delhi - DPCC",20
site_1420,Delhi,Delhi,"Ashok Vihar, Delhi - DPCC",2025-06-21 20:45:00+00:00,2025-06-21 20:45:00+00:00,31.9,68.0,1.6,156.0,0.0,0.0,10.0,982.0,,pm10,83.0,"Ashok Vihar, Delhi - DPCC",20
site_1420,Delhi,Delhi,"Ashok Vihar, Delhi - DPCC",2025-06-21 20:45:00+00:00,2025-06-21 20:45:00+00:00,31.9,68.0,1.6,156.0,0.0,0.0,10.0,982.0,,pm25,27.0,"Ashok Vihar, Delhi - DPCC",20
site_1420,Delhi,Delhi,"Ashok Vihar, Delhi - DPCC",2025-06-21 20:45:00+00:00,2025-06-21 20:45:00+00:00,31.9,68.0,1.6,156.0,0.0,0.0,10.0,982.0,,so2,6.4,"Ashok Vihar, Delhi - DPCC",20
site_1420,Delhi,Delhi,"Ashok Vihar, Delhi - DPCC",2025-06-21 20:45:00+00:00,2025-06-21 20:45:00+00:00,31.9,68.0,1.6,156.0,0.0,0.0,10.0,982.0,,no,4.3,"Ashok Vihar, Delhi - DPCC",20
site_1420,Delhi,Delhi,"Ashok Vihar, Delhi - DPCC",2025-06-21 20:45:00+00:00,2025-06-21 20:45:00+00:00,31.9,68.0,1.6,156.0,0.0,0.0,10.0,982.0,,nh3,26.3,"Ashok Vihar, Delhi - DPCC",20
site_1420,Delhi,Delhi,"Ashok Vihar, Delhi - DPCC",2025-06-21 20:45:00+00:00,2025-06-21 20:45:00+00:00,31.9,68.0,1.6,156.0,0.0,0.0,10.0,982.0,,toluene,2.0,"Ashok Vihar, Delhi - DPCC",20
site_1560,Delhi,Delhi,"Bawana, Delhi - DPCC",2025-06-21 21:00:00+00:00,2025-06-21 21:00:00+00:00,33.1,67.0,1.6,158.0,0.0,0.0,5.0,988.0,,no,7.4,"Bawana, Delhi - DPCC",21
site_1560,Delhi,Delhi,"Bawana, Delhi - DPCC",2025-06-21 21:00:00+00:00,2025-06-21 21:00:00+00:00,33.1,67.0,1.6,158.0,0.0,0.0,5.0,988.0,,no2,23.8,"Bawana, Delhi - DPCC",21
site_1560,Delhi,Delhi,"Bawana, Delhi - DPCC",2025-06-21 21:00:00+00:00,2025-06-21 21:00:00+00:00,33.1,67.0,1.6,158.0,0.0,0.0,5.0,988.0,,ozone,9.6,"Bawana, Delhi - DPCC",21
site_1560,Delhi,Delhi,"Bawana, Delhi - DPCC",2025-06-21 21:00:00+00:00,2025-06-21 21:00:00+00:00,33.1,67.0,1.6,158.0,0.0,0.0,5.0,988.0,,pm10,146.0,"Bawana, Delhi - DPCC",21
site_108,Delhi,Delhi,"Aya Nagar, Delhi - IMD",2025-06-21 21:00:00+00:00,2025-06-21 21:00:00+00:00,,,,,,0.0,,,,no,6.05,"Aya Nagar, Delhi - IMD",21
site_1560,Delhi,Delhi,"Bawana, Delhi - DPCC",2025-06-21 21:00:00+00:00,2025-06-21 21:00:00+00:00,33.1,67.0,1.6,158.0,0.0,0.0,5.0,988.0,,so2,5.1,"Bawana, Delhi - DPCC",21
site_1560,Delhi,Delhi,"Bawana, Delhi - DPCC",2025-06-21 21:00:00+00:00,2025-06-21 21:00:00+00:00,33.1,67.0,1.6,158.0,0.0,0.0,5.0,988.0,,benzene,3.7,"Bawana, Delhi - DPCC",21
site_1560,Delhi,Delhi,"Bawana, Delhi - DPCC",2025-06-21 21:00:00+00:00,2025-06-21 21:00:00+00:00,33.1,67.0,1.6,158.0,0.0,0.0,5.0,988.0,,toluene,31.3,"Bawana, Delhi - DPCC",21
site_5024,Delhi,Delhi,"Alipur, Delhi - DPCC",2025-06-21 21:00:00+00:00,2025-06-21 21:00:00+00:00,32.3,65.0,,2.0,0.0,0.0,5.0,977.0,,pm10,147.0,"Alipur, Delhi - DPCC",21
site_5024,Delhi,Delhi,"Alipur, Delhi - DPCC",2025-06-21 21:00:00+00:00,2025-06-21 21:00:00+00:00,32.3,65.0,,2.0,0.0,0.0,5.0,977.0,,ozone,7.4,"Alipur, Delhi - DPCC",21
site_1420,Delhi,Delhi,"Ashok Vihar, Delhi - DPCC",2025-06-21 21:00:00+00:00,2025-06-21 21:00:00+00:00,32.0,68.0,1.5,138.0,0.0,0.0,10.0,982.0,,so2,6.9,"Ashok Vihar, Delhi - DPCC",21
site_1420,Delhi,Delhi,"Ashok Vihar, Delhi - DPCC",2025-06-21 21:00:00+00:00,2025-06-21 21:00:00+00:00,32.0,68.0,1.5,138.0,0.0,0.0,10.0,982.0,,pm25,42.0,"Ashok Vihar, Delhi - DPCC",21
site_5024,Delhi,Delhi,"Alipur, Delhi - DPCC",2025-06-21 21:00:00+00:00,2025-06-21 21:00:00+00:00,32.3,65.0,,2.0,0.0,0.0,5.0,977.0,,no2,55.6,"Alipur, Delhi - DPCC",21
site_1560,Delhi,Delhi,"Bawana, Delhi - DPCC",2025-06-21 21:00:00+00:00,2025-06-21 21:00:00+00:00,33.1,67.0,1.6,158.0,0.0,0.0,5.0,988.0,,nh3,23.4,"Bawana, Delhi - DPCC",21
site_1560,Delhi,Delhi,"Bawana, Delhi - DPCC",2025-06-21 21:00:00+00:00,2025-06-21 21:00:00+00:00,33.1,67.0,1.6,158.0,0.0,0.0,5.0,988.0,,pm25,51.0,"Bawana, Delhi - DPCC",21
site_301,Delhi,Delhi,"Anand Vihar, Delhi - DPCC",2025-06-21 21:00:00+00:00,2025-06-21 21:00:00+00:00,32.4,65.0,0.4,181.0,,0.0,5.0,743.0,,ozone,12.8,"Anand Vihar, Delhi - DPCC",21
site_5024,Delhi,Delhi,"Alipur, Delhi - DPCC",2025-06-21 21:00:00+00:00,2025-06-21 21:00:00+00:00,32.3,65.0,,2.0,0.0,0.0,5.0,977.0,,benzene,0.3,"Alipur, Delhi - DPCC",21
site_108,Delhi,Delhi,"Aya Nagar, Delhi - IMD",2025-06-21 21:00:00+00:00,2025-06-21 21:00:00+00:00,,,,,,0.0,,,,no2,19.04,"Aya Nagar, Delhi - IMD",21
site_108,Delhi,Delhi,"Aya Nagar, Delhi - IMD",2025-06-21 21:00:00+00:00,2025-06-21 21:00:00+00:00,,,,,,0.0,,,,ozone,50.51,"Aya Nagar, Delhi - IMD",21
site_108,Delhi,Delhi,"Aya Nagar, Delhi - IMD",2025-06-21 21:00:00+00:00,2025-06-21 21:00:00+00:00,,,,,,0.0,,,,pm10,69.77,"Aya Nagar, Delhi - IMD",21
site_108,Delhi,Delhi,"Aya Nagar, Delhi - IMD",2025-06-21 21:00:00+00:00,2025-06-21 21:00:00+00:00,,,,,,0.0,,,,pm25,18.39,"Aya Nagar, Delhi - IMD",21
site_301,Delhi,Delhi,"Anand Vihar, Delhi - DPCC",2025-06-21 21:00:00+00:00,2025-06-21 21:00:00+00:00,32.4,65.0,0.4,181.0,,0.0,5.0,743.0,,benzene,1.9,"Anand Vihar, Delhi - DPCC",21
site_301,Delhi,Delhi,"Anand Vihar, Delhi - DPCC",2025-06-21 21:00:00+00:00,2025-06-21 21:00:00+00:00,32.4,65.0,0.4,181.0,,0.0,5.0,743.0,,co,2.24,"Anand Vihar, Delhi - DPCC",21
site_301,Delhi,Delhi,"Anand Vihar, Delhi - DPCC",2025-06-21 21:00:00+00:00,2025-06-21 21:00:00+00:00,32.4,65.0,0.4,181.0,,0.0,5.0,743.0,,nh3,13.3,"Anand Vihar, Delhi - DPCC",21
site_301,Delhi,Delhi,"Anand Vihar, Delhi - DPCC",2025-06-21 21:00:00+00:00,2025-06-21 21:00:00+00:00,32.4,65.0,0.4,181.0,,0.0,5.0,743.0,,no,24.9,"Anand Vihar, Delhi - DPCC",21
site_301,Delhi,Delhi,"Anand Vihar, Delhi - DPCC",2025-06-21 21:00:00+00:00,2025-06-21 21:00:00+00:00,32.4,65.0,0.4,181.0,,0.0,5.0,743.0,,no2,42.4,"Anand Vihar, Delhi - DPCC",21
site_301,Delhi,Delhi,"Anand Vihar, Delhi - DPCC",2025-06-21 21:00:00+00:00,2025-06-21 21:00:00+00:00,32.4,65.0,0.4,181.0,,0.0,5.0,743.0,,pm10,97.0,"Anand Vihar, Delhi - DPCC",21
site_301,Delhi,Delhi,"Anand Vihar, Delhi - DPCC",2025-06-21 21:00:00+00:00,2025-06-21 21:00:00+00:00,32.4,65.0,0.4,181.0,,0.0,5.0,743.0,,pm25,22.0,"Anand Vihar, Delhi - DPCC",21
site_301,Delhi,Delhi,"Anand Vihar, Delhi - DPCC",2025-06-21 21:00:00+00:00,2025-06-21 21:00:00+00:00,32.4,65.0,0.4,181.0,,0.0,5.0,743.0,,so2,41.4,"Anand Vihar, Delhi - DPCC",21
site_5024,Delhi,Delhi,"Alipur, Delhi - DPCC",2025-06-21 21:00:00+00:00,2025-06-21 21:00:00+00:00,32.3,65.0,,2.0,0.0,0.0,5.0,977.0,,no,3.6,"Alipur, Delhi - DPCC",21
site_5024,Delhi,Delhi,"Alipur, Delhi - DPCC",2025-06-21 21:00:00+00:00,2025-06-21 21:00:00+00:00,32.3,65.0,,2.0,0.0,0.0,5.0,977.0,,nh3,54.0,"Alipur, Delhi - DPCC",21
site_5024,Delhi,Delhi,"Alipur, Delhi - DPCC",2025-06-21 21:00:00+00:00,2025-06-21 21:00:00+00:00,32.3,65.0,,2.0,0.0,0.0,5.0,977.0,,co,1.28,"Alipur, Delhi - DPCC",21
site_1420,Delhi,Delhi,"Ashok Vihar, Delhi - DPCC",2025-06-21 21:00:00+00:00,2025-06-21 21:00:00+00:00,32.0,68.0,1.5,138.0,0.0,0.0,10.0,982.0,,pm10,95.0,"Ashok Vihar, Delhi - DPCC",21
site_1420,Delhi,Delhi,"Ashok Vihar, Delhi - DPCC",2025-06-21 21:00:00+00:00,2025-06-21 21:00:00+00:00,32.0,68.0,1.5,138.0,0.0,0.0,10.0,982.0,,ozone,14.7,"Ashok Vihar, Delhi - DPCC",21
site_1560,Delhi,Delhi,"Bawana, Delhi - DPCC",2025-06-21 21:00:00+00:00,2025-06-21 21:00:00+00:00,33.1,67.0,1.6,158.0,0.0,0.0,5.0,988.0,,co,1.17,"Bawana, Delhi - DPCC",21
site_1420,Delhi,Delhi,"Ashok Vihar, Delhi - DPCC",2025-06-21 21:00:00+00:00,2025-06-21 21:00:00+00:00,32.0,68.0,1.5,138.0,0.0,0.0,10.0,982.0,,no,4.4,"Ashok Vihar, Delhi - DPCC",21
site_1420,Delhi,Delhi,"Ashok Vihar, Delhi - DPCC",2025-06-21 21:00:00+00:00,2025-06-21 21:00:00+00:00,32.0,68.0,1.5,138.0,0.0,0.0,10.0,982.0,,toluene,2.0,"Ashok Vihar, Delhi - DPCC",21
site_1420,Delhi,Delhi,"Ashok Vihar, Delhi - DPCC",2025-06-21 21:00:00+00:00,2025-06-21 21:00:00+00:00,32.0,68.0,1.5,138.0,0.0,0.0,10.0,982.0,,no2,35.9,"Ashok Vihar, Delhi - DPCC",21
site_104,Delhi,Delhi,"Burari Crossing, Delhi - IMD",2025-06-21 21:00:00+00:00,2025-06-21 21:00:00+00:00,,,,,,0.0,,,,pm25,29.84,"Burari Crossing, Delhi - IMD",21
site_104,Delhi,Delhi,"Burari Crossing, Delhi - IMD",2025-06-21 21:00:00+00:00,2025-06-21 21:00:00+00:00,,,,,,0.0,,,,pm10,55.23,"Burari Crossing, Delhi - IMD",21
site_104,Delhi,Delhi,"Burari Crossing, Delhi - IMD",2025-06-21 21:00:00+00:00,2025-06-21 21:00:00+00:00,,,,,,0.0,,,,ozone,43.6,"Burari Crossing, Delhi - IMD",21
site_104,Delhi,Delhi,"Burari Crossing, Delhi - IMD",2025-06-21 21:00:00+00:00,2025-06-21 21:00:00+00:00,,,,,,0.0,,,,no2,35.96,"Burari Crossing, Delhi - IMD",21
site_104,Delhi,Delhi,"Burari Crossing, Delhi - IMD",2025-06-21 21:00:00+00:00,2025-06-21 21:00:00+00:00,,,,,,0.0,,,,no,8.45,"Burari Crossing, Delhi - IMD",21
site_104,Delhi,Delhi,"Burari Crossing, Delhi - IMD",2025-06-21 21:00:00+00:00,2025-06-21 21:00:00+00:00,,,,,,0.0,,,,co,0.89,"Burari Crossing, Delhi - IMD",21
site_108,Delhi,Delhi,"Aya Nagar, Delhi - IMD",2025-06-21 21:00:00+00:00,2025-06-21 21:00:00+00:00,,,,,,0.0,,,,co,1.22,"Aya Nagar, Delhi - IMD",21
site_301,Delhi,Delhi,"Anand Vihar, Delhi - DPCC",2025-06-21 21:00:00+00:00,2025-06-21 21:00:00+00:00,32.4,65.0,0.4,181.0,,0.0,5.0,743.0,,toluene,19.3,"Anand Vihar, Delhi - DPCC",21
site_1420,Delhi,Delhi,"Ashok Vihar, Delhi - DPCC",2025-06-21 21:00:00+00:00,2025-06-21 21:00:00+00:00,32.0,68.0,1.5,138.0,0.0,0.0,10.0,982.0,,nh3,27.3,"Ashok Vihar, Delhi - DPCC",21
site_1420,Delhi,Delhi,"Ashok Vihar, Delhi - DPCC",2025-06-21 21:00:00+00:00,2025-06-21 21:00:00+00:00,32.0,68.0,1.5,138.0,0.0,0.0,10.0,982.0,,co,1.11,"Ashok Vihar, Delhi - DPCC",21
site_1420,Delhi,Delhi,"Ashok Vihar, Delhi - DPCC",2025-06-21 21:00:00+00:00,2025-06-21 21:00:00+00:00,32.0,68.0,1.5,138.0,0.0,0.0,10.0,982.0,,benzene,0.3,"Ashok Vihar, Delhi - DPCC",21
site_5024,Delhi,Delhi,"Alipur, Delhi - DPCC",2025-06-21 21:00:00+00:00,2025-06-21 21:00:00+00:00,32.3,65.0,,2.0,0.0,0.0,5.0,977.0,,pm25,61.0,"Alipur, Delhi - DPCC",21
site_5024,Delhi,Delhi,"Alipur, Delhi - DPCC",2025-06-21 21:00:00+00:00,2025-06-21 21:00:00+00:00,32.3,65.0,,2.0,0.0,0.0,5.0,977.0,,so2,12.7,"Alipur, Delhi - DPCC",21
site_5024,Delhi,Delhi,"Alipur, Delhi - DPCC",2025-06-21 21:00:00+00:00,2025-06-21 21:00:00+00:00,32.3,65.0,,2.0,0.0,0.0,5.0,977.0,,toluene,0.6,"Alipur, Delhi - DPCC",21
site_5024,Delhi,Delhi,"Alipur, Delhi - DPCC",2025-06-21 21:15:00+00:00,2025-06-21 21:15:00+00:00,32.1,65.0,,71.0,0.0,0.0,5.0,978.0,,pm10,147.0,"Alipur, Delhi - DPCC",21
site_1420,Delhi,Delhi,"Ashok Vihar, Delhi - DPCC",2025-06-21 21:15:00+00:00,2025-06-21 21:15:00+00:00,31.9,69.0,1.0,166.0,0.0,0.0,10.0,982.0,,benzene,0.4,"Ashok Vihar, Delhi - DPCC",21
site_1420,Delhi,Delhi,"Ashok Vihar, Delhi - DPCC",2025-06-21 21:15:00+00:00,2025-06-21 21:15:00+00:00,31.9,69.0,1.0,166.0,0.0,0.0,10.0,982.0,,co,1.08,"Ashok Vihar, Delhi - DPCC",21
site_1420,Delhi,Delhi,"Ashok Vihar, Delhi - DPCC",2025-06-21 21:15:00+00:00,2025-06-21 21:15:00+00:00,31.9,69.0,1.0,166.0,0.0,0.0,10.0,982.0,,nh3,27.3,"Ashok Vihar, Delhi - DPCC",21
site_5024,Delhi,Delhi,"Alipur, Delhi - DPCC",2025-06-21 21:15:00+00:00,2025-06-21 21:15:00+00:00,32.1,65.0,,71.0,0.0,0.0,5.0,978.0,,pm25,61.0,"Alipur, Delhi - DPCC",21
site_301,Delhi,Delhi,"Anand Vihar, Delhi - DPCC",2025-06-21 21:15:00+00:00,2025-06-21 21:15:00+00:00,32.5,64.0,0.4,190.0,,0.0,5.0,743.0,,nh3,12.8,"Anand Vihar, Delhi - DPCC",21
site_1420,Delhi,Delhi,"Ashok Vihar, Delhi - DPCC",2025-06-21 21:15:00+00:00,2025-06-21 21:15:00+00:00,31.9,69.0,1.0,166.0,0.0,0.0,10.0,982.0,,no2,34.1,"Ashok Vihar, Delhi - DPCC",21
site_1420,Delhi,Delhi,"Ashok Vihar, Delhi - DPCC",2025-06-21 21:15:00+00:00,2025-06-21 21:15:00+00:00,31.9,69.0,1.0,166.0,0.0,0.0,10.0,982.0,,ozone,21.2,"Ashok Vihar, Delhi - DPCC",21
site_1420,Delhi,Delhi,"Ashok Vihar, Delhi - DPCC",2025-06-21 21:15:00+00:00,2025-06-21 21:15:00+00:00,31.9,69.0,1.0,166.0,0.0,0.0,10.0,982.0,,pm10,95.0,"Ashok Vihar, Delhi - DPCC",21
site_1420,Delhi,Delhi,"Ashok Vihar, Delhi - DPCC",2025-06-21 21:15:00+00:00,2025-06-21 21:15:00+00:00,31.9,69.0,1.0,166.0,0.0,0.0,10.0,982.0,,pm25,42.0,"Ashok Vihar, Delhi - DPCC",21
site_1420,Delhi,Delhi,"Ashok Vihar, Delhi - DPCC",2025-06-21 21:15:00+00:00,2025-06-21 21:15:00+00:00,31.9,69.0,1.0,166.0,0.0,0.0,10.0,982.0,,so2,6.2,"Ashok Vihar, Delhi - DPCC",21
site_1420,Delhi,Delhi,"Ashok Vihar, Delhi - DPCC",2025-06-21 21:15:00+00:00,2025-06-21 21:15:00+00:00,31.9,69.0,1.0,166.0,0.0,0.0,10.0,982.0,,toluene,2.5,"Ashok Vihar, Delhi - DPCC",21
site_5024,Delhi,Delhi,"Alipur, Delhi - DPCC",2025-06-21 21:15:00+00:00,2025-06-21 21:15:00+00:00,32.1,65.0,,71.0,0.0,0.0,5.0,978.0,,ozone,7.1,"Alipur, Delhi - DPCC",21
site_5024,Delhi,Delhi,"Alipur, Delhi - DPCC",2025-06-21 21:15:00+00:00,2025-06-21 21:15:00+00:00,32.1,65.0,,71.0,0.0,0.0,5.0,978.0,,no2,54.6,"Alipur, Delhi - DPCC",21
site_5024,Delhi,Delhi,"Alipur, Delhi - DPCC",2025-06-21 21:15:00+00:00,2025-06-21 21:15:00+00:00,32.1,65.0,,71.0,0.0,0.0,5.0,978.0,,no,3.7,"Alipur, Delhi - DPCC",21
site_5024,Delhi,Delhi,"Alipur, Delhi - DPCC",2025-06-21 21:15:00+00:00,2025-06-21 21:15:00+00:00,32.1,65.0,,71.0,0.0,0.0,5.0,978.0,,nh3,54.3,"Alipur, Delhi - DPCC",21
site_1420,Delhi,Delhi,"Ashok Vihar, Delhi - DPCC",2025-06-21 21:15:00+00:00,2025-06-21 21:15:00+00:00,31.9,69.0,1.0,166.0,0.0,0.0,10.0,982.0,,no,4.6,"Ashok Vihar, Delhi - DPCC",21
site_5024,Delhi,Delhi,"Alipur, Delhi - DPCC",2025-06-21 21:15:00+00:00,2025-06-21 21:15:00+00:00,32.1,65.0,,71.0,0.0,0.0,5.0,978.0,,so2,11.1,"Alipur, Delhi - DPCC",21
site_104,Delhi,Delhi,"Burari Crossing, Delhi - IMD",2025-06-21 21:15:00+00:00,2025-06-21 21:15:00+00:00,,,,,,0.0,,,,pm25,23.52,"Burari Crossing, Delhi - IMD",21
site_5024,Delhi,Delhi,"Alipur, Delhi - DPCC",2025-06-21 21:15:00+00:00,2025-06-21 21:15:00+00:00,32.1,65.0,,71.0,0.0,0.0,5.0,978.0,,co,1.2,"Alipur, Delhi - DPCC",21
site_301,Delhi,Delhi,"Anand Vihar, Delhi - DPCC",2025-06-21 21:15:00+00:00,2025-06-21 21:15:00+00:00,32.5,64.0,0.4,190.0,,0.0,5.0,743.0,,no,17.5,"Anand Vihar, Delhi - DPCC",21
site_301,Delhi,Delhi,"Anand Vihar, Delhi - DPCC",2025-06-21 21:15:00+00:00,2025-06-21 21:15:00+00:00,32.5,64.0,0.4,190.0,,0.0,5.0,743.0,,no2,46.6,"Anand Vihar, Delhi - DPCC",21
site_301,Delhi,Delhi,"Anand Vihar, Delhi - DPCC",2025-06-21 21:15:00+00:00,2025-06-21 21:15:00+00:00,32.5,64.0,0.4,190.0,,0.0,5.0,743.0,,ozone,11.6,"Anand Vihar, Delhi - DPCC",21
site_301,Delhi,Delhi,"Anand Vihar, Delhi - DPCC",2025-06-21 21:15:00+00:00,2025-06-21 21:15:00+00:00,32.5,64.0,0.4,190.0,,0.0,5.0,743.0,,pm10,97.0,"Anand Vihar, Delhi - DPCC",21
site_301,Delhi,Delhi,"Anand Vihar, Delhi - DPCC",2025-06-21 21:15:00+00:00,2025-06-21 21:15:00+00:00,32.5,64.0,0.4,190.0,,0.0,5.0,743.0,,pm25,22.0,"Anand Vihar, Delhi - DPCC",21
site_301,Delhi,Delhi,"Anand Vihar, Delhi - DPCC",2025-06-21 21:15:00+00:00,2025-06-21 21:15:00+00:00,32.5,64.0,0.4,190.0,,0.0,5.0,743.0,,so2,32.0,"Anand Vihar, Delhi - DPCC",21
site_1560,Delhi,Delhi,"Bawana, Delhi - DPCC",2025-06-21 21:15:00+00:00,2025-06-21 21:15:00+00:00,33.1,66.0,1.6,170.0,0.0,0.0,5.0,988.0,,toluene,25.9,"Bawana, Delhi - DPCC",21
site_5024,Delhi,Delhi,"Alipur, Delhi - DPCC",2025-06-21 21:15:00+00:00,2025-06-21 21:15:00+00:00,32.1,65.0,,71.0,0.0,0.0,5.0,978.0,,toluene,0.8,"Alipur, Delhi - DPCC",21
site_1560,Delhi,Delhi,"Bawana, Delhi - DPCC",2025-06-21 21:15:00+00:00,2025-06-21 21:15:00+00:00,33.1,66.0,1.6,170.0,0.0,0.0,5.0,988.0,,so2,4.9,"Bawana, Delhi - DPCC",21
site_301,Delhi,Delhi,"Anand Vihar, Delhi - DPCC",2025-06-21 21:15:00+00:00,2025-06-21 21:15:00+00:00,32.5,64.0,0.4,190.0,,0.0,5.0,743.0,,toluene,21.4,"Anand Vihar, Delhi - DPCC",21
site_301,Delhi,Delhi,"Anand Vihar, Delhi - DPCC",2025-06-21 21:15:00+00:00,2025-06-21 21:15:00+00:00,32.5,64.0,0.4,190.0,,0.0,5.0,743.0,,benzene,2.0,"Anand Vihar, Delhi - DPCC",21
site_104,Delhi,Delhi,"Burari Crossing, Delhi - IMD",2025-06-21 21:15:00+00:00,2025-06-21 21:15:00+00:00,,,,,,0.0,,,,no,8.9,"Burari Crossing, Delhi - IMD",21
site_104,Delhi,Delhi,"Burari Crossing, Delhi - IMD",2025-06-21 21:15:00+00:00,2025-06-21 21:15:00+00:00,,,,,,0.0,,,,no2,37.55,"Burari Crossing, Delhi - IMD",21
site_104,Delhi,Delhi,"Burari Crossing, Delhi - IMD",2025-06-21 21:15:00+00:00,2025-06-21 21:15:00+00:00,,,,,,0.0,,,,ozone,39.03,"Burari Crossing, Delhi - IMD",21
site_104,Delhi,Delhi,"Burari Crossing, Delhi - IMD",2025-06-21 21:15:00+00:00,2025-06-21 21:15:00+00:00,,,,,,0.0,,,,pm10,48.79,"Burari Crossing, Delhi - IMD",21
site_301,Delhi,Delhi,"Anand Vihar, Delhi - DPCC",2025-06-21 21:15:00+00:00,2025-06-21 21:15:00+00:00,32.5,64.0,0.4,190.0,,0.0,5.0,743.0,,co,2.14,"Anand Vihar, Delhi - DPCC",21
site_1560,Delhi,Delhi,"Bawana, Delhi - DPCC",2025-06-21 21:15:00+00:00,2025-06-21 21:15:00+00:00,33.1,66.0,1.6,170.0,0.0,0.0,5.0,988.0,,pm25,51.0,"Bawana, Delhi - DPCC",21
site_104,Delhi,Delhi,"Burari Crossing, Delhi - IMD",2025-06-21 21:15:00+00:00,2025-06-21 21:15:00+00:00,,,,,,0.0,,,,co,0.94,"Burari Crossing, Delhi - IMD",21
site_5024,Delhi,Delhi,"Alipur, Delhi - DPCC",2025-06-21 21:15:00+00:00,2025-06-21 21:15:00+00:00,32.1,65.0,,71.0,0.0,0.0,5.0,978.0,,benzene,0.3,"Alipur, Delhi - DPCC",21
site_1560,Delhi,Delhi,"Bawana, Delhi - DPCC",2025-06-21 21:15:00+00:00,2025-06-21 21:15:00+00:00,33.1,66.0,1.6,170.0,0.0,0.0,5.0,988.0,,nh3,23.2,"Bawana, Delhi - DPCC",21
site_1560,Delhi,Delhi,"Bawana, Delhi - DPCC",2025-06-21 21:15:00+00:00,2025-06-21 21:15:00+00:00,33.1,66.0,1.6,170.0,0.0,0.0,5.0,988.0,,pm10,146.0,"Bawana, Delhi - DPCC",21
site_1560,Delhi,Delhi,"Bawana, Delhi - DPCC",2025-06-21 21:15:00+00:00,2025-06-21 21:15:00+00:00,33.1,66.0,1.6,170.0,0.0,0.0,5.0,988.0,,no,7.0,"Bawana, Delhi - DPCC",21
site_1560,Delhi,Delhi,"Bawana, Delhi - DPCC",2025-06-21 21:15:00+00:00,2025-06-21 21:15:00+00:00,33.1,66.0,1.6,170.0,0.0,0.0,5.0,988.0,,co,1.06,"Bawana, Delhi - DPCC",21
site_1560,Delhi,Delhi,"Bawana, Delhi - DPCC",2025-06-21 21:15:00+00:00,2025-06-21 21:15:00+00:00,33.1,66.0,1.6,170.0,0.0,0.0,5.0,988.0,,ozone,7.9,"Bawana, Delhi - DPCC",21
site_108,Delhi,Delhi,"Aya Nagar, Delhi - IMD",2025-06-21 21:15:00+00:00,2025-06-21 21:15:00+00:00,,,,,,0.0,,,,pm25,25.23,"Aya Nagar, Delhi - IMD",21
site_108,Delhi,Delhi,"Aya Nagar, Delhi - IMD",2025-06-21 21:15:00+00:00,2025-06-21 21:15:00+00:00,,,,,,0.0,,,,pm10,69.08,"Aya Nagar, Delhi - IMD",21
site_108,Delhi,Delhi,"Aya Nagar, Delhi - IMD",2025-06-21 21:15:00+00:00,2025-06-21 21:15:00+00:00,,,,,,0.0,,,,ozone,51.19,"Aya Nagar, Delhi - IMD",21
site_1560,Delhi,Delhi,"Bawana, Delhi - DPCC",2025-06-21 21:15:00+00:00,2025-06-21 21:15:00+00:00,33.1,66.0,1.6,170.0,0.0,0.0,5.0,988.0,,no2,22.2,"Bawana, Delhi - DPCC",21
site_108,Delhi,Delhi,"Aya Nagar, Delhi - IMD",2025-06-21 21:15:00+00:00,2025-06-21 21:15:00+00:00,,,,,,0.0,,,,no,5.81,"Aya Nagar, Delhi - IMD",21
site_108,Delhi,Delhi,"Aya Nagar, Delhi - IMD",2025-06-21 21:15:00+00:00,2025-06-21 21:15:00+00:00,,,,,,0.0,,,,co,1.22,"Aya Nagar, Delhi - IMD",21
site_1560,Delhi,Delhi,"Bawana, Delhi - DPCC",2025-06-21 21:15:00+00:00,2025-06-21 21:15:00+00:00,33.1,66.0,1.6,170.0,0.0,0.0,5.0,988.0,,benzene,2.7,"Bawana, Delhi - DPCC",21
site_108,Delhi,Delhi,"Aya Nagar, Delhi - IMD",2025-06-21 21:15:00+00:00,2025-06-21 21:15:00+00:00,,,,,,0.0,,,,no2,20.11,"Aya Nagar, Delhi - IMD",21
site_5024,Delhi,Delhi,"Alipur, Delhi - DPCC",2025-06-21 21:30:00+00:00,2025-06-21 21:30:00+00:00,32.1,66.0,,338.0,0.0,0.0,5.0,978.0,,ozone,8.2,"Alipur, Delhi - DPCC",21
site_5024,Delhi,Delhi,"Alipur, Delhi - DPCC",2025-06-21 21:30:00+00:00,2025-06-21 21:30:00+00:00,32.1,66.0,,338.0,0.0,0.0,5.0,978.0,,pm10,147.0,"Alipur, Delhi - DPCC",21
site_301,Delhi,Delhi,"Anand Vihar, Delhi - DPCC",2025-06-21 21:30:00+00:00,2025-06-21 21:30:00+00:00,32.5,65.0,0.3,180.0,,0.0,5.0,743.0,,pm25,22.0,"Anand Vihar, Delhi - DPCC",21
site_301,Delhi,Delhi,"Anand Vihar, Delhi - DPCC",2025-06-21 21:30:00+00:00,2025-06-21 21:30:00+00:00,32.5,65.0,0.3,180.0,,0.0,5.0,743.0,,pm10,97.0,"Anand Vihar, Delhi - DPCC",21
site_301,Delhi,Delhi,"Anand Vihar, Delhi - DPCC",2025-06-21 21:30:00+00:00,2025-06-21 21:30:00+00:00,32.5,65.0,0.3,180.0,,0.0,5.0,743.0,,ozone,13.3,"Anand Vihar, Delhi - DPCC",21
site_301,Delhi,Delhi,"Anand Vihar, Delhi - DPCC",2025-06-21 21:30:00+00:00,2025-06-21 21:30:00+00:00,32.5,65.0,0.3,180.0,,0.0,5.0,743.0,,no2,46.1,"Anand Vihar, Delhi - DPCC",21
site_301,Delhi,Delhi,"Anand Vihar, Delhi - DPCC",2025-06-21 21:30:00+00:00,2025-06-21 21:30:00+00:00,32.5,65.0,0.3,180.0,,0.0,5.0,743.0,,nh3,13.1,"Anand Vihar, Delhi - DPCC",21
site_301,Delhi,Delhi,"Anand Vihar, Delhi - DPCC",2025-06-21 21:30:00+00:00,2025-06-21 21:30:00+00:00,32.5,65.0,0.3,180.0,,0.0,5.0,743.0,,co,2.03,"Anand Vihar, Delhi - DPCC",21
site_1420,Delhi,Delhi,"Ashok Vihar, Delhi - DPCC",2025-06-21 21:30:00+00:00,2025-06-21 21:30:00+00:00,31.8,70.0,0.5,201.0,0.0,0.0,10.0,982.0,,ozone,19.2,"Ashok Vihar, Delhi - DPCC",21
site_5024,Delhi,Delhi,"Alipur, Delhi - DPCC",2025-06-21 21:30:00+00:00,2025-06-21 21:30:00+00:00,32.1,66.0,,338.0,0.0,0.0,5.0,978.0,,pm25,61.0,"Alipur, Delhi - DPCC",21
site_5024,Delhi,Delhi,"Alipur, Delhi - DPCC",2025-06-21 21:30:00+00:00,2025-06-21 21:30:00+00:00,32.1,66.0,,338.0,0.0,0.0,5.0,978.0,,so2,12.5,"Alipur, Delhi - DPCC",21
site_301,Delhi,Delhi,"Anand Vihar, Delhi - DPCC",2025-06-21 21:30:00+00:00,2025-06-21 21:30:00+00:00,32.5,65.0,0.3,180.0,,0.0,5.0,743.0,,no,15.3,"Anand Vihar, Delhi - DPCC",21
site_5024,Delhi,Delhi,"Alipur, Delhi - DPCC",2025-06-21 21:30:00+00:00,2025-06-21 21:30:00+00:00,32.1,66.0,,338.0,0.0,0.0,5.0,978.0,,toluene,0.9,"Alipur, Delhi - DPCC",21
site_1420,Delhi,Delhi,"Ashok Vihar, Delhi - DPCC",2025-06-21 21:30:00+00:00,2025-06-21 21:30:00+00:00,31.8,70.0,0.5,201.0,0.0,0.0,10.0,982.0,,no2,34.6,"Ashok Vihar, Delhi - DPCC",21
site_104,Delhi,Delhi,"Burari Crossing, Delhi - IMD",2025-06-21 21:30:00+00:00,2025-06-21 21:30:00+00:00,,,,,,0.0,,,,co,0.97,"Burari Crossing, Delhi - IMD",21
site_104,Delhi,Delhi,"Burari Crossing, Delhi - IMD",2025-06-21 21:30:00+00:00,2025-06-21 21:30:00+00:00,,,,,,0.0,,,,no,9.25,"Burari Crossing, Delhi - IMD",21
site_104,Delhi,Delhi,"Burari Crossing, Delhi - IMD",2025-06-21 21:30:00+00:00,2025-06-21 21:30:00+00:00,,,,,,0.0,,,,no2,41.56,"Burari Crossing, Delhi - IMD",21
site_104,Delhi,Delhi,"Burari Crossing, Delhi - IMD",2025-06-21 21:30:00+00:00,2025-06-21 21:30:00+00:00,,,,,,0.0,,,,ozone,35.52,"Burari Crossing, Delhi - IMD",21
site_104,Delhi,Delhi,"Burari Crossing, Delhi - IMD",2025-06-21 21:30:00+00:00,2025-06-21 21:30:00+00:00,,,,,,0.0,,,,pm10,43.49,"Burari Crossing, Delhi - IMD",21
site_104,Delhi,Delhi,"Burari Crossing, Delhi - IMD",2025-06-21 21:30:00+00:00,2025-06-21 21:30:00+00:00,,,,,,0.0,,,,pm25,25.11,"Burari Crossing, Delhi - IMD",21
site_5024,Delhi,Delhi,"Alipur, Delhi - DPCC",2025-06-21 21:30:00+00:00,2025-06-21 21:30:00+00:00,32.1,66.0,,338.0,0.0,0.0,5.0,978.0,,no2,51.3,"Alipur, Delhi - DPCC",21
site_1420,Delhi,Delhi,"Ashok Vihar, Delhi - DPCC",2025-06-21 21:30:00+00:00,2025-06-21 21:30:00+00:00,31.8,70.0,0.5,201.0,0.0,0.0,10.0,982.0,,pm10,95.0,"Ashok Vihar, Delhi - DPCC",21
site_5024,Delhi,Delhi,"Alipur, Delhi - DPCC",2025-06-21 21:30:00+00:00,2025-06-21 21:30:00+00:00,32.1,66.0,,338.0,0.0,0.0,5.0,978.0,,no,3.2,"Alipur, Delhi - DPCC",21
site_5024,Delhi,Delhi,"Alipur, Delhi - DPCC",2025-06-21 21:30:00+00:00,2025-06-21 21:30:00+00:00,32.1,66.0,,338.0,0.0,0.0,5.0,978.0,,nh3,55.0,"Alipur, Delhi - DPCC",21
site_5024,Delhi,Delhi,"Alipur, Delhi - DPCC",2025-06-21 21:30:00+00:00,2025-06-21 21:30:00+00:00,32.1,66.0,,338.0,0.0,0.0,5.0,978.0,,co,1.2,"Alipur, Delhi - DPCC",21
site_5024,Delhi,Delhi,"Alipur, Delhi - DPCC",2025-06-21 21:30:00+00:00,2025-06-21 21:30:00+00:00,32.1,66.0,,338.0,0.0,0.0,5.0,978.0,,benzene,0.3,"Alipur, Delhi - DPCC",21
site_1420,Delhi,Delhi,"Ashok Vihar, Delhi - DPCC",2025-06-21 21:30:00+00:00,2025-06-21 21:30:00+00:00,31.8,70.0,0.5,201.0,0.0,0.0,10.0,982.0,,toluene,2.0,"Ashok Vihar, Delhi - DPCC",21
site_1420,Delhi,Delhi,"Ashok Vihar, Delhi - DPCC",2025-06-21 21:30:00+00:00,2025-06-21 21:30:00+00:00,31.8,70.0,0.5,201.0,0.0,0.0,10.0,982.0,,so2,5.6,"Ashok Vihar, Delhi - DPCC",21
site_301,Delhi,Delhi,"Anand Vihar, Delhi - DPCC",2025-06-21 21:30:00+00:00,2025-06-21 21:30:00+00:00,32.5,65.0,0.3,180.0,,0.0,5.0,743.0,,so2,21.2,"Anand Vihar, Delhi - DPCC",21
site_301,Delhi,Delhi,"Anand Vihar, Delhi - DPCC",2025-06-21 21:30:00+00:00,2025-06-21 21:30:00+00:00,32.5,65.0,0.3,180.0,,0.0,5.0,743.0,,toluene,21.1,"Anand Vihar, Delhi - DPCC",21
site_301,Delhi,Delhi,"Anand Vihar, Delhi - DPCC",2025-06-21 21:30:00+00:00,2025-06-21 21:30:00+00:00,32.5,65.0,0.3,180.0,,0.0,5.0,743.0,,benzene,1.9,"Anand Vihar, Delhi - DPCC",21
site_1420,Delhi,Delhi,"Ashok Vihar, Delhi - DPCC",2025-06-21 21:30:00+00:00,2025-06-21 21:30:00+00:00,31.8,70.0,0.5,201.0,0.0,0.0,10.0,982.0,,pm25,42.0,"Ashok Vihar, Delhi - DPCC",21
site_1560,Delhi,Delhi,"Bawana, Delhi - DPCC",2025-06-21 21:30:00+00:00,2025-06-21 21:30:00+00:00,33.1,66.0,1.2,151.0,0.0,0.0,6.0,988.0,,pm25,51.0,"Bawana, Delhi - DPCC",21
site_108,Delhi,Delhi,"Aya Nagar, Delhi - IMD",2025-06-21 21:30:00+00:00,2025-06-21 21:30:00+00:00,,,,,,0.0,,,,pm25,25.16,"Aya Nagar, Delhi - IMD",21
site_108,Delhi,Delhi,"Aya Nagar, Delhi - IMD",2025-06-21 21:30:00+00:00,2025-06-21 21:30:00+00:00,,,,,,0.0,,,,pm10,61.0,"Aya Nagar, Delhi - IMD",21
site_1560,Delhi,Delhi,"Bawana, Delhi - DPCC",2025-06-21 21:30:00+00:00,2025-06-21 21:30:00+00:00,33.1,66.0,1.2,151.0,0.0,0.0,6.0,988.0,,no2,22.0,"Bawana, Delhi - DPCC",21
site_1560,Delhi,Delhi,"Bawana, Delhi - DPCC",2025-06-21 21:30:00+00:00,2025-06-21 21:30:00+00:00,33.1,66.0,1.2,151.0,0.0,0.0,6.0,988.0,,no,6.6,"Bawana, Delhi - DPCC",21
site_1560,Delhi,Delhi,"Bawana, Delhi - DPCC",2025-06-21 21:30:00+00:00,2025-06-21 21:30:00+00:00,33.1,66.0,1.2,151.0,0.0,0.0,6.0,988.0,,nh3,24.1,"Bawana, Delhi - DPCC",21
site_1560,Delhi,Delhi,"Bawana, Delhi - DPCC",2025-06-21 21:30:00+00:00,2025-06-21 21:30:00+00:00,33.1,66.0,1.2,151.0,0.0,0.0,6.0,988.0,,co,1.0,"Bawana, Delhi - DPCC",21
site_1560,Delhi,Delhi,"Bawana, Delhi - DPCC",2025-06-21 21:30:00+00:00,2025-06-21 21:30:00+00:00,33.1,66.0,1.2,151.0,0.0,0.0,6.0,988.0,,benzene,2.0,"Bawana, Delhi - DPCC",21
site_108,Delhi,Delhi,"Aya Nagar, Delhi - IMD",2025-06-21 21:30:00+00:00,2025-06-21 21:30:00+00:00,,,,,,0.0,,,,ozone,44.63,"Aya Nagar, Delhi - IMD",21
site_1560,Delhi,Delhi,"Bawana, Delhi - DPCC",2025-06-21 21:30:00+00:00,2025-06-21 21:30:00+00:00,33.1,66.0,1.2,151.0,0.0,0.0,6.0,988.0,,so2,4.6,"Bawana, Delhi - DPCC",21
site_1560,Delhi,Delhi,"Bawana, Delhi - DPCC",2025-06-21 21:30:00+00:00,2025-06-21 21:30:00+00:00,33.1,66.0,1.2,151.0,0.0,0.0,6.0,988.0,,toluene,21.7,"Bawana, Delhi - DPCC",21
site_1560,Delhi,Delhi,"Bawana, Delhi - DPCC",2025-06-21 21:30:00+00:00,2025-06-21 21:30:00+00:00,33.1,66.0,1.2,151.0,0.0,0.0,6.0,988.0,,pm10,146.0,"Bawana, Delhi - DPCC",21
site_108,Delhi,Delhi,"Aya Nagar, Delhi - IMD",2025-06-21 21:30:00+00:00,2025-06-21 21:30:00+00:00,,,,,,0.0,,,,no2,17.62,"Aya Nagar, Delhi - IMD",21
site_108,Delhi,Delhi,"Aya Nagar, Delhi - IMD",2025-06-21 21:30:00+00:00,2025-06-21 21:30:00+00:00,,,,,,0.0,,,,co,1.17,"Aya Nagar, Delhi - IMD",21
site_1420,Delhi,Delhi,"Ashok Vihar, Delhi - DPCC",2025-06-21 21:30:00+00:00,2025-06-21 21:30:00+00:00,31.8,70.0,0.5,201.0,0.0,0.0,10.0,982.0,,benzene,0.4,"Ashok Vihar, Delhi - DPCC",21
site_1420,Delhi,Delhi,"Ashok Vihar, Delhi - DPCC",2025-06-21 21:30:00+00:00,2025-06-21 21:30:00+00:00,31.8,70.0,0.5,201.0,0.0,0.0,10.0,982.0,,co,1.11,"Ashok Vihar, Delhi - DPCC",21
site_1420,Delhi,Delhi,"Ashok Vihar, Delhi - DPCC",2025-06-21 21:30:00+00:00,2025-06-21 21:30:00+00:00,31.8,70.0,0.5,201.0,0.0,0.0,10.0,982.0,,nh3,26.6,"Ashok Vihar, Delhi - DPCC",21
site_1420,Delhi,Delhi,"Ashok Vihar, Delhi - DPCC",2025-06-21 21:30:00+00:00,2025-06-21 21:30:00+00:00,31.8,70.0,0.5,201.0,0.0,0.0,10.0,982.0,,no,5.3,"Ashok Vihar, Delhi - DPCC",21
site_108,Delhi,Delhi,"Aya Nagar, Delhi - IMD",2025-06-21 21:30:00+00:00,2025-06-21 21:30:00+00:00,,,,,,0.0,,,,no,5.44,"Aya Nagar, Delhi - IMD",21
site_1560,Delhi,Delhi,"Bawana, Delhi - DPCC",2025-06-21 21:30:00+00:00,2025-06-21 21:30:00+00:00,33.1,66.0,1.2,151.0,0.0,0.0,6.0,988.0,,ozone,6.6,"Bawana, Delhi - DPCC",21
site_108,Delhi,Delhi,"Aya Nagar, Delhi - IMD",2025-06-21 21:45:00+00:00,2025-06-21 21:45:00+00:00,,,,,,0.0,,,,no,5.54,"Aya Nagar, Delhi - IMD",21
site_108,Delhi,Delhi,"Aya Nagar, Delhi - IMD",2025-06-21 21:45:00+00:00,2025-06-21 21:45:00+00:00,,,,,,0.0,,,,co,1.18,"Aya Nagar, Delhi - IMD",21
site_108,Delhi,Delhi,"Aya Nagar, Delhi - IMD",2025-06-21 21:45:00+00:00,2025-06-21 21:45:00+00:00,,,,,,0.0,,,,no2,19.57,"Aya Nagar, Delhi - IMD",21
site_108,Delhi,Delhi,"Aya Nagar, Delhi - IMD",2025-06-21 21:45:00+00:00,2025-06-21 21:45:00+00:00,,,,,,0.0,,,,ozone,35.6,"Aya Nagar, Delhi - IMD",21
site_1420,Delhi,Delhi,"Ashok Vihar, Delhi - DPCC",2025-06-21 21:45:00+00:00,2025-06-21 21:45:00+00:00,31.8,70.0,0.8,160.0,0.0,0.0,10.0,982.0,,pm25,42.0,"Ashok Vihar, Delhi - DPCC",21
site_1420,Delhi,Delhi,"Ashok Vihar, Delhi - DPCC",2025-06-21 21:45:00+00:00,2025-06-21 21:45:00+00:00,31.8,70.0,0.8,160.0,0.0,0.0,10.0,982.0,,so2,5.7,"Ashok Vihar, Delhi - DPCC",21
site_1420,Delhi,Delhi,"Ashok Vihar, Delhi - DPCC",2025-06-21 21:45:00+00:00,2025-06-21 21:45:00+00:00,31.8,70.0,0.8,160.0,0.0,0.0,10.0,982.0,,toluene,2.3,"Ashok Vihar, Delhi - DPCC",21
site_5024,Delhi,Delhi,"Alipur, Delhi - DPCC",2025-06-21 21:45:00+00:00,2025-06-21 21:45:00+00:00,32.0,67.0,,338.0,0.0,0.0,5.0,978.0,,toluene,0.8,"Alipur, Delhi - DPCC",21
site_104,Delhi,Delhi,"Burari Crossing, Delhi - IMD",2025-06-21 21:45:00+00:00,2025-06-21 21:45:00+00:00,,,,,,0.0,,,,no2,45.49,"Burari Crossing, Delhi - IMD",21
site_104,Delhi,Delhi,"Burari Crossing, Delhi - IMD",2025-06-21 21:45:00+00:00,2025-06-21 21:45:00+00:00,,,,,,0.0,,,,no,9.98,"Burari Crossing, Delhi - IMD",21
site_1560,Delhi,Delhi,"Bawana, Delhi - DPCC",2025-06-21 21:45:00+00:00,2025-06-21 21:45:00+00:00,33.1,66.0,1.5,148.0,0.0,0.0,5.0,988.0,,pm10,146.0,"Bawana, Delhi - DPCC",21
site_104,Delhi,Delhi,"Burari Crossing, Delhi - IMD",2025-06-21 21:45:00+00:00,2025-06-21 21:45:00+00:00,,,,,,0.0,,,,ozone,28.73,"Burari Crossing, Delhi - IMD",21
site_104,Delhi,Delhi,"Burari Crossing, Delhi - IMD",2025-06-21 21:45:00+00:00,2025-06-21 21:45:00+00:00,,,,,,0.0,,,,pm10,53.44,"Burari Crossing, Delhi - IMD",21
site_104,Delhi,Delhi,"Burari Crossing, Delhi - IMD",2025-06-21 21:45:00+00:00,2025-06-21 21:45:00+00:00,,,,,,0.0,,,,pm25,21.27,"Burari Crossing, Delhi - IMD",21
site_1420,Delhi,Delhi,"Ashok Vihar, Delhi - DPCC",2025-06-21 21:45:00+00:00,2025-06-21 21:45:00+00:00,31.8,70.0,0.8,160.0,0.0,0.0,10.0,982.0,,pm10,95.0,"Ashok Vihar, Delhi - DPCC",21
site_1420,Delhi,Delhi,"Ashok Vihar, Delhi - DPCC",2025-06-21 21:45:00+00:00,2025-06-21 21:45:00+00:00,31.8,70.0,0.8,160.0,0.0,0.0,10.0,982.0,,ozone,13.6,"Ashok Vihar, Delhi - DPCC",21
site_1420,Delhi,Delhi,"Ashok Vihar, Delhi - DPCC",2025-06-21 21:45:00+00:00,2025-06-21 21:45:00+00:00,31.8,70.0,0.8,160.0,0.0,0.0,10.0,982.0,,no2,36.3,"Ashok Vihar, Delhi - DPCC",21
site_1420,Delhi,Delhi,"Ashok Vihar, Delhi - DPCC",2025-06-21 21:45:00+00:00,2025-06-21 21:45:00+00:00,31.8,70.0,0.8,160.0,0.0,0.0,10.0,982.0,,no,4.9,"Ashok Vihar, Delhi - DPCC",21
site_1420,Delhi,Delhi,"Ashok Vihar, Delhi - DPCC",2025-06-21 21:45:00+00:00,2025-06-21 21:45:00+00:00,31.8,70.0,0.8,160.0,0.0,0.0,10.0,982.0,,nh3,27.1,"Ashok Vihar, Delhi - DPCC",21
site_1420,Delhi,Delhi,"Ashok Vihar, Delhi - DPCC",2025-06-21 21:45:00+00:00,2025-06-21 21:45:00+00:00,31.8,70.0,0.8,160.0,0.0,0.0,10.0,982.0,,co,1.15,"Ashok Vihar, Delhi - DPCC",21
site_1420,Delhi,Delhi,"Ashok Vihar, Delhi - DPCC",2025-06-21 21:45:00+00:00,2025-06-21 21:45:00+00:00,31.8,70.0,0.8,160.0,0.0,0.0,10.0,982.0,,benzene,0.2,"Ashok Vihar, Delhi - DPCC",21
site_104,Delhi,Delhi,"Burari Crossing, Delhi - IMD",2025-06-21 21:45:00+00:00,2025-06-21 21:45:00+00:00,,,,,,0.0,,,,co,0.98,"Burari Crossing, Delhi - IMD",21
site_301,Delhi,Delhi,"Anand Vihar, Delhi - DPCC",2025-06-21 21:45:00+00:00,2025-06-21 21:45:00+00:00,32.5,65.0,0.3,121.0,,0.0,5.0,743.0,,toluene,18.7,"Anand Vihar, Delhi - DPCC",21
site_1560,Delhi,Delhi,"Bawana, Delhi - DPCC",2025-06-21 21:45:00+00:00,2025-06-21 21:45:00+00:00,33.1,66.0,1.5,148.0,0.0,0.0,5.0,988.0,,pm25,51.0,"Bawana, Delhi - DPCC",21
site_301,Delhi,Delhi,"Anand Vihar, Delhi - DPCC",2025-06-21 21:45:00+00:00,2025-06-21 21:45:00+00:00,32.5,65.0,0.3,121.0,,0.0,5.0,743.0,,pm25,22.0,"Anand Vihar, Delhi - DPCC",21
site_5024,Delhi,Delhi,"Alipur, Delhi - DPCC",2025-06-21 21:45:00+00:00,2025-06-21 21:45:00+00:00,32.0,67.0,,338.0,0.0,0.0,5.0,978.0,,pm25,61.0,"Alipur, Delhi - DPCC",21
site_5024,Delhi,Delhi,"Alipur, Delhi - DPCC",2025-06-21 21:45:00+00:00,2025-06-21 21:45:00+00:00,32.0,67.0,,338.0,0.0,0.0,5.0,978.0,,pm10,147.0,"Alipur, Delhi - DPCC",21
site_5024,Delhi,Delhi,"Alipur, Delhi - DPCC",2025-06-21 21:45:00+00:00,2025-06-21 21:45:00+00:00,32.0,67.0,,338.0,0.0,0.0,5.0,978.0,,ozone,7.3,"Alipur, Delhi - DPCC",21
site_301,Delhi,Delhi,"Anand Vihar, Delhi - DPCC",2025-06-21 21:45:00+00:00,2025-06-21 21:45:00+00:00,32.5,65.0,0.3,121.0,,0.0,5.0,743.0,,so2,15.9,"Anand Vihar, Delhi - DPCC",21
site_5024,Delhi,Delhi,"Alipur, Delhi - DPCC",2025-06-21 21:45:00+00:00,2025-06-21 21:45:00+00:00,32.0,67.0,,338.0,0.0,0.0,5.0,978.0,,no,3.4,"Alipur, Delhi - DPCC",21
site_5024,Delhi,Delhi,"Alipur, Delhi - DPCC",2025-06-21 21:45:00+00:00,2025-06-21 21:45:00+00:00,32.0,67.0,,338.0,0.0,0.0,5.0,978.0,,nh3,58.0,"Alipur, Delhi - DPCC",21
site_5024,Delhi,Delhi,"Alipur, Delhi - DPCC",2025-06-21 21:45:00+00:00,2025-06-21 21:45:00+00:00,32.0,67.0,,338.0,0.0,0.0,5.0,978.0,,co,1.35,"Alipur, Delhi - DPCC",21
site_5024,Delhi,Delhi,"Alipur, Delhi - DPCC",2025-06-21 21:45:00+00:00,2025-06-21 21:45:00+00:00,32.0,67.0,,338.0,0.0,0.0,5.0,978.0,,so2,15.4,"Alipur, Delhi - DPCC",21
site_5024,Delhi,Delhi,"Alipur, Delhi - DPCC",2025-06-21 21:45:00+00:00,2025-06-21 21:45:00+00:00,32.0,67.0,,338.0,0.0,0.0,5.0,978.0,,benzene,0.2,"Alipur, Delhi - DPCC",21
site_1560,Delhi,Delhi,"Bawana, Delhi - DPCC",2025-06-21 21:45:00+00:00,2025-06-21 21:45:00+00:00,33.1,66.0,1.5,148.0,0.0,0.0,5.0,988.0,,co,1.0,"Bawana, Delhi - DPCC",21
site_1560,Delhi,Delhi,"Bawana, Delhi - DPCC",2025-06-21 21:45:00+00:00,2025-06-21 21:45:00+00:00,33.1,66.0,1.5,148.0,0.0,0.0,5.0,988.0,,nh3,26.0,"Bawana, Delhi - DPCC",21
site_1560,Delhi,Delhi,"Bawana, Delhi - DPCC",2025-06-21 21:45:00+00:00,2025-06-21 21:45:00+00:00,33.1,66.0,1.5,148.0,0.0,0.0,5.0,988.0,,no,6.0,"Bawana, Delhi - DPCC",21
site_1560,Delhi,Delhi,"Bawana, Delhi - DPCC",2025-06-21 21:45:00+00:00,2025-06-21 21:45:00+00:00,33.1,66.0,1.5,148.0,0.0,0.0,5.0,988.0,,no2,20.8,"Bawana, Delhi - DPCC",21
site_1560,Delhi,Delhi,"Bawana, Delhi - DPCC",2025-06-21 21:45:00+00:00,2025-06-21 21:45:00+00:00,33.1,66.0,1.5,148.0,0.0,0.0,5.0,988.0,,ozone,6.9,"Bawana, Delhi - DPCC",21
site_1560,Delhi,Delhi,"Bawana, Delhi - DPCC",2025-06-21 21:45:00+00:00,2025-06-21 21:45:00+00:00,33.1,66.0,1.5,148.0,0.0,0.0,5.0,988.0,,toluene,15.9,"Bawana, Delhi - DPCC",21
site_1560,Delhi,Delhi,"Bawana, Delhi - DPCC",2025-06-21 21:45:00+00:00,2025-06-21 21:45:00+00:00,33.1,66.0,1.5,148.0,0.0,0.0,5.0,988.0,,so2,4.8,"Bawana, Delhi - DPCC",21
site_1560,Delhi,Delhi,"Bawana, Delhi - DPCC",2025-06-21 21:45:00+00:00,2025-06-21 21:45:00+00:00,33.1,66.0,1.5,148.0,0.0,0.0,5.0,988.0,,benzene,1.6,"Bawana, Delhi - DPCC",21
site_108,Delhi,Delhi,"Aya Nagar, Delhi - IMD",2025-06-21 21:45:00+00:00,2025-06-21 21:45:00+00:00,,,,,,0.0,,,,pm25,17.86,"Aya Nagar, Delhi - IMD",21
site_5024,Delhi,Delhi,"Alipur, Delhi - DPCC",2025-06-21 21:45:00+00:00,2025-06-21 21:45:00+00:00,32.0,67.0,,338.0,0.0,0.0,5.0,978.0,,no2,49.3,"Alipur, Delhi - DPCC",21
site_301,Delhi,Delhi,"Anand Vihar, Delhi - DPCC",2025-06-21 21:45:00+00:00,2025-06-21 21:45:00+00:00,32.5,65.0,0.3,121.0,,0.0,5.0,743.0,,benzene,1.7,"Anand Vihar, Delhi - DPCC",21
site_301,Delhi,Delhi,"Anand Vihar, Delhi - DPCC",2025-06-21 21:45:00+00:00,2025-06-21 21:45:00+00:00,32.5,65.0,0.3,121.0,,0.0,5.0,743.0,,co,1.92,"Anand Vihar, Delhi - DPCC",21
site_301,Delhi,Delhi,"Anand Vihar, Delhi - DPCC",2025-06-21 21:45:00+00:00,2025-06-21 21:45:00+00:00,32.5,65.0,0.3,121.0,,0.0,5.0,743.0,,nh3,13.7,"Anand Vihar, Delhi - DPCC",21
site_301,Delhi,Delhi,"Anand Vihar, Delhi - DPCC",2025-06-21 21:45:00+00:00,2025-06-21 21:45:00+00:00,32.5,65.0,0.3,121.0,,0.0,5.0,743.0,,no,14.2,"Anand Vihar, Delhi - DPCC",21
site_301,Delhi,Delhi,"Anand Vihar, Delhi - DPCC",2025-06-21 21:45:00+00:00,2025-06-21 21:45:00+00:00,32.5,65.0,0.3,121.0,,0.0,5.0,743.0,,no2,49.9,"Anand Vihar, Delhi - DPCC",21
site_108,Delhi,Delhi,"Aya Nagar, Delhi - IMD",2025-06-21 21:45:00+00:00,2025-06-21 21:45:00+00:00,,,,,,0.0,,,,pm10,57.18,"Aya Nagar, Delhi - IMD",21
site_301,Delhi,Delhi,"Anand Vihar, Delhi - DPCC",2025-06-21 21:45:00+00:00,2025-06-21 21:45:00+00:00,32.5,65.0,0.3,121.0,,0.0,5.0,743.0,,pm10,97.0,"Anand Vihar, Delhi - DPCC",21
site_301,Delhi,Delhi,"Anand Vihar, Delhi - DPCC",2025-06-21 21:45:00+00:00,2025-06-21 21:45:00+00:00,32.5,65.0,0.3,121.0,,0.0,5.0,743.0,,ozone,13.8,"Anand Vihar, Delhi - DPCC",21
site_1560,Delhi,Delhi,"Bawana, Delhi - DPCC",2025-06-21 22:00:00+00:00,2025-06-21 22:00:00+00:00,33.0,67.0,0.7,159.0,0.0,0.0,5.0,989.0,,toluene,15.2,"Bawana, Delhi - DPCC",22
site_1560,Delhi,Delhi,"Bawana, Delhi - DPCC",2025-06-21 22:00:00+00:00,2025-06-21 22:00:00+00:00,33.0,67.0,0.7,159.0,0.0,0.0,5.0,989.0,,ozone,8.9,"Bawana, Delhi - DPCC",22
site_1560,Delhi,Delhi,"Bawana, Delhi - DPCC",2025-06-21 22:00:00+00:00,2025-06-21 22:00:00+00:00,33.0,67.0,0.7,159.0,0.0,0.0,5.0,989.0,,no2,21.4,"Bawana, Delhi - DPCC",22
site_1560,Delhi,Delhi,"Bawana, Delhi - DPCC",2025-06-21 22:00:00+00:00,2025-06-21 22:00:00+00:00,33.0,67.0,0.7,159.0,0.0,0.0,5.0,989.0,,co,1.04,"Bawana, Delhi - DPCC",22
site_1560,Delhi,Delhi,"Bawana, Delhi - DPCC",2025-06-21 22:00:00+00:00,2025-06-21 22:00:00+00:00,33.0,67.0,0.7,159.0,0.0,0.0,5.0,989.0,,nh3,27.1,"Bawana, Delhi - DPCC",22
site_1560,Delhi,Delhi,"Bawana, Delhi - DPCC",2025-06-21 22:00:00+00:00,2025-06-21 22:00:00+00:00,33.0,67.0,0.7,159.0,0.0,0.0,5.0,989.0,,benzene,1.5,"Bawana, Delhi - DPCC",22
site_1560,Delhi,Delhi,"Bawana, Delhi - DPCC",2025-06-21 22:00:00+00:00,2025-06-21 22:00:00+00:00,33.0,67.0,0.7,159.0,0.0,0.0,5.0,989.0,,pm25,51.0,"Bawana, Delhi - DPCC",22
site_1560,Delhi,Delhi,"Bawana, Delhi - DPCC",2025-06-21 22:00:00+00:00,2025-06-21 22:00:00+00:00,33.0,67.0,0.7,159.0,0.0,0.0,5.0,989.0,,pm10,102.0,"Bawana, Delhi - DPCC",22
site_1560,Delhi,Delhi,"Bawana, Delhi - DPCC",2025-06-21 22:00:00+00:00,2025-06-21 22:00:00+00:00,33.0,67.0,0.7,159.0,0.0,0.0,5.0,989.0,,no,6.3,"Bawana, Delhi - DPCC",22
site_5024,Delhi,Delhi,"Alipur, Delhi - DPCC",2025-06-21 22:00:00+00:00,2025-06-21 22:00:00+00:00,32.0,66.0,,246.0,0.0,0.0,5.0,978.0,,benzene,0.2,"Alipur, Delhi - DPCC",22
site_5024,Delhi,Delhi,"Alipur, Delhi - DPCC",2025-06-21 22:00:00+00:00,2025-06-21 22:00:00+00:00,32.0,66.0,,246.0,0.0,0.0,5.0,978.0,,no,3.8,"Alipur, Delhi - DPCC",22
site_5024,Delhi,Delhi,"Alipur, Delhi - DPCC",2025-06-21 22:00:00+00:00,2025-06-21 22:00:00+00:00,32.0,66.0,,246.0,0.0,0.0,5.0,978.0,,nh3,57.7,"Alipur, Delhi - DPCC",22
site_104,Delhi,Delhi,"Burari Crossing, Delhi - IMD",2025-06-21 22:00:00+00:00,2025-06-21 22:00:00+00:00,,,,,,0.0,,,,pm25,13.41,"Burari Crossing, Delhi - IMD",22
site_104,Delhi,Delhi,"Burari Crossing, Delhi - IMD",2025-06-21 22:00:00+00:00,2025-06-21 22:00:00+00:00,,,,,,0.0,,,,pm10,62.12,"Burari Crossing, Delhi - IMD",22
site_104,Delhi,Delhi,"Burari Crossing, Delhi - IMD",2025-06-21 22:00:00+00:00,2025-06-21 22:00:00+00:00,,,,,,0.0,,,,ozone,29.43,"Burari Crossing, Delhi - IMD",22
site_104,Delhi,Delhi,"Burari Crossing, Delhi - IMD",2025-06-21 22:00:00+00:00,2025-06-21 22:00:00+00:00,,,,,,0.0,,,,no2,42.23,"Burari Crossing, Delhi - IMD",22
site_104,Delhi,Delhi,"Burari Crossing, Delhi - IMD",2025-06-21 22:00:00+00:00,2025-06-21 22:00:00+00:00,,,,,,0.0,,,,no,9.75,"Burari Crossing, Delhi - IMD",22
site_104,Delhi,Delhi,"Burari Crossing, Delhi - IMD",2025-06-21 22:00:00+00:00,2025-06-21 22:00:00+00:00,,,,,,0.0,,,,co,0.99,"Burari Crossing, Delhi - IMD",22
site_5024,Delhi,Delhi,"Alipur, Delhi - DPCC",2025-06-21 22:00:00+00:00,2025-06-21 22:00:00+00:00,32.0,66.0,,246.0,0.0,0.0,5.0,978.0,,no2,45.1,"Alipur, Delhi - DPCC",22
site_5024,Delhi,Delhi,"Alipur, Delhi - DPCC",2025-06-21 22:00:00+00:00,2025-06-21 22:00:00+00:00,32.0,66.0,,246.0,0.0,0.0,5.0,978.0,,toluene,0.7,"Alipur, Delhi - DPCC",22
site_5024,Delhi,Delhi,"Alipur, Delhi - DPCC",2025-06-21 22:00:00+00:00,2025-06-21 22:00:00+00:00,32.0,66.0,,246.0,0.0,0.0,5.0,978.0,,so2,14.1,"Alipur, Delhi - DPCC",22
site_5024,Delhi,Delhi,"Alipur, Delhi - DPCC",2025-06-21 22:00:00+00:00,2025-06-21 22:00:00+00:00,32.0,66.0,,246.0,0.0,0.0,5.0,978.0,,pm25,85.0,"Alipur, Delhi - DPCC",22
site_5024,Delhi,Delhi,"Alipur, Delhi - DPCC",2025-06-21 22:00:00+00:00,2025-06-21 22:00:00+00:00,32.0,66.0,,246.0,0.0,0.0,5.0,978.0,,co,1.29,"Alipur, Delhi - DPCC",22
site_1560,Delhi,Delhi,"Bawana, Delhi - DPCC",2025-06-21 22:00:00+00:00,2025-06-21 22:00:00+00:00,33.0,67.0,0.7,159.0,0.0,0.0,5.0,989.0,,so2,4.8,"Bawana, Delhi - DPCC",22
site_5024,Delhi,Delhi,"Alipur, Delhi - DPCC",2025-06-21 22:00:00+00:00,2025-06-21 22:00:00+00:00,32.0,66.0,,246.0,0.0,0.0,5.0,978.0,,ozone,8.9,"Alipur, Delhi - DPCC",22
site_5024,Delhi,Delhi,"Alipur, Delhi - DPCC",2025-06-21 22:00:00+00:00,2025-06-21 22:00:00+00:00,32.0,66.0,,246.0,0.0,0.0,5.0,978.0,,pm10,169.0,"Alipur, Delhi - DPCC",22
site_301,Delhi,Delhi,"Anand Vihar, Delhi - DPCC",2025-06-21 22:00:00+00:00,2025-06-21 22:00:00+00:00,32.4,65.0,0.3,104.0,,0.0,5.0,743.0,,no,24.7,"Anand Vihar, Delhi - DPCC",22
site_301,Delhi,Delhi,"Anand Vihar, Delhi - DPCC",2025-06-21 22:00:00+00:00,2025-06-21 22:00:00+00:00,32.4,65.0,0.3,104.0,,0.0,5.0,743.0,,nh3,11.5,"Anand Vihar, Delhi - DPCC",22
site_301,Delhi,Delhi,"Anand Vihar, Delhi - DPCC",2025-06-21 22:00:00+00:00,2025-06-21 22:00:00+00:00,32.4,65.0,0.3,104.0,,0.0,5.0,743.0,,co,1.88,"Anand Vihar, Delhi - DPCC",22
site_301,Delhi,Delhi,"Anand Vihar, Delhi - DPCC",2025-06-21 22:00:00+00:00,2025-06-21 22:00:00+00:00,32.4,65.0,0.3,104.0,,0.0,5.0,743.0,,benzene,1.5,"Anand Vihar, Delhi - DPCC",22
site_301,Delhi,Delhi,"Anand Vihar, Delhi - DPCC",2025-06-21 22:00:00+00:00,2025-06-21 22:00:00+00:00,32.4,65.0,0.3,104.0,,0.0,5.0,743.0,,no2,46.2,"Anand Vihar, Delhi - DPCC",22
site_108,Delhi,Delhi,"Aya Nagar, Delhi - IMD",2025-06-21 22:00:00+00:00,2025-06-21 22:00:00+00:00,,,,,,0.0,,,,pm10,62.53,"Aya Nagar, Delhi - IMD",22
site_301,Delhi,Delhi,"Anand Vihar, Delhi - DPCC",2025-06-21 22:00:00+00:00,2025-06-21 22:00:00+00:00,32.4,65.0,0.3,104.0,,0.0,5.0,743.0,,pm10,114.0,"Anand Vihar, Delhi - DPCC",22
site_301,Delhi,Delhi,"Anand Vihar, Delhi - DPCC",2025-06-21 22:00:00+00:00,2025-06-21 22:00:00+00:00,32.4,65.0,0.3,104.0,,0.0,5.0,743.0,,pm25,34.0,"Anand Vihar, Delhi - DPCC",22
site_301,Delhi,Delhi,"Anand Vihar, Delhi - DPCC",2025-06-21 22:00:00+00:00,2025-06-21 22:00:00+00:00,32.4,65.0,0.3,104.0,,0.0,5.0,743.0,,so2,6.0,"Anand Vihar, Delhi - DPCC",22
site_301,Delhi,Delhi,"Anand Vihar, Delhi - DPCC",2025-06-21 22:00:00+00:00,2025-06-21 22:00:00+00:00,32.4,65.0,0.3,104.0,,0.0,5.0,743.0,,toluene,17.2,"Anand Vihar, Delhi - DPCC",22
site_108,Delhi,Delhi,"Aya Nagar, Delhi - IMD",2025-06-21 22:00:00+00:00,2025-06-21 22:00:00+00:00,,,,,,0.0,,,,co,1.18,"Aya Nagar, Delhi - IMD",22
site_108,Delhi,Delhi,"Aya Nagar, Delhi - IMD",2025-06-21 22:00:00+00:00,2025-06-21 22:00:00+00:00,,,,,,0.0,,,,no,5.85,"Aya Nagar, Delhi - IMD",22
site_108,Delhi,Delhi,"Aya Nagar, Delhi - IMD",2025-06-21 22:00:00+00:00,2025-06-21 22:00:00+00:00,,,,,,0.0,,,,no2,18.81,"Aya Nagar, Delhi - IMD",22
site_1420,Delhi,Delhi,"Ashok Vihar, Delhi - DPCC",2025-06-21 22:00:00+00:00,2025-06-21 22:00:00+00:00,31.7,70.0,1.3,167.0,0.0,0.0,10.0,982.0,,no,5.1,"Ashok Vihar, Delhi - DPCC",22
site_108,Delhi,Delhi,"Aya Nagar, Delhi - IMD",2025-06-21 22:00:00+00:00,2025-06-21 22:00:00+00:00,,,,,,0.0,,,,ozone,33.85,"Aya Nagar, Delhi - IMD",22
site_1420,Delhi,Delhi,"Ashok Vihar, Delhi - DPCC",2025-06-21 22:00:00+00:00,2025-06-21 22:00:00+00:00,31.7,70.0,1.3,167.0,0.0,0.0,10.0,982.0,,toluene,2.3,"Ashok Vihar, Delhi - DPCC",22
site_1420,Delhi,Delhi,"Ashok Vihar, Delhi - DPCC",2025-06-21 22:00:00+00:00,2025-06-21 22:00:00+00:00,31.7,70.0,1.3,167.0,0.0,0.0,10.0,982.0,,so2,6.3,"Ashok Vihar, Delhi - DPCC",22
site_301,Delhi,Delhi,"Anand Vihar, Delhi - DPCC",2025-06-21 22:00:00+00:00,2025-06-21 22:00:00+00:00,32.4,65.0,0.3,104.0,,0.0,5.0,743.0,,ozone,12.7,"Anand Vihar, Delhi - DPCC",22
site_1420,Delhi,Delhi,"Ashok Vihar, Delhi - DPCC",2025-06-21 22:00:00+00:00,2025-06-21 22:00:00+00:00,31.7,70.0,1.3,167.0,0.0,0.0,10.0,982.0,,pm10,84.0,"Ashok Vihar, Delhi - DPCC",22
site_1420,Delhi,Delhi,"Ashok Vihar, Delhi - DPCC",2025-06-21 22:00:00+00:00,2025-06-21 22:00:00+00:00,31.7,70.0,1.3,167.0,0.0,0.0,10.0,982.0,,benzene,0.3,"Ashok Vihar, Delhi - DPCC",22
site_1420,Delhi,Delhi,"Ashok Vihar, Delhi - DPCC",2025-06-21 22:00:00+00:00,2025-06-21 22:00:00+00:00,31.7,70.0,1.3,167.0,0.0,0.0,10.0,982.0,,co,1.13,"Ashok Vihar, Delhi - DPCC",22
site_1420,Delhi,Delhi,"Ashok Vihar, Delhi - DPCC",2025-06-21 22:00:00+00:00,2025-06-21 22:00:00+00:00,31.7,70.0,1.3,167.0,0.0,0.0,10.0,982.0,,nh3,28.2,"Ashok Vihar, Delhi - DPCC",22
site_1420,Delhi,Delhi,"Ashok Vihar, Delhi - DPCC",2025-06-21 22:00:00+00:00,2025-06-21 22:00:00+00:00,31.7,70.0,1.3,167.0,0.0,0.0,10.0,982.0,,pm25,39.0,"Ashok Vihar, Delhi - DPCC",22
site_108,Delhi,Delhi,"Aya Nagar, Delhi - IMD",2025-06-21 22:00:00+00:00,2025-06-21 22:00:00+00:00,,,,,,0.0,,,,pm25,15.14,"Aya Nagar, Delhi - IMD",22
site_1420,Delhi,Delhi,"Ashok Vihar, Delhi - DPCC",2025-06-21 22:00:00+00:00,2025-06-21 22:00:00+00:00,31.7,70.0,1.3,167.0,0.0,0.0,10.0,982.0,,ozone,9.3,"Ashok Vihar, Delhi - DPCC",22
site_1420,Delhi,Delhi,"Ashok Vihar, Delhi - DPCC",2025-06-21 22:00:00+00:00,2025-06-21 22:00:00+00:00,31.7,70.0,1.3,167.0,0.0,0.0,10.0,982.0,,no2,38.9,"Ashok Vihar, Delhi - DPCC",22
site_1560,Delhi,Delhi,"Bawana, Delhi - DPCC",2025-06-21 22:15:00+00:00,2025-06-21 22:15:00+00:00,32.8,68.0,0.8,159.0,0.0,0.0,5.0,989.0,,no,7.2,"Bawana, Delhi - DPCC",22
site_108,Delhi,Delhi,"Aya Nagar, Delhi - IMD",2025-06-21 22:15:00+00:00,2025-06-21 22:15:00+00:00,,,,,,0.0,,,,no,5.99,"Aya Nagar, Delhi - IMD",22
site_108,Delhi,Delhi,"Aya Nagar, Delhi - IMD",2025-06-21 22:15:00+00:00,2025-06-21 22:15:00+00:00,,,,,,0.0,,,,no2,18.8,"Aya Nagar, Delhi - IMD",22
site_108,Delhi,Delhi,"Aya Nagar, Delhi - IMD",2025-06-21 22:15:00+00:00,2025-06-21 22:15:00+00:00,,,,,,0.0,,,,ozone,37.07,"Aya Nagar, Delhi - IMD",22
site_108,Delhi,Delhi,"Aya Nagar, Delhi - IMD",2025-06-21 22:15:00+00:00,2025-06-21 22:15:00+00:00,,,,,,0.0,,,,pm10,66.21,"Aya Nagar, Delhi - IMD",22
site_108,Delhi,Delhi,"Aya Nagar, Delhi - IMD",2025-06-21 22:15:00+00:00,2025-06-21 22:15:00+00:00,,,,,,0.0,,,,pm25,9.41,"Aya Nagar, Delhi - IMD",22
site_1560,Delhi,Delhi,"Bawana, Delhi - DPCC",2025-06-21 22:15:00+00:00,2025-06-21 22:15:00+00:00,32.8,68.0,0.8,159.0,0.0,0.0,5.0,989.0,,benzene,1.5,"Bawana, Delhi - DPCC",22
site_1560,Delhi,Delhi,"Bawana, Delhi - DPCC",2025-06-21 22:15:00+00:00,2025-06-21 22:15:00+00:00,32.8,68.0,0.8,159.0,0.0,0.0,5.0,989.0,,toluene,15.6,"Bawana, Delhi - DPCC",22
site_1560,Delhi,Delhi,"Bawana, Delhi - DPCC",2025-06-21 22:15:00+00:00,2025-06-21 22:15:00+00:00,32.8,68.0,0.8,159.0,0.0,0.0,5.0,989.0,,so2,4.8,"Bawana, Delhi - DPCC",22
site_301,Delhi,Delhi,"Anand Vihar, Delhi - DPCC",2025-06-21 22:15:00+00:00,2025-06-21 22:15:00+00:00,32.3,65.0,0.3,115.0,,0.0,5.0,743.0,,toluene,15.8,"Anand Vihar, Delhi - DPCC",22
site_1560,Delhi,Delhi,"Bawana, Delhi - DPCC",2025-06-21 22:15:00+00:00,2025-06-21 22:15:00+00:00,32.8,68.0,0.8,159.0,0.0,0.0,5.0,989.0,,nh3,27.2,"Bawana, Delhi - DPCC",22
site_301,Delhi,Delhi,"Anand Vihar, Delhi - DPCC",2025-06-21 22:15:00+00:00,2025-06-21 22:15:00+00:00,32.3,65.0,0.3,115.0,,0.0,5.0,743.0,,so2,18.1,"Anand Vihar, Delhi - DPCC",22
site_301,Delhi,Delhi,"Anand Vihar, Delhi - DPCC",2025-06-21 22:15:00+00:00,2025-06-21 22:15:00+00:00,32.3,65.0,0.3,115.0,,0.0,5.0,743.0,,pm10,114.0,"Anand Vihar, Delhi - DPCC",22
site_1560,Delhi,Delhi,"Bawana, Delhi - DPCC",2025-06-21 22:15:00+00:00,2025-06-21 22:15:00+00:00,32.8,68.0,0.8,159.0,0.0,0.0,5.0,989.0,,co,1.08,"Bawana, Delhi - DPCC",22
site_301,Delhi,Delhi,"Anand Vihar, Delhi - DPCC",2025-06-21 22:15:00+00:00,2025-06-21 22:15:00+00:00,32.3,65.0,0.3,115.0,,0.0,5.0,743.0,,no2,44.0,"Anand Vihar, Delhi - DPCC",22
site_301,Delhi,Delhi,"Anand Vihar, Delhi - DPCC",2025-06-21 22:15:00+00:00,2025-06-21 22:15:00+00:00,32.3,65.0,0.3,115.0,,0.0,5.0,743.0,,no,19.4,"Anand Vihar, Delhi - DPCC",22
site_301,Delhi,Delhi,"Anand Vihar, Delhi - DPCC",2025-06-21 22:15:00+00:00,2025-06-21 22:15:00+00:00,32.3,65.0,0.3,115.0,,0.0,5.0,743.0,,nh3,11.4,"Anand Vihar, Delhi - DPCC",22
site_301,Delhi,Delhi,"Anand Vihar, Delhi - DPCC",2025-06-21 22:15:00+00:00,2025-06-21 22:15:00+00:00,32.3,65.0,0.3,115.0,,0.0,5.0,743.0,,co,1.92,"Anand Vihar, Delhi - DPCC",22
site_301,Delhi,Delhi,"Anand Vihar, Delhi - DPCC",2025-06-21 22:15:00+00:00,2025-06-21 22:15:00+00:00,32.3,65.0,0.3,115.0,,0.0,5.0,743.0,,benzene,1.4,"Anand Vihar, Delhi - DPCC",22
site_1560,Delhi,Delhi,"Bawana, Delhi - DPCC",2025-06-21 22:15:00+00:00,2025-06-21 22:15:00+00:00,32.8,68.0,0.8,159.0,0.0,0.0,5.0,989.0,,pm25,51.0,"Bawana, Delhi - DPCC",22
site_1560,Delhi,Delhi,"Bawana, Delhi - DPCC",2025-06-21 22:15:00+00:00,2025-06-21 22:15:00+00:00,32.8,68.0,0.8,159.0,0.0,0.0,5.0,989.0,,pm10,102.0,"Bawana, Delhi - DPCC",22
site_1560,Delhi,Delhi,"Bawana, Delhi - DPCC",2025-06-21 22:15:00+00:00,2025-06-21 22:15:00+00:00,32.8,68.0,0.8,159.0,0.0,0.0,5.0,989.0,,ozone,10.8,"Bawana, Delhi - DPCC",22
site_1560,Delhi,Delhi,"Bawana, Delhi - DPCC",2025-06-21 22:15:00+00:00,2025-06-21 22:15:00+00:00,32.8,68.0,0.8,159.0,0.0,0.0,5.0,989.0,,no2,21.4,"Bawana, Delhi - DPCC",22
site_301,Delhi,Delhi,"Anand Vihar, Delhi - DPCC",2025-06-21 22:15:00+00:00,2025-06-21 22:15:00+00:00,32.3,65.0,0.3,115.0,,0.0,5.0,743.0,,pm25,34.0,"Anand Vihar, Delhi - DPCC",22
site_301,Delhi,Delhi,"Anand Vihar, Delhi - DPCC",2025-06-21 22:15:00+00:00,2025-06-21 22:15:00+00:00,32.3,65.0,0.3,115.0,,0.0,5.0,743.0,,ozone,13.5,"Anand Vihar, Delhi - DPCC",22
site_104,Delhi,Delhi,"Burari Crossing, Delhi - IMD",2025-06-21 22:15:00+00:00,2025-06-21 22:15:00+00:00,,,,,,0.0,,,,co,0.93,"Burari Crossing, Delhi - IMD",22
site_104,Delhi,Delhi,"Burari Crossing, Delhi - IMD",2025-06-21 22:15:00+00:00,2025-06-21 22:15:00+00:00,,,,,,0.0,,,,no,10.49,"Burari Crossing, Delhi - IMD",22
site_1420,Delhi,Delhi,"Ashok Vihar, Delhi - DPCC",2025-06-21 22:15:00+00:00,2025-06-21 22:15:00+00:00,31.7,69.0,1.5,138.0,0.0,0.0,10.0,982.0,,pm10,84.0,"Ashok Vihar, Delhi - DPCC",22
site_1420,Delhi,Delhi,"Ashok Vihar, Delhi - DPCC",2025-06-21 22:15:00+00:00,2025-06-21 22:15:00+00:00,31.7,69.0,1.5,138.0,0.0,0.0,10.0,982.0,,ozone,8.4,"Ashok Vihar, Delhi - DPCC",22
site_1420,Delhi,Delhi,"Ashok Vihar, Delhi - DPCC",2025-06-21 22:15:00+00:00,2025-06-21 22:15:00+00:00,31.7,69.0,1.5,138.0,0.0,0.0,10.0,982.0,,no2,38.8,"Ashok Vihar, Delhi - DPCC",22
site_1420,Delhi,Delhi,"Ashok Vihar, Delhi - DPCC",2025-06-21 22:15:00+00:00,2025-06-21 22:15:00+00:00,31.7,69.0,1.5,138.0,0.0,0.0,10.0,982.0,,no,5.1,"Ashok Vihar, Delhi - DPCC",22
site_1420,Delhi,Delhi,"Ashok Vihar, Delhi - DPCC",2025-06-21 22:15:00+00:00,2025-06-21 22:15:00+00:00,31.7,69.0,1.5,138.0,0.0,0.0,10.0,982.0,,nh3,28.4,"Ashok Vihar, Delhi - DPCC",22
site_1420,Delhi,Delhi,"Ashok Vihar, Delhi - DPCC",2025-06-21 22:15:00+00:00,2025-06-21 22:15:00+00:00,31.7,69.0,1.5,138.0,0.0,0.0,10.0,982.0,,co,1.04,"Ashok Vihar, Delhi - DPCC",22
site_1420,Delhi,Delhi,"Ashok Vihar, Delhi - DPCC",2025-06-21 22:15:00+00:00,2025-06-21 22:15:00+00:00,31.7,69.0,1.5,138.0,0.0,0.0,10.0,982.0,,benzene,0.2,"Ashok Vihar, Delhi - DPCC",22
site_5024,Delhi,Delhi,"Alipur, Delhi - DPCC",2025-06-21 22:15:00+00:00,2025-06-21 22:15:00+00:00,32.0,67.0,,190.0,0.0,0.0,5.0,978.0,,toluene,0.7,"Alipur, Delhi - DPCC",22
site_5024,Delhi,Delhi,"Alipur, Delhi - DPCC",2025-06-21 22:15:00+00:00,2025-06-21 22:15:00+00:00,32.0,67.0,,190.0,0.0,0.0,5.0,978.0,,so2,11.5,"Alipur, Delhi - DPCC",22
site_5024,Delhi,Delhi,"Alipur, Delhi - DPCC",2025-06-21 22:15:00+00:00,2025-06-21 22:15:00+00:00,32.0,67.0,,190.0,0.0,0.0,5.0,978.0,,pm25,85.0,"Alipur, Delhi - DPCC",22
site_5024,Delhi,Delhi,"Alipur, Delhi - DPCC",2025-06-21 22:15:00+00:00,2025-06-21 22:15:00+00:00,32.0,67.0,,190.0,0.0,0.0,5.0,978.0,,pm10,169.0,"Alipur, Delhi - DPCC",22
site_5024,Delhi,Delhi,"Alipur, Delhi - DPCC",2025-06-21 22:15:00+00:00,2025-06-21 22:15:00+00:00,32.0,67.0,,190.0,0.0,0.0,5.0,978.0,,ozone,10.8,"Alipur, Delhi - DPCC",22
site_5024,Delhi,Delhi,"Alipur, Delhi - DPCC",2025-06-21 22:15:00+00:00,2025-06-21 22:15:00+00:00,32.0,67.0,,190.0,0.0,0.0,5.0,978.0,,no2,40.8,"Alipur, Delhi - DPCC",22
site_5024,Delhi,Delhi,"Alipur, Delhi - DPCC",2025-06-21 22:15:00+00:00,2025-06-21 22:15:00+00:00,32.0,67.0,,190.0,0.0,0.0,5.0,978.0,,no,3.7,"Alipur, Delhi - DPCC",22
site_5024,Delhi,Delhi,"Alipur, Delhi - DPCC",2025-06-21 22:15:00+00:00,2025-06-21 22:15:00+00:00,32.0,67.0,,190.0,0.0,0.0,5.0,978.0,,nh3,56.1,"Alipur, Delhi - DPCC",22
site_5024,Delhi,Delhi,"Alipur, Delhi - DPCC",2025-06-21 22:15:00+00:00,2025-06-21 22:15:00+00:00,32.0,67.0,,190.0,0.0,0.0,5.0,978.0,,co,1.12,"Alipur, Delhi - DPCC",22
site_5024,Delhi,Delhi,"Alipur, Delhi - DPCC",2025-06-21 22:15:00+00:00,2025-06-21 22:15:00+00:00,32.0,67.0,,190.0,0.0,0.0,5.0,978.0,,benzene,0.3,"Alipur, Delhi - DPCC",22
site_1420,Delhi,Delhi,"Ashok Vihar, Delhi - DPCC",2025-06-21 22:15:00+00:00,2025-06-21 22:15:00+00:00,31.7,69.0,1.5,138.0,0.0,0.0,10.0,982.0,,pm25,39.0,"Ashok Vihar, Delhi - DPCC",22
site_108,Delhi,Delhi,"Aya Nagar, Delhi - IMD",2025-06-21 22:15:00+00:00,2025-06-21 22:15:00+00:00,,,,,,0.0,,,,co,1.22,"Aya Nagar, Delhi - IMD",22
site_1420,Delhi,Delhi,"Ashok Vihar, Delhi - DPCC",2025-06-21 22:15:00+00:00,2025-06-21 22:15:00+00:00,31.7,69.0,1.5,138.0,0.0,0.0,10.0,982.0,,so2,6.4,"Ashok Vihar, Delhi - DPCC",22
site_104,Delhi,Delhi,"Burari Crossing, Delhi - IMD",2025-06-21 22:15:00+00:00,2025-06-21 22:15:00+00:00,,,,,,0.0,,,,no2,40.06,"Burari Crossing, Delhi - IMD",22
site_104,Delhi,Delhi,"Burari Crossing, Delhi - IMD",2025-06-21 22:15:00+00:00,2025-06-21 22:15:00+00:00,,,,,,0.0,,,,ozone,29.56,"Burari Crossing, Delhi - IMD",22
site_104,Delhi,Delhi,"Burari Crossing, Delhi - IMD",2025-06-21 22:15:00+00:00,2025-06-21 22:15:00+00:00,,,,,,0.0,,,,pm10,69.43,"Burari Crossing, Delhi - IMD",22
site_104,Delhi,Delhi,"Burari Crossing, Delhi - IMD",2025-06-21 22:15:00+00:00,2025-06-21 22:15:00+00:00,,,,,,0.0,,,,pm25,7.63,"Burari Crossing, Delhi - IMD",22
site_1420,Delhi,Delhi,"Ashok Vihar, Delhi - DPCC",2025-06-21 22:15:00+00:00,2025-06-21 22:15:00+00:00,31.7,69.0,1.5,138.0,0.0,0.0,10.0,982.0,,toluene,1.7,"Ashok Vihar, Delhi - DPCC",22
site_1420,Delhi,Delhi,"Ashok Vihar, Delhi - DPCC",2025-06-21 22:30:00+00:00,2025-06-21 22:30:00+00:00,31.7,69.0,1.5,142.0,0.0,0.0,10.0,982.0,,benzene,0.2,"Ashok Vihar, Delhi - DPCC",22
site_1560,Delhi,Delhi,"Bawana, Delhi - DPCC",2025-06-21 22:30:00+00:00,2025-06-21 22:30:00+00:00,32.8,69.0,1.6,158.0,0.0,0.0,6.0,989.0,,benzene,1.6,"Bawana, Delhi - DPCC",22
site_108,Delhi,Delhi,"Aya Nagar, Delhi - IMD",2025-06-21 22:30:00+00:00,2025-06-21 22:30:00+00:00,,,,,,0.0,,,,co,1.21,"Aya Nagar, Delhi - IMD",22
site_108,Delhi,Delhi,"Aya Nagar, Delhi - IMD",2025-06-21 22:30:00+00:00,2025-06-21 22:30:00+00:00,,,,,,0.0,,,,no,6.04,"Aya Nagar, Delhi - IMD",22
site_108,Delhi,Delhi,"Aya Nagar, Delhi - IMD",2025-06-21 22:30:00+00:00,2025-06-21 22:30:00+00:00,,,,,,0.0,,,,no2,18.11,"Aya Nagar, Delhi - IMD",22
site_108,Delhi,Delhi,"Aya Nagar, Delhi - IMD",2025-06-21 22:30:00+00:00,2025-06-21 22:30:00+00:00,,,,,,0.0,,,,ozone,36.28,"Aya Nagar, Delhi - IMD",22
site_108,Delhi,Delhi,"Aya Nagar, Delhi - IMD",2025-06-21 22:30:00+00:00,2025-06-21 22:30:00+00:00,,,,,,0.0,,,,pm10,62.38,"Aya Nagar, Delhi - IMD",22
site_1420,Delhi,Delhi,"Ashok Vihar, Delhi - DPCC",2025-06-21 22:30:00+00:00,2025-06-21 22:30:00+00:00,31.7,69.0,1.5,142.0,0.0,0.0,10.0,982.0,,so2,5.3,"Ashok Vihar, Delhi - DPCC",22
site_1420,Delhi,Delhi,"Ashok Vihar, Delhi - DPCC",2025-06-21 22:30:00+00:00,2025-06-21 22:30:00+00:00,31.7,69.0,1.5,142.0,0.0,0.0,10.0,982.0,,pm25,39.0,"Ashok Vihar, Delhi - DPCC",22
site_1420,Delhi,Delhi,"Ashok Vihar, Delhi - DPCC",2025-06-21 22:30:00+00:00,2025-06-21 22:30:00+00:00,31.7,69.0,1.5,142.0,0.0,0.0,10.0,982.0,,pm10,84.0,"Ashok Vihar, Delhi - DPCC",22
site_1420,Delhi,Delhi,"Ashok Vihar, Delhi - DPCC",2025-06-21 22:30:00+00:00,2025-06-21 22:30:00+00:00,31.7,69.0,1.5,142.0,0.0,0.0,10.0,982.0,,ozone,11.7,"Ashok Vihar, Delhi - DPCC",22
site_108,Delhi,Delhi,"Aya Nagar, Delhi - IMD",2025-06-21 22:30:00+00:00,2025-06-21 22:30:00+00:00,,,,,,0.0,,,,pm25,12.46,"Aya Nagar, Delhi - IMD",22
site_1420,Delhi,Delhi,"Ashok Vihar, Delhi - DPCC",2025-06-21 22:30:00+00:00,2025-06-21 22:30:00+00:00,31.7,69.0,1.5,142.0,0.0,0.0,10.0,982.0,,no2,35.4,"Ashok Vihar, Delhi - DPCC",22
site_1420,Delhi,Delhi,"Ashok Vihar, Delhi - DPCC",2025-06-21 22:30:00+00:00,2025-06-21 22:30:00+00:00,31.7,69.0,1.5,142.0,0.0,0.0,10.0,982.0,,no,5.0,"Ashok Vihar, Delhi - DPCC",22
site_1420,Delhi,Delhi,"Ashok Vihar, Delhi - DPCC",2025-06-21 22:30:00+00:00,2025-06-21 22:30:00+00:00,31.7,69.0,1.5,142.0,0.0,0.0,10.0,982.0,,nh3,28.2,"Ashok Vihar, Delhi - DPCC",22
site_1420,Delhi,Delhi,"Ashok Vihar, Delhi - DPCC",2025-06-21 22:30:00+00:00,2025-06-21 22:30:00+00:00,31.7,69.0,1.5,142.0,0.0,0.0,10.0,982.0,,co,0.97,"Ashok Vihar, Delhi - DPCC",22
site_1420,Delhi,Delhi,"Ashok Vihar, Delhi - DPCC",2025-06-21 22:30:00+00:00,2025-06-21 22:30:00+00:00,31.7,69.0,1.5,142.0,0.0,0.0,10.0,982.0,,toluene,1.5,"Ashok Vihar, Delhi - DPCC",22
site_1560,Delhi,Delhi,"Bawana, Delhi - DPCC",2025-06-21 22:30:00+00:00,2025-06-21 22:30:00+00:00,32.8,69.0,1.6,158.0,0.0,0.0,6.0,989.0,,co,1.08,"Bawana, Delhi - DPCC",22
site_1560,Delhi,Delhi,"Bawana, Delhi - DPCC",2025-06-21 22:30:00+00:00,2025-06-21 22:30:00+00:00,32.8,69.0,1.6,158.0,0.0,0.0,6.0,989.0,,no,7.2,"Bawana, Delhi - DPCC",22
site_1560,Delhi,Delhi,"Bawana, Delhi - DPCC",2025-06-21 22:30:00+00:00,2025-06-21 22:30:00+00:00,32.8,69.0,1.6,158.0,0.0,0.0,6.0,989.0,,no2,21.8,"Bawana, Delhi - DPCC",22
site_5024,Delhi,Delhi,"Alipur, Delhi - DPCC",2025-06-21 22:30:00+00:00,2025-06-21 22:30:00+00:00,32.1,66.0,,318.0,0.0,0.0,5.0,978.0,,toluene,0.6,"Alipur, Delhi - DPCC",22
site_1560,Delhi,Delhi,"Bawana, Delhi - DPCC",2025-06-21 22:30:00+00:00,2025-06-21 22:30:00+00:00,32.8,69.0,1.6,158.0,0.0,0.0,6.0,989.0,,nh3,27.1,"Bawana, Delhi - DPCC",22
site_104,Delhi,Delhi,"Burari Crossing, Delhi - IMD",2025-06-21 22:30:00+00:00,2025-06-21 22:30:00+00:00,,,,,,0.0,,,,no2,34.85,"Burari Crossing, Delhi - IMD",22
site_104,Delhi,Delhi,"Burari Crossing, Delhi - IMD",2025-06-21 22:30:00+00:00,2025-06-21 22:30:00+00:00,,,,,,0.0,,,,no,10.08,"Burari Crossing, Delhi - IMD",22
site_104,Delhi,Delhi,"Burari Crossing, Delhi - IMD",2025-06-21 22:30:00+00:00,2025-06-21 22:30:00+00:00,,,,,,0.0,,,,co,0.84,"Burari Crossing, Delhi - IMD",22
site_104,Delhi,Delhi,"Burari Crossing, Delhi - IMD",2025-06-21 22:30:00+00:00,2025-06-21 22:30:00+00:00,,,,,,0.0,,,,ozone,36.77,"Burari Crossing, Delhi - IMD",22
site_301,Delhi,Delhi,"Anand Vihar, Delhi - DPCC",2025-06-21 22:30:00+00:00,2025-06-21 22:30:00+00:00,32.3,66.0,0.3,170.0,,0.0,5.0,743.0,,benzene,1.3,"Anand Vihar, Delhi - DPCC",22
site_5024,Delhi,Delhi,"Alipur, Delhi - DPCC",2025-06-21 22:30:00+00:00,2025-06-21 22:30:00+00:00,32.1,66.0,,318.0,0.0,0.0,5.0,978.0,,so2,10.8,"Alipur, Delhi - DPCC",22
site_301,Delhi,Delhi,"Anand Vihar, Delhi - DPCC",2025-06-21 22:30:00+00:00,2025-06-21 22:30:00+00:00,32.3,66.0,0.3,170.0,,0.0,5.0,743.0,,co,1.96,"Anand Vihar, Delhi - DPCC",22
site_301,Delhi,Delhi,"Anand Vihar, Delhi - DPCC",2025-06-21 22:30:00+00:00,2025-06-21 22:30:00+00:00,32.3,66.0,0.3,170.0,,0.0,5.0,743.0,,no,27.9,"Anand Vihar, Delhi - DPCC",22
site_301,Delhi,Delhi,"Anand Vihar, Delhi - DPCC",2025-06-21 22:30:00+00:00,2025-06-21 22:30:00+00:00,32.3,66.0,0.3,170.0,,0.0,5.0,743.0,,no2,41.6,"Anand Vihar, Delhi - DPCC",22
site_301,Delhi,Delhi,"Anand Vihar, Delhi - DPCC",2025-06-21 22:30:00+00:00,2025-06-21 22:30:00+00:00,32.3,66.0,0.3,170.0,,0.0,5.0,743.0,,ozone,16.6,"Anand Vihar, Delhi - DPCC",22
site_301,Delhi,Delhi,"Anand Vihar, Delhi - DPCC",2025-06-21 22:30:00+00:00,2025-06-21 22:30:00+00:00,32.3,66.0,0.3,170.0,,0.0,5.0,743.0,,pm10,114.0,"Anand Vihar, Delhi - DPCC",22
site_301,Delhi,Delhi,"Anand Vihar, Delhi - DPCC",2025-06-21 22:30:00+00:00,2025-06-21 22:30:00+00:00,32.3,66.0,0.3,170.0,,0.0,5.0,743.0,,pm25,34.0,"Anand Vihar, Delhi - DPCC",22
site_301,Delhi,Delhi,"Anand Vihar, Delhi - DPCC",2025-06-21 22:30:00+00:00,2025-06-21 22:30:00+00:00,32.3,66.0,0.3,170.0,,0.0,5.0,743.0,,so2,42.9,"Anand Vihar, Delhi - DPCC",22
site_301,Delhi,Delhi,"Anand Vihar, Delhi - DPCC",2025-06-21 22:30:00+00:00,2025-06-21 22:30:00+00:00,32.3,66.0,0.3,170.0,,0.0,5.0,743.0,,toluene,16.0,"Anand Vihar, Delhi - DPCC",22
site_301,Delhi,Delhi,"Anand Vihar, Delhi - DPCC",2025-06-21 22:30:00+00:00,2025-06-21 22:30:00+00:00,32.3,66.0,0.3,170.0,,0.0,5.0,743.0,,nh3,14.4,"Anand Vihar, Delhi - DPCC",22
site_104,Delhi,Delhi,"Burari Crossing, Delhi - IMD",2025-06-21 22:30:00+00:00,2025-06-21 22:30:00+00:00,,,,,,0.0,,,,pm10,70.9,"Burari Crossing, Delhi - IMD",22
site_5024,Delhi,Delhi,"Alipur, Delhi - DPCC",2025-06-21 22:30:00+00:00,2025-06-21 22:30:00+00:00,32.1,66.0,,318.0,0.0,0.0,5.0,978.0,,pm25,85.0,"Alipur, Delhi - DPCC",22
site_5024,Delhi,Delhi,"Alipur, Delhi - DPCC",2025-06-21 22:30:00+00:00,2025-06-21 22:30:00+00:00,32.1,66.0,,318.0,0.0,0.0,5.0,978.0,,ozone,14.2,"Alipur, Delhi - DPCC",22
site_1560,Delhi,Delhi,"Bawana, Delhi - DPCC",2025-06-21 22:30:00+00:00,2025-06-21 22:30:00+00:00,32.8,69.0,1.6,158.0,0.0,0.0,6.0,989.0,,ozone,10.6,"Bawana, Delhi - DPCC",22
site_1560,Delhi,Delhi,"Bawana, Delhi - DPCC",2025-06-21 22:30:00+00:00,2025-06-21 22:30:00+00:00,32.8,69.0,1.6,158.0,0.0,0.0,6.0,989.0,,pm10,102.0,"Bawana, Delhi - DPCC",22
site_1560,Delhi,Delhi,"Bawana, Delhi - DPCC",2025-06-21 22:30:00+00:00,2025-06-21 22:30:00+00:00,32.8,69.0,1.6,158.0,0.0,0.0,6.0,989.0,,pm25,51.0,"Bawana, Delhi - DPCC",22
site_1560,Delhi,Delhi,"Bawana, Delhi - DPCC",2025-06-21 22:30:00+00:00,2025-06-21 22:30:00+00:00,32.8,69.0,1.6,158.0,0.0,0.0,6.0,989.0,,so2,4.7,"Bawana, Delhi - DPCC",22
site_1560,Delhi,Delhi,"Bawana, Delhi - DPCC",2025-06-21 22:30:00+00:00,2025-06-21 22:30:00+00:00,32.8,69.0,1.6,158.0,0.0,0.0,6.0,989.0,,toluene,15.7,"Bawana, Delhi - DPCC",22
site_5024,Delhi,Delhi,"Alipur, Delhi - DPCC",2025-06-21 22:30:00+00:00,2025-06-21 22:30:00+00:00,32.1,66.0,,318.0,0.0,0.0,5.0,978.0,,benzene,0.3,"Alipur, Delhi - DPCC",22
site_5024,Delhi,Delhi,"Alipur, Delhi - DPCC",2025-06-21 22:30:00+00:00,2025-06-21 22:30:00+00:00,32.1,66.0,,318.0,0.0,0.0,5.0,978.0,,co,0.82,"Alipur, Delhi - DPCC",22
site_5024,Delhi,Delhi,"Alipur, Delhi - DPCC",2025-06-21 22:30:00+00:00,2025-06-21 22:30:00+00:00,32.1,66.0,,318.0,0.0,0.0,5.0,978.0,,nh3,54.6,"Alipur, Delhi - DPCC",22
site_5024,Delhi,Delhi,"Alipur, Delhi - DPCC",2025-06-21 22:30:00+00:00,2025-06-21 22:30:00+00:00,32.1,66.0,,318.0,0.0,0.0,5.0,978.0,,no,3.4,"Alipur, Delhi - DPCC",22
site_5024,Delhi,Delhi,"Alipur, Delhi - DPCC",2025-06-21 22:30:00+00:00,2025-06-21 22:30:00+00:00,32.1,66.0,,318.0,0.0,0.0,5.0,978.0,,no2,36.5,"Alipur, Delhi - DPCC",22
site_5024,Delhi,Delhi,"Alipur, Delhi - DPCC",2025-06-21 22:30:00+00:00,2025-06-21 22:30:00+00:00,32.1,66.0,,318.0,0.0,0.0,5.0,978.0,,pm10,169.0,"Alipur, Delhi - DPCC",22
site_104,Delhi,Delhi,"Burari Crossing, Delhi - IMD",2025-06-21 22:30:00+00:00,2025-06-21 22:30:00+00:00,,,,,,0.0,,,,pm25,10.2,"Burari Crossing, Delhi - IMD",22
site_1420,Delhi,Delhi,"Ashok Vihar, Delhi - DPCC",2025-06-21 22:45:00+00:00,2025-06-21 22:45:00+00:00,31.7,69.0,1.7,130.0,0.0,0.0,10.0,982.0,,pm10,84.0,"Ashok Vihar, Delhi - DPCC",22
site_1420,Delhi,Delhi,"Ashok Vihar, Delhi - DPCC",2025-06-21 22:45:00+00:00,2025-06-21 22:45:00+00:00,31.7,69.0,1.7,130.0,0.0,0.0,10.0,982.0,,ozone,11.4,"Ashok Vihar, Delhi - DPCC",22
site_1420,Delhi,Delhi,"Ashok Vihar, Delhi - DPCC",2025-06-21 22:45:00+00:00,2025-06-21 22:45:00+00:00,31.7,69.0,1.7,130.0,0.0,0.0,10.0,982.0,,no2,30.5,"Ashok Vihar, Delhi - DPCC",22
site_1420,Delhi,Delhi,"Ashok Vihar, Delhi - DPCC",2025-06-21 22:45:00+00:00,2025-06-21 22:45:00+00:00,31.7,69.0,1.7,130.0,0.0,0.0,10.0,982.0,,no,4.8,"Ashok Vihar, Delhi - DPCC",22
site_1420,Delhi,Delhi,"Ashok Vihar, Delhi - DPCC",2025-06-21 22:45:00+00:00,2025-06-21 22:45:00+00:00,31.7,69.0,1.7,130.0,0.0,0.0,10.0,982.0,,benzene,0.2,"Ashok Vihar, Delhi - DPCC",22
site_1420,Delhi,Delhi,"Ashok Vihar, Delhi - DPCC",2025-06-21 22:45:00+00:00,2025-06-21 22:45:00+00:00,31.7,69.0,1.7,130.0,0.0,0.0,10.0,982.0,,nh3,29.3,"Ashok Vihar, Delhi - DPCC",22
site_1420,Delhi,Delhi,"Ashok Vihar, Delhi - DPCC",2025-06-21 22:45:00+00:00,2025-06-21 22:45:00+00:00,31.7,69.0,1.7,130.0,0.0,0.0,10.0,982.0,,co,0.88,"Ashok Vihar, Delhi - DPCC",22
site_104,Delhi,Delhi,"Burari Crossing, Delhi - IMD",2025-06-21 22:45:00+00:00,2025-06-21 22:45:00+00:00,,,,,,0.0,,,,no,10.22,"Burari Crossing, Delhi - IMD",22
site_1420,Delhi,Delhi,"Ashok Vihar, Delhi - DPCC",2025-06-21 22:45:00+00:00,2025-06-21 22:45:00+00:00,31.7,69.0,1.7,130.0,0.0,0.0,10.0,982.0,,pm25,39.0,"Ashok Vihar, Delhi - DPCC",22
site_104,Delhi,Delhi,"Burari Crossing, Delhi - IMD",2025-06-21 22:45:00+00:00,2025-06-21 22:45:00+00:00,,,,,,0.0,,,,no2,33.72,"Burari Crossing, Delhi - IMD",22
site_104,Delhi,Delhi,"Burari Crossing, Delhi - IMD",2025-06-21 22:45:00+00:00,2025-06-21 22:45:00+00:00,,,,,,0.0,,,,ozone,38.59,"Burari Crossing, Delhi - IMD",22
site_104,Delhi,Delhi,"Burari Crossing, Delhi - IMD",2025-06-21 22:45:00+00:00,2025-06-21 22:45:00+00:00,,,,,,0.0,,,,pm10,73.33,"Burari Crossing, Delhi - IMD",22
site_104,Delhi,Delhi,"Burari Crossing, Delhi - IMD",2025-06-21 22:45:00+00:00,2025-06-21 22:45:00+00:00,,,,,,0.0,,,,pm25,8.82,"Burari Crossing, Delhi - IMD",22
site_5024,Delhi,Delhi,"Alipur, Delhi - DPCC",2025-06-21 22:45:00+00:00,2025-06-21 22:45:00+00:00,32.1,66.0,,322.0,0.0,0.0,5.0,978.0,,benzene,0.3,"Alipur, Delhi - DPCC",22
site_301,Delhi,Delhi,"Anand Vihar, Delhi - DPCC",2025-06-21 22:45:00+00:00,2025-06-21 22:45:00+00:00,32.2,66.0,0.3,217.0,,0.0,5.0,743.0,,no2,37.6,"Anand Vihar, Delhi - DPCC",22
site_301,Delhi,Delhi,"Anand Vihar, Delhi - DPCC",2025-06-21 22:45:00+00:00,2025-06-21 22:45:00+00:00,32.2,66.0,0.3,217.0,,0.0,5.0,743.0,,ozone,11.0,"Anand Vihar, Delhi - DPCC",22
site_301,Delhi,Delhi,"Anand Vihar, Delhi - DPCC",2025-06-21 22:45:00+00:00,2025-06-21 22:45:00+00:00,32.2,66.0,0.3,217.0,,0.0,5.0,743.0,,pm10,114.0,"Anand Vihar, Delhi - DPCC",22
site_301,Delhi,Delhi,"Anand Vihar, Delhi - DPCC",2025-06-21 22:45:00+00:00,2025-06-21 22:45:00+00:00,32.2,66.0,0.3,217.0,,0.0,5.0,743.0,,pm25,34.0,"Anand Vihar, Delhi - DPCC",22
site_301,Delhi,Delhi,"Anand Vihar, Delhi - DPCC",2025-06-21 22:45:00+00:00,2025-06-21 22:45:00+00:00,32.2,66.0,0.3,217.0,,0.0,5.0,743.0,,so2,51.0,"Anand Vihar, Delhi - DPCC",22
site_301,Delhi,Delhi,"Anand Vihar, Delhi - DPCC",2025-06-21 22:45:00+00:00,2025-06-21 22:45:00+00:00,32.2,66.0,0.3,217.0,,0.0,5.0,743.0,,toluene,16.9,"Anand Vihar, Delhi - DPCC",22
site_104,Delhi,Delhi,"Burari Crossing, Delhi - IMD",2025-06-21 22:45:00+00:00,2025-06-21 22:45:00+00:00,,,,,,0.0,,,,co,0.81,"Burari Crossing, Delhi - IMD",22
site_1420,Delhi,Delhi,"Ashok Vihar, Delhi - DPCC",2025-06-21 22:45:00+00:00,2025-06-21 22:45:00+00:00,31.7,69.0,1.7,130.0,0.0,0.0,10.0,982.0,,so2,5.7,"Ashok Vihar, Delhi - DPCC",22
site_5024,Delhi,Delhi,"Alipur, Delhi - DPCC",2025-06-21 22:45:00+00:00,2025-06-21 22:45:00+00:00,32.1,66.0,,322.0,0.0,0.0,5.0,978.0,,toluene,0.6,"Alipur, Delhi - DPCC",22
site_108,Delhi,Delhi,"Aya Nagar, Delhi - IMD",2025-06-21 22:45:00+00:00,2025-06-21 22:45:00+00:00,,,,,,0.0,,,,pm10,56.11,"Aya Nagar, Delhi - IMD",22
site_5024,Delhi,Delhi,"Alipur, Delhi - DPCC",2025-06-21 22:45:00+00:00,2025-06-21 22:45:00+00:00,32.1,66.0,,322.0,0.0,0.0,5.0,978.0,,co,1.29,"Alipur, Delhi - DPCC",22
site_5024,Delhi,Delhi,"Alipur, Delhi - DPCC",2025-06-21 22:45:00+00:00,2025-06-21 22:45:00+00:00,32.1,66.0,,322.0,0.0,0.0,5.0,978.0,,nh3,52.9,"Alipur, Delhi - DPCC",22
site_5024,Delhi,Delhi,"Alipur, Delhi - DPCC",2025-06-21 22:45:00+00:00,2025-06-21 22:45:00+00:00,32.1,66.0,,322.0,0.0,0.0,5.0,978.0,,no,3.7,"Alipur, Delhi - DPCC",22
site_5024,Delhi,Delhi,"Alipur, Delhi - DPCC",2025-06-21 22:45:00+00:00,2025-06-21 22:45:00+00:00,32.1,66.0,,322.0,0.0,0.0,5.0,978.0,,no2,33.9,"Alipur, Delhi - DPCC",22
site_5024,Delhi,Delhi,"Alipur, Delhi - DPCC",2025-06-21 22:45:00+00:00,2025-06-21 22:45:00+00:00,32.1,66.0,,322.0,0.0,0.0,5.0,978.0,,ozone,12.8,"Alipur, Delhi - DPCC",22
site_5024,Delhi,Delhi,"Alipur, Delhi - DPCC",2025-06-21 22:45:00+00:00,2025-06-21 22:45:00+00:00,32.1,66.0,,322.0,0.0,0.0,5.0,978.0,,pm10,169.0,"Alipur, Delhi - DPCC",22
site_108,Delhi,Delhi,"Aya Nagar, Delhi - IMD",2025-06-21 22:45:00+00:00,2025-06-21 22:45:00+00:00,,,,,,0.0,,,,pm25,11.85,"Aya Nagar, Delhi - IMD",22
site_1420,Delhi,Delhi,"Ashok Vihar, Delhi - DPCC",2025-06-21 22:45:00+00:00,2025-06-21 22:45:00+00:00,31.7,69.0,1.7,130.0,0.0,0.0,10.0,982.0,,toluene,1.2,"Ashok Vihar, Delhi - DPCC",22
site_108,Delhi,Delhi,"Aya Nagar, Delhi - IMD",2025-06-21 22:45:00+00:00,2025-06-21 22:45:00+00:00,,,,,,0.0,,,,ozone,27.7,"Aya Nagar, Delhi - IMD",22
site_108,Delhi,Delhi,"Aya Nagar, Delhi - IMD",2025-06-21 22:45:00+00:00,2025-06-21 22:45:00+00:00,,,,,,0.0,,,,no2,18.92,"Aya Nagar, Delhi - IMD",22
site_108,Delhi,Delhi,"Aya Nagar, Delhi - IMD",2025-06-21 22:45:00+00:00,2025-06-21 22:45:00+00:00,,,,,,0.0,,,,no,6.67,"Aya Nagar, Delhi - IMD",22
site_108,Delhi,Delhi,"Aya Nagar, Delhi - IMD",2025-06-21 22:45:00+00:00,2025-06-21 22:45:00+00:00,,,,,,0.0,,,,co,1.2,"Aya Nagar, Delhi - IMD",22
site_1560,Delhi,Delhi,"Bawana, Delhi - DPCC",2025-06-21 22:45:00+00:00,2025-06-21 22:45:00+00:00,32.9,67.0,2.5,172.0,0.0,0.0,5.0,989.0,,toluene,16.7,"Bawana, Delhi - DPCC",22
site_301,Delhi,Delhi,"Anand Vihar, Delhi - DPCC",2025-06-21 22:45:00+00:00,2025-06-21 22:45:00+00:00,32.2,66.0,0.3,217.0,,0.0,5.0,743.0,,benzene,1.4,"Anand Vihar, Delhi - DPCC",22
site_301,Delhi,Delhi,"Anand Vihar, Delhi - DPCC",2025-06-21 22:45:00+00:00,2025-06-21 22:45:00+00:00,32.2,66.0,0.3,217.0,,0.0,5.0,743.0,,co,2.03,"Anand Vihar, Delhi - DPCC",22
site_301,Delhi,Delhi,"Anand Vihar, Delhi - DPCC",2025-06-21 22:45:00+00:00,2025-06-21 22:45:00+00:00,32.2,66.0,0.3,217.0,,0.0,5.0,743.0,,nh3,14.2,"Anand Vihar, Delhi - DPCC",22
site_301,Delhi,Delhi,"Anand Vihar, Delhi - DPCC",2025-06-21 22:45:00+00:00,2025-06-21 22:45:00+00:00,32.2,66.0,0.3,217.0,,0.0,5.0,743.0,,no,23.2,"Anand Vihar, Delhi - DPCC",22
site_5024,Delhi,Delhi,"Alipur, Delhi - DPCC",2025-06-21 22:45:00+00:00,2025-06-21 22:45:00+00:00,32.1,66.0,,322.0,0.0,0.0,5.0,978.0,,pm25,85.0,"Alipur, Delhi - DPCC",22
site_1560,Delhi,Delhi,"Bawana, Delhi - DPCC",2025-06-21 22:45:00+00:00,2025-06-21 22:45:00+00:00,32.9,67.0,2.5,172.0,0.0,0.0,5.0,989.0,,pm10,102.0,"Bawana, Delhi - DPCC",22
site_1560,Delhi,Delhi,"Bawana, Delhi - DPCC",2025-06-21 22:45:00+00:00,2025-06-21 22:45:00+00:00,32.9,67.0,2.5,172.0,0.0,0.0,5.0,989.0,,ozone,8.3,"Bawana, Delhi - DPCC",22
site_1560,Delhi,Delhi,"Bawana, Delhi - DPCC",2025-06-21 22:45:00+00:00,2025-06-21 22:45:00+00:00,32.9,67.0,2.5,172.0,0.0,0.0,5.0,989.0,,no2,21.0,"Bawana, Delhi - DPCC",22
site_1560,Delhi,Delhi,"Bawana, Delhi - DPCC",2025-06-21 22:45:00+00:00,2025-06-21 22:45:00+00:00,32.9,67.0,2.5,172.0,0.0,0.0,5.0,989.0,,no,6.9,"Bawana, Delhi - DPCC",22
site_1560,Delhi,Delhi,"Bawana, Delhi - DPCC",2025-06-21 22:45:00+00:00,2025-06-21 22:45:00+00:00,32.9,67.0,2.5,172.0,0.0,0.0,5.0,989.0,,nh3,27.3,"Bawana, Delhi - DPCC",22
site_1560,Delhi,Delhi,"Bawana, Delhi - DPCC",2025-06-21 22:45:00+00:00,2025-06-21 22:45:00+00:00,32.9,67.0,2.5,172.0,0.0,0.0,5.0,989.0,,co,0.93,"Bawana, Delhi - DPCC",22
site_1560,Delhi,Delhi,"Bawana, Delhi - DPCC",2025-06-21 22:45:00+00:00,2025-06-21 22:45:00+00:00,32.9,67.0,2.5,172.0,0.0,0.0,5.0,989.0,,benzene,1.6,"Bawana, Delhi - DPCC",22
site_1560,Delhi,Delhi,"Bawana, Delhi - DPCC",2025-06-21 22:45:00+00:00,2025-06-21 22:45:00+00:00,32.9,67.0,2.5,172.0,0.0,0.0,5.0,989.0,,so2,4.4,"Bawana, Delhi - DPCC",22
site_1560,Delhi,Delhi,"Bawana, Delhi - DPCC",2025-06-21 22:45:00+00:00,2025-06-21 22:45:00+00:00,32.9,67.0,2.5,172.0,0.0,0.0,5.0,989.0,,pm25,51.0,"Bawana, Delhi - DPCC",22
site_5024,Delhi,Delhi,"Alipur, Delhi - DPCC",2025-06-21 23:00:00+00:00,2025-06-21 23:00:00+00:00,32.1,67.0,,235.0,0.0,0.0,5.0,978.0,,pm10,91.0,"Alipur, Delhi - DPCC",23
site_5024,Delhi,Delhi,"Alipur, Delhi - DPCC",2025-06-21 23:00:00+00:00,2025-06-21 23:00:00+00:00,32.1,67.0,,235.0,0.0,0.0,5.0,978.0,,co,1.34,"Alipur, Delhi - DPCC",23
site_5024,Delhi,Delhi,"Alipur, Delhi - DPCC",2025-06-21 23:00:00+00:00,2025-06-21 23:00:00+00:00,32.1,67.0,,235.0,0.0,0.0,5.0,978.0,,eth_benzene,0.1,"Alipur, Delhi - DPCC",23
site_5024,Delhi,Delhi,"Alipur, Delhi - DPCC",2025-06-21 23:00:00+00:00,2025-06-21 23:00:00+00:00,32.1,67.0,,235.0,0.0,0.0,5.0,978.0,,nh3,52.1,"Alipur, Delhi - DPCC",23
site_5024,Delhi,Delhi,"Alipur, Delhi - DPCC",2025-06-21 23:00:00+00:00,2025-06-21 23:00:00+00:00,32.1,67.0,,235.0,0.0,0.0,5.0,978.0,,no,3.9,"Alipur, Delhi - DPCC",23
site_5024,Delhi,Delhi,"Alipur, Delhi - DPCC",2025-06-21 23:00:00+00:00,2025-06-21 23:00:00+00:00,32.1,67.0,,235.0,0.0,0.0,5.0,978.0,,no2,32.7,"Alipur, Delhi - DPCC",23
site_5024,Delhi,Delhi,"Alipur, Delhi - DPCC",2025-06-21 23:00:00+00:00,2025-06-21 23:00:00+00:00,32.1,67.0,,235.0,0.0,0.0,5.0,978.0,,ozone,12.4,"Alipur, Delhi - DPCC",23
site_5024,Delhi,Delhi,"Alipur, Delhi - DPCC",2025-06-21 23:00:00+00:00,2025-06-21 23:00:00+00:00,32.1,67.0,,235.0,0.0,0.0,5.0,978.0,,benzene,0.3,"Alipur, Delhi - DPCC",23
site_5024,Delhi,Delhi,"Alipur, Delhi - DPCC",2025-06-21 23:00:00+00:00,2025-06-21 23:00:00+00:00,32.1,67.0,,235.0,0.0,0.0,5.0,978.0,,pm25,34.0,"Alipur, Delhi - DPCC",23
site_108,Delhi,Delhi,"Aya Nagar, Delhi - IMD",2025-06-21 23:00:00+00:00,2025-06-21 23:00:00+00:00,,,,,,0.0,,,,no,6.82,"Aya Nagar, Delhi - IMD",23
site_5024,Delhi,Delhi,"Alipur, Delhi - DPCC",2025-06-21 23:00:00+00:00,2025-06-21 23:00:00+00:00,32.1,67.0,,235.0,0.0,0.0,5.0,978.0,,toluene,0.7,"Alipur, Delhi - DPCC",23
site_1560,Delhi,Delhi,"Bawana, Delhi - DPCC",2025-06-21 23:00:00+00:00,2025-06-21 23:00:00+00:00,32.9,66.0,1.5,166.0,0.0,0.0,5.0,989.0,,benzene,1.5,"Bawana, Delhi - DPCC",23
site_1560,Delhi,Delhi,"Bawana, Delhi - DPCC",2025-06-21 23:00:00+00:00,2025-06-21 23:00:00+00:00,32.9,66.0,1.5,166.0,0.0,0.0,5.0,989.0,,co,0.8,"Bawana, Delhi - DPCC",23
site_1560,Delhi,Delhi,"Bawana, Delhi - DPCC",2025-06-21 23:00:00+00:00,2025-06-21 23:00:00+00:00,32.9,66.0,1.5,166.0,0.0,0.0,5.0,989.0,,nh3,27.1,"Bawana, Delhi - DPCC",23
site_1560,Delhi,Delhi,"Bawana, Delhi - DPCC",2025-06-21 23:00:00+00:00,2025-06-21 23:00:00+00:00,32.9,66.0,1.5,166.0,0.0,0.0,5.0,989.0,,no,5.9,"Bawana, Delhi - DPCC",23
site_1560,Delhi,Delhi,"Bawana, Delhi - DPCC",2025-06-21 23:00:00+00:00,2025-06-21 23:00:00+00:00,32.9,66.0,1.5,166.0,0.0,0.0,5.0,989.0,,no2,18.1,"Bawana, Delhi - DPCC",23
site_1560,Delhi,Delhi,"Bawana, Delhi - DPCC",2025-06-21 23:00:00+00:00,2025-06-21 23:00:00+00:00,32.9,66.0,1.5,166.0,0.0,0.0,5.0,989.0,,ozone,7.0,"Bawana, Delhi - DPCC",23
site_1560,Delhi,Delhi,"Bawana, Delhi - DPCC",2025-06-21 23:00:00+00:00,2025-06-21 23:00:00+00:00,32.9,66.0,1.5,166.0,0.0,0.0,5.0,989.0,,pm10,90.0,"Bawana, Delhi - DPCC",23
site_1560,Delhi,Delhi,"Bawana, Delhi - DPCC",2025-06-21 23:00:00+00:00,2025-06-21 23:00:00+00:00,32.9,66.0,1.5,166.0,0.0,0.0,5.0,989.0,,pm25,42.0,"Bawana, Delhi - DPCC",23
site_104,Delhi,Delhi,"Burari Crossing, Delhi - IMD",2025-06-21 23:00:00+00:00,2025-06-21 23:00:00+00:00,,,,,,0.0,,,,pm25,3.25,"Burari Crossing, Delhi - IMD",23
site_1560,Delhi,Delhi,"Bawana, Delhi - DPCC",2025-06-21 23:00:00+00:00,2025-06-21 23:00:00+00:00,32.9,66.0,1.5,166.0,0.0,0.0,5.0,989.0,,so2,4.5,"Bawana, Delhi - DPCC",23
site_301,Delhi,Delhi,"Anand Vihar, Delhi - DPCC",2025-06-21 23:00:00+00:00,2025-06-21 23:00:00+00:00,32.2,65.0,0.6,229.0,,0.0,5.0,743.0,,benzene,1.4,"Anand Vihar, Delhi - DPCC",23
site_301,Delhi,Delhi,"Anand Vihar, Delhi - DPCC",2025-06-21 23:00:00+00:00,2025-06-21 23:00:00+00:00,32.2,65.0,0.6,229.0,,0.0,5.0,743.0,,co,1.9,"Anand Vihar, Delhi - DPCC",23
site_301,Delhi,Delhi,"Anand Vihar, Delhi - DPCC",2025-06-21 23:00:00+00:00,2025-06-21 23:00:00+00:00,32.2,65.0,0.6,229.0,,0.0,5.0,743.0,,nh3,11.9,"Anand Vihar, Delhi - DPCC",23
site_301,Delhi,Delhi,"Anand Vihar, Delhi - DPCC",2025-06-21 23:00:00+00:00,2025-06-21 23:00:00+00:00,32.2,65.0,0.6,229.0,,0.0,5.0,743.0,,no,19.3,"Anand Vihar, Delhi - DPCC",23
site_301,Delhi,Delhi,"Anand Vihar, Delhi - DPCC",2025-06-21 23:00:00+00:00,2025-06-21 23:00:00+00:00,32.2,65.0,0.6,229.0,,0.0,5.0,743.0,,no2,41.2,"Anand Vihar, Delhi - DPCC",23
site_301,Delhi,Delhi,"Anand Vihar, Delhi - DPCC",2025-06-21 23:00:00+00:00,2025-06-21 23:00:00+00:00,32.2,65.0,0.6,229.0,,0.0,5.0,743.0,,ozone,11.7,"Anand Vihar, Delhi - DPCC",23
site_301,Delhi,Delhi,"Anand Vihar, Delhi - DPCC",2025-06-21 23:00:00+00:00,2025-06-21 23:00:00+00:00,32.2,65.0,0.6,229.0,,0.0,5.0,743.0,,pm10,130.0,"Anand Vihar, Delhi - DPCC",23
site_301,Delhi,Delhi,"Anand Vihar, Delhi - DPCC",2025-06-21 23:00:00+00:00,2025-06-21 23:00:00+00:00,32.2,65.0,0.6,229.0,,0.0,5.0,743.0,,pm25,37.0,"Anand Vihar, Delhi - DPCC",23
site_1560,Delhi,Delhi,"Bawana, Delhi - DPCC",2025-06-21 23:00:00+00:00,2025-06-21 23:00:00+00:00,32.9,66.0,1.5,166.0,0.0,0.0,5.0,989.0,,toluene,14.4,"Bawana, Delhi - DPCC",23
site_5024,Delhi,Delhi,"Alipur, Delhi - DPCC",2025-06-21 23:00:00+00:00,2025-06-21 23:00:00+00:00,32.1,67.0,,235.0,0.0,0.0,5.0,978.0,,so2,8.5,"Alipur, Delhi - DPCC",23
site_104,Delhi,Delhi,"Burari Crossing, Delhi - IMD",2025-06-21 23:00:00+00:00,2025-06-21 23:00:00+00:00,,,,,,0.0,,,,pm10,70.72,"Burari Crossing, Delhi - IMD",23
site_104,Delhi,Delhi,"Burari Crossing, Delhi - IMD",2025-06-21 23:00:00+00:00,2025-06-21 23:00:00+00:00,,,,,,0.0,,,,no2,33.26,"Burari Crossing, Delhi - IMD",23
site_1420,Delhi,Delhi,"Ashok Vihar, Delhi - DPCC",2025-06-21 23:00:00+00:00,2025-06-21 23:00:00+00:00,31.7,68.0,1.5,153.0,0.0,0.0,10.0,982.0,,benzene,0.2,"Ashok Vihar, Delhi - DPCC",23
site_1420,Delhi,Delhi,"Ashok Vihar, Delhi - DPCC",2025-06-21 23:00:00+00:00,2025-06-21 23:00:00+00:00,31.7,68.0,1.5,153.0,0.0,0.0,10.0,982.0,,co,0.82,"Ashok Vihar, Delhi - DPCC",23
site_1420,Delhi,Delhi,"Ashok Vihar, Delhi - DPCC",2025-06-21 23:00:00+00:00,2025-06-21 23:00:00+00:00,31.7,68.0,1.5,153.0,0.0,0.0,10.0,982.0,,nh3,30.3,"Ashok Vihar, Delhi - DPCC",23
site_1420,Delhi,Delhi,"Ashok Vihar, Delhi - DPCC",2025-06-21 23:00:00+00:00,2025-06-21 23:00:00+00:00,31.7,68.0,1.5,153.0,0.0,0.0,10.0,982.0,,no,3.7,"Ashok Vihar, Delhi - DPCC",23
site_1420,Delhi,Delhi,"Ashok Vihar, Delhi - DPCC",2025-06-21 23:00:00+00:00,2025-06-21 23:00:00+00:00,31.7,68.0,1.5,153.0,0.0,0.0,10.0,982.0,,no2,26.4,"Ashok Vihar, Delhi - DPCC",23
site_1420,Delhi,Delhi,"Ashok Vihar, Delhi - DPCC",2025-06-21 23:00:00+00:00,2025-06-21 23:00:00+00:00,31.7,68.0,1.5,153.0,0.0,0.0,10.0,982.0,,ozone,11.6,"Ashok Vihar, Delhi - DPCC",23
site_1420,Delhi,Delhi,"Ashok Vihar, Delhi - DPCC",2025-06-21 23:00:00+00:00,2025-06-21 23:00:00+00:00,31.7,68.0,1.5,153.0,0.0,0.0,10.0,982.0,,pm10,68.0,"Ashok Vihar, Delhi - DPCC",23
site_1420,Delhi,Delhi,"Ashok Vihar, Delhi - DPCC",2025-06-21 23:00:00+00:00,2025-06-21 23:00:00+00:00,31.7,68.0,1.5,153.0,0.0,0.0,10.0,982.0,,pm25,35.0,"Ashok Vihar, Delhi - DPCC",23
site_104,Delhi,Delhi,"Burari Crossing, Delhi - IMD",2025-06-21 23:00:00+00:00,2025-06-21 23:00:00+00:00,,,,,,0.0,,,,ozone,38.66,"Burari Crossing, Delhi - IMD",23
site_1420,Delhi,Delhi,"Ashok Vihar, Delhi - DPCC",2025-06-21 23:00:00+00:00,2025-06-21 23:00:00+00:00,31.7,68.0,1.5,153.0,0.0,0.0,10.0,982.0,,so2,5.9,"Ashok Vihar, Delhi - DPCC",23
site_108,Delhi,Delhi,"Aya Nagar, Delhi - IMD",2025-06-21 23:00:00+00:00,2025-06-21 23:00:00+00:00,,,,,,0.0,,,,co,1.15,"Aya Nagar, Delhi - IMD",23
site_301,Delhi,Delhi,"Anand Vihar, Delhi - DPCC",2025-06-21 23:00:00+00:00,2025-06-21 23:00:00+00:00,32.2,65.0,0.6,229.0,,0.0,5.0,743.0,,toluene,18.4,"Anand Vihar, Delhi - DPCC",23
site_108,Delhi,Delhi,"Aya Nagar, Delhi - IMD",2025-06-21 23:00:00+00:00,2025-06-21 23:00:00+00:00,,,,,,0.0,,,,no2,18.22,"Aya Nagar, Delhi - IMD",23
site_108,Delhi,Delhi,"Aya Nagar, Delhi - IMD",2025-06-21 23:00:00+00:00,2025-06-21 23:00:00+00:00,,,,,,0.0,,,,ozone,28.55,"Aya Nagar, Delhi - IMD",23
site_108,Delhi,Delhi,"Aya Nagar, Delhi - IMD",2025-06-21 23:00:00+00:00,2025-06-21 23:00:00+00:00,,,,,,0.0,,,,pm10,62.24,"Aya Nagar, Delhi - IMD",23
site_108,Delhi,Delhi,"Aya Nagar, Delhi - IMD",2025-06-21 23:00:00+00:00,2025-06-21 23:00:00+00:00,,,,,,0.0,,,,pm25,15.4,"Aya Nagar, Delhi - IMD",23
site_104,Delhi,Delhi,"Burari Crossing, Delhi - IMD",2025-06-21 23:00:00+00:00,2025-06-21 23:00:00+00:00,,,,,,0.0,,,,co,0.8,"Burari Crossing, Delhi - IMD",23
site_104,Delhi,Delhi,"Burari Crossing, Delhi - IMD",2025-06-21 23:00:00+00:00,2025-06-21 23:00:00+00:00,,,,,,0.0,,,,no,10.67,"Burari Crossing, Delhi - IMD",23
site_1420,Delhi,Delhi,"Ashok Vihar, Delhi - DPCC",2025-06-21 23:00:00+00:00,2025-06-21 23:00:00+00:00,31.7,68.0,1.5,153.0,0.0,0.0,10.0,982.0,,toluene,1.1,"Ashok Vihar, Delhi - DPCC",23
site_301,Delhi,Delhi,"Anand Vihar, Delhi - DPCC",2025-06-21 23:00:00+00:00,2025-06-21 23:00:00+00:00,32.2,65.0,0.6,229.0,,0.0,5.0,743.0,,so2,45.7,"Anand Vihar, Delhi - DPCC",23
site_104,Delhi,Delhi,"Burari Crossing, Delhi - IMD",2025-06-21 23:15:00+00:00,2025-06-21 23:15:00+00:00,,,,,,0.0,,,,no,10.81,"Burari Crossing, Delhi - IMD",23
site_5024,Delhi,Delhi,"Alipur, Delhi - DPCC",2025-06-21 23:15:00+00:00,2025-06-21 23:15:00+00:00,32.1,65.0,,334.0,0.0,0.0,5.0,978.0,,co,0.97,"Alipur, Delhi - DPCC",23
site_1560,Delhi,Delhi,"Bawana, Delhi - DPCC",2025-06-21 23:15:00+00:00,2025-06-21 23:15:00+00:00,32.8,66.0,1.9,170.0,0.0,0.0,5.0,989.0,,ozone,8.0,"Bawana, Delhi - DPCC",23
site_1560,Delhi,Delhi,"Bawana, Delhi - DPCC",2025-06-21 23:15:00+00:00,2025-06-21 23:15:00+00:00,32.8,66.0,1.9,170.0,0.0,0.0,5.0,989.0,,pm10,90.0,"Bawana, Delhi - DPCC",23
site_1560,Delhi,Delhi,"Bawana, Delhi - DPCC",2025-06-21 23:15:00+00:00,2025-06-21 23:15:00+00:00,32.8,66.0,1.9,170.0,0.0,0.0,5.0,989.0,,pm25,42.0,"Bawana, Delhi - DPCC",23
site_1560,Delhi,Delhi,"Bawana, Delhi - DPCC",2025-06-21 23:15:00+00:00,2025-06-21 23:15:00+00:00,32.8,66.0,1.9,170.0,0.0,0.0,5.0,989.0,,so2,4.1,"Bawana, Delhi - DPCC",23
site_1560,Delhi,Delhi,"Bawana, Delhi - DPCC",2025-06-21 23:15:00+00:00,2025-06-21 23:15:00+00:00,32.8,66.0,1.9,170.0,0.0,0.0,5.0,989.0,,toluene,10.0,"Bawana, Delhi - DPCC",23
site_301,Delhi,Delhi,"Anand Vihar, Delhi - DPCC",2025-06-21 23:15:00+00:00,2025-06-21 23:15:00+00:00,32.2,65.0,0.8,228.0,,0.0,5.0,743.0,,benzene,1.3,"Anand Vihar, Delhi - DPCC",23
site_108,Delhi,Delhi,"Aya Nagar, Delhi - IMD",2025-06-21 23:15:00+00:00,2025-06-21 23:15:00+00:00,,,,,,0.0,,,,pm25,23.07,"Aya Nagar, Delhi - IMD",23
site_108,Delhi,Delhi,"Aya Nagar, Delhi - IMD",2025-06-21 23:15:00+00:00,2025-06-21 23:15:00+00:00,,,,,,0.0,,,,pm10,63.55,"Aya Nagar, Delhi - IMD",23
site_108,Delhi,Delhi,"Aya Nagar, Delhi - IMD",2025-06-21 23:15:00+00:00,2025-06-21 23:15:00+00:00,,,,,,0.0,,,,ozone,28.04,"Aya Nagar, Delhi - IMD",23
site_108,Delhi,Delhi,"Aya Nagar, Delhi - IMD",2025-06-21 23:15:00+00:00,2025-06-21 23:15:00+00:00,,,,,,0.0,,,,no2,20.11,"Aya Nagar, Delhi - IMD",23
site_1560,Delhi,Delhi,"Bawana, Delhi - DPCC",2025-06-21 23:15:00+00:00,2025-06-21 23:15:00+00:00,32.8,66.0,1.9,170.0,0.0,0.0,5.0,989.0,,no2,16.3,"Bawana, Delhi - DPCC",23
site_108,Delhi,Delhi,"Aya Nagar, Delhi - IMD",2025-06-21 23:15:00+00:00,2025-06-21 23:15:00+00:00,,,,,,0.0,,,,no,7.19,"Aya Nagar, Delhi - IMD",23
site_1420,Delhi,Delhi,"Ashok Vihar, Delhi - DPCC",2025-06-21 23:15:00+00:00,2025-06-21 23:15:00+00:00,31.7,67.0,1.3,161.0,0.0,0.0,10.0,982.0,,toluene,0.9,"Ashok Vihar, Delhi - DPCC",23
site_1420,Delhi,Delhi,"Ashok Vihar, Delhi - DPCC",2025-06-21 23:15:00+00:00,2025-06-21 23:15:00+00:00,31.7,67.0,1.3,161.0,0.0,0.0,10.0,982.0,,so2,4.5,"Ashok Vihar, Delhi - DPCC",23
site_1420,Delhi,Delhi,"Ashok Vihar, Delhi - DPCC",2025-06-21 23:15:00+00:00,2025-06-21 23:15:00+00:00,31.7,67.0,1.3,161.0,0.0,0.0,10.0,982.0,,pm25,35.0,"Ashok Vihar, Delhi - DPCC",23
site_1420,Delhi,Delhi,"Ashok Vihar, Delhi - DPCC",2025-06-21 23:15:00+00:00,2025-06-21 23:15:00+00:00,31.7,67.0,1.3,161.0,0.0,0.0,10.0,982.0,,pm10,68.0,"Ashok Vihar, Delhi - DPCC",23
site_1420,Delhi,Delhi,"Ashok Vihar, Delhi - DPCC",2025-06-21 23:15:00+00:00,2025-06-21 23:15:00+00:00,31.7,67.0,1.3,161.0,0.0,0.0,10.0,982.0,,ozone,18.1,"Ashok Vihar, Delhi - DPCC",23
site_1420,Delhi,Delhi,"Ashok Vihar, Delhi - DPCC",2025-06-21 23:15:00+00:00,2025-06-21 23:15:00+00:00,31.7,67.0,1.3,161.0,0.0,0.0,10.0,982.0,,no2,26.2,"Ashok Vihar, Delhi - DPCC",23
site_1420,Delhi,Delhi,"Ashok Vihar, Delhi - DPCC",2025-06-21 23:15:00+00:00,2025-06-21 23:15:00+00:00,31.7,67.0,1.3,161.0,0.0,0.0,10.0,982.0,,no,4.4,"Ashok Vihar, Delhi - DPCC",23
site_1420,Delhi,Delhi,"Ashok Vihar, Delhi - DPCC",2025-06-21 23:15:00+00:00,2025-06-21 23:15:00+00:00,31.7,67.0,1.3,161.0,0.0,0.0,10.0,982.0,,nh3,30.3,"Ashok Vihar, Delhi - DPCC",23
site_1420,Delhi,Delhi,"Ashok Vihar, Delhi - DPCC",2025-06-21 23:15:00+00:00,2025-06-21 23:15:00+00:00,31.7,67.0,1.3,161.0,0.0,0.0,10.0,982.0,,co,0.81,"Ashok Vihar, Delhi - DPCC",23
site_1420,Delhi,Delhi,"Ashok Vihar, Delhi - DPCC",2025-06-21 23:15:00+00:00,2025-06-21 23:15:00+00:00,31.7,67.0,1.3,161.0,0.0,0.0,10.0,982.0,,benzene,0.1,"Ashok Vihar, Delhi - DPCC",23
site_108,Delhi,Delhi,"Aya Nagar, Delhi - IMD",2025-06-21 23:15:00+00:00,2025-06-21 23:15:00+00:00,,,,,,0.0,,,,co,1.15,"Aya Nagar, Delhi - IMD",23
site_1560,Delhi,Delhi,"Bawana, Delhi - DPCC",2025-06-21 23:15:00+00:00,2025-06-21 23:15:00+00:00,32.8,66.0,1.9,170.0,0.0,0.0,5.0,989.0,,nh3,26.6,"Bawana, Delhi - DPCC",23
site_1560,Delhi,Delhi,"Bawana, Delhi - DPCC",2025-06-21 23:15:00+00:00,2025-06-21 23:15:00+00:00,32.8,66.0,1.9,170.0,0.0,0.0,5.0,989.0,,co,0.77,"Bawana, Delhi - DPCC",23
site_1560,Delhi,Delhi,"Bawana, Delhi - DPCC",2025-06-21 23:15:00+00:00,2025-06-21 23:15:00+00:00,32.8,66.0,1.9,170.0,0.0,0.0,5.0,989.0,,benzene,1.2,"Bawana, Delhi - DPCC",23
site_5024,Delhi,Delhi,"Alipur, Delhi - DPCC",2025-06-21 23:15:00+00:00,2025-06-21 23:15:00+00:00,32.1,65.0,,334.0,0.0,0.0,5.0,978.0,,eth_benzene,0.3,"Alipur, Delhi - DPCC",23
site_5024,Delhi,Delhi,"Alipur, Delhi - DPCC",2025-06-21 23:15:00+00:00,2025-06-21 23:15:00+00:00,32.1,65.0,,334.0,0.0,0.0,5.0,978.0,,nh3,51.2,"Alipur, Delhi - DPCC",23
site_5024,Delhi,Delhi,"Alipur, Delhi - DPCC",2025-06-21 23:15:00+00:00,2025-06-21 23:15:00+00:00,32.1,65.0,,334.0,0.0,0.0,5.0,978.0,,no,3.7,"Alipur, Delhi - DPCC",23
site_5024,Delhi,Delhi,"Alipur, Delhi - DPCC",2025-06-21 23:15:00+00:00,2025-06-21 23:15:00+00:00,32.1,65.0,,334.0,0.0,0.0,5.0,978.0,,no2,29.3,"Alipur, Delhi - DPCC",23
site_5024,Delhi,Delhi,"Alipur, Delhi - DPCC",2025-06-21 23:15:00+00:00,2025-06-21 23:15:00+00:00,32.1,65.0,,334.0,0.0,0.0,5.0,978.0,,ozone,15.0,"Alipur, Delhi - DPCC",23
site_5024,Delhi,Delhi,"Alipur, Delhi - DPCC",2025-06-21 23:15:00+00:00,2025-06-21 23:15:00+00:00,32.1,65.0,,334.0,0.0,0.0,5.0,978.0,,pm10,91.0,"Alipur, Delhi - DPCC",23
site_5024,Delhi,Delhi,"Alipur, Delhi - DPCC",2025-06-21 23:15:00+00:00,2025-06-21 23:15:00+00:00,32.1,65.0,,334.0,0.0,0.0,5.0,978.0,,pm25,34.0,"Alipur, Delhi - DPCC",23
site_5024,Delhi,Delhi,"Alipur, Delhi - DPCC",2025-06-21 23:15:00+00:00,2025-06-21 23:15:00+00:00,32.1,65.0,,334.0,0.0,0.0,5.0,978.0,,so2,4.4,"Alipur, Delhi - DPCC",23
site_5024,Delhi,Delhi,"Alipur, Delhi - DPCC",2025-06-21 23:15:00+00:00,2025-06-21 23:15:00+00:00,32.1,65.0,,334.0,0.0,0.0,5.0,978.0,,toluene,1.1,"Alipur, Delhi - DPCC",23
site_301,Delhi,Delhi,"Anand Vihar, Delhi - DPCC",2025-06-21 23:15:00+00:00,2025-06-21 23:15:00+00:00,32.2,65.0,0.8,228.0,,0.0,5.0,743.0,,toluene,18.8,"Anand Vihar, Delhi - DPCC",23
site_301,Delhi,Delhi,"Anand Vihar, Delhi - DPCC",2025-06-21 23:15:00+00:00,2025-06-21 23:15:00+00:00,32.2,65.0,0.8,228.0,,0.0,5.0,743.0,,so2,24.9,"Anand Vihar, Delhi - DPCC",23
site_301,Delhi,Delhi,"Anand Vihar, Delhi - DPCC",2025-06-21 23:15:00+00:00,2025-06-21 23:15:00+00:00,32.2,65.0,0.8,228.0,,0.0,5.0,743.0,,pm25,37.0,"Anand Vihar, Delhi - DPCC",23
site_301,Delhi,Delhi,"Anand Vihar, Delhi - DPCC",2025-06-21 23:15:00+00:00,2025-06-21 23:15:00+00:00,32.2,65.0,0.8,228.0,,0.0,5.0,743.0,,pm10,130.0,"Anand Vihar, Delhi - DPCC",23
site_301,Delhi,Delhi,"Anand Vihar, Delhi - DPCC",2025-06-21 23:15:00+00:00,2025-06-21 23:15:00+00:00,32.2,65.0,0.8,228.0,,0.0,5.0,743.0,,ozone,9.2,"Anand Vihar, Delhi - DPCC",23
site_301,Delhi,Delhi,"Anand Vihar, Delhi - DPCC",2025-06-21 23:15:00+00:00,2025-06-21 23:15:00+00:00,32.2,65.0,0.8,228.0,,0.0,5.0,743.0,,no2,41.1,"Anand Vihar, Delhi - DPCC",23
site_301,Delhi,Delhi,"Anand Vihar, Delhi - DPCC",2025-06-21 23:15:00+00:00,2025-06-21 23:15:00+00:00,32.2,65.0,0.8,228.0,,0.0,5.0,743.0,,no,14.0,"Anand Vihar, Delhi - DPCC",23
site_301,Delhi,Delhi,"Anand Vihar, Delhi - DPCC",2025-06-21 23:15:00+00:00,2025-06-21 23:15:00+00:00,32.2,65.0,0.8,228.0,,0.0,5.0,743.0,,nh3,12.3,"Anand Vihar, Delhi - DPCC",23
site_301,Delhi,Delhi,"Anand Vihar, Delhi - DPCC",2025-06-21 23:15:00+00:00,2025-06-21 23:15:00+00:00,32.2,65.0,0.8,228.0,,0.0,5.0,743.0,,co,1.67,"Anand Vihar, Delhi - DPCC",23
site_104,Delhi,Delhi,"Burari Crossing, Delhi - IMD",2025-06-21 23:15:00+00:00,2025-06-21 23:15:00+00:00,,,,,,0.0,,,,co,0.82,"Burari Crossing, Delhi - IMD",23
site_104,Delhi,Delhi,"Burari Crossing, Delhi - IMD",2025-06-21 23:15:00+00:00,2025-06-21 23:15:00+00:00,,,,,,0.0,,,,no2,34.3,"Burari Crossing, Delhi - IMD",23
site_104,Delhi,Delhi,"Burari Crossing, Delhi - IMD",2025-06-21 23:15:00+00:00,2025-06-21 23:15:00+00:00,,,,,,0.0,,,,ozone,34.23,"Burari Crossing, Delhi - IMD",23
site_104,Delhi,Delhi,"Burari Crossing, Delhi - IMD",2025-06-21 23:15:00+00:00,2025-06-21 23:15:00+00:00,,,,,,0.0,,,,pm10,68.02,"Burari Crossing, Delhi - IMD",23
site_104,Delhi,Delhi,"Burari Crossing, Delhi - IMD",2025-06-21 23:15:00+00:00,2025-06-21 23:15:00+00:00,,,,,,0.0,,,,pm25,2.16,"Burari Crossing, Delhi - IMD",23
site_5024,Delhi,Delhi,"Alipur, Delhi - DPCC",2025-06-21 23:15:00+00:00,2025-06-21 23:15:00+00:00,32.1,65.0,,334.0,0.0,0.0,5.0,978.0,,benzene,0.4,"Alipur, Delhi - DPCC",23
site_1560,Delhi,Delhi,"Bawana, Delhi - DPCC",2025-06-21 23:15:00+00:00,2025-06-21 23:15:00+00:00,32.8,66.0,1.9,170.0,0.0,0.0,5.0,989.0,,no,5.3,"Bawana, Delhi - DPCC",23
site_301,Delhi,Delhi,"Anand Vihar, Delhi - DPCC",2025-06-21 23:30:00+00:00,2025-06-21 23:30:00+00:00,32.2,65.0,0.7,238.0,,0.0,5.0,743.0,,co,1.55,"Anand Vihar, Delhi - DPCC",23
site_104,Delhi,Delhi,"Burari Crossing, Delhi - IMD",2025-06-21 23:30:00+00:00,2025-06-21 23:30:00+00:00,,,,,,0.0,,,,no,11.26,"Burari Crossing, Delhi - IMD",23
site_1420,Delhi,Delhi,"Ashok Vihar, Delhi - DPCC",2025-06-21 23:30:00+00:00,2025-06-21 23:30:00+00:00,31.6,68.0,1.2,149.0,0.0,0.0,10.0,982.0,,benzene,0.1,"Ashok Vihar, Delhi - DPCC",23
site_301,Delhi,Delhi,"Anand Vihar, Delhi - DPCC",2025-06-21 23:30:00+00:00,2025-06-21 23:30:00+00:00,32.2,65.0,0.7,238.0,,0.0,5.0,743.0,,benzene,1.1,"Anand Vihar, Delhi - DPCC",23
site_301,Delhi,Delhi,"Anand Vihar, Delhi - DPCC",2025-06-21 23:30:00+00:00,2025-06-21 23:30:00+00:00,32.2,65.0,0.7,238.0,,0.0,5.0,743.0,,nh3,11.5,"Anand Vihar, Delhi - DPCC",23
site_301,Delhi,Delhi,"Anand Vihar, Delhi - DPCC",2025-06-21 23:30:00+00:00,2025-06-21 23:30:00+00:00,32.2,65.0,0.7,238.0,,0.0,5.0,743.0,,no,14.3,"Anand Vihar, Delhi - DPCC",23
site_301,Delhi,Delhi,"Anand Vihar, Delhi - DPCC",2025-06-21 23:30:00+00:00,2025-06-21 23:30:00+00:00,32.2,65.0,0.7,238.0,,0.0,5.0,743.0,,no2,35.8,"Anand Vihar, Delhi - DPCC",23
site_301,Delhi,Delhi,"Anand Vihar, Delhi - DPCC",2025-06-21 23:30:00+00:00,2025-06-21 23:30:00+00:00,32.2,65.0,0.7,238.0,,0.0,5.0,743.0,,ozone,11.6,"Anand Vihar, Delhi - DPCC",23
site_301,Delhi,Delhi,"Anand Vihar, Delhi - DPCC",2025-06-21 23:30:00+00:00,2025-06-21 23:30:00+00:00,32.2,65.0,0.7,238.0,,0.0,5.0,743.0,,pm10,130.0,"Anand Vihar, Delhi - DPCC",23
site_301,Delhi,Delhi,"Anand Vihar, Delhi - DPCC",2025-06-21 23:30:00+00:00,2025-06-21 23:30:00+00:00,32.2,65.0,0.7,238.0,,0.0,5.0,743.0,,pm25,37.0,"Anand Vihar, Delhi - DPCC",23
site_301,Delhi,Delhi,"Anand Vihar, Delhi - DPCC",2025-06-21 23:30:00+00:00,2025-06-21 23:30:00+00:00,32.2,65.0,0.7,238.0,,0.0,5.0,743.0,,so2,2.4,"Anand Vihar, Delhi - DPCC",23
site_1420,Delhi,Delhi,"Ashok Vihar, Delhi - DPCC",2025-06-21 23:30:00+00:00,2025-06-21 23:30:00+00:00,31.6,68.0,1.2,149.0,0.0,0.0,10.0,982.0,,co,0.78,"Ashok Vihar, Delhi - DPCC",23
site_104,Delhi,Delhi,"Burari Crossing, Delhi - IMD",2025-06-21 23:30:00+00:00,2025-06-21 23:30:00+00:00,,,,,,0.0,,,,co,0.86,"Burari Crossing, Delhi - IMD",23
site_5024,Delhi,Delhi,"Alipur, Delhi - DPCC",2025-06-21 23:30:00+00:00,2025-06-21 23:30:00+00:00,32.0,65.0,,337.0,0.0,0.0,5.0,978.0,,so2,2.1,"Alipur, Delhi - DPCC",23
site_5024,Delhi,Delhi,"Alipur, Delhi - DPCC",2025-06-21 23:30:00+00:00,2025-06-21 23:30:00+00:00,32.0,65.0,,337.0,0.0,0.0,5.0,978.0,,pm25,34.0,"Alipur, Delhi - DPCC",23
site_5024,Delhi,Delhi,"Alipur, Delhi - DPCC",2025-06-21 23:30:00+00:00,2025-06-21 23:30:00+00:00,32.0,65.0,,337.0,0.0,0.0,5.0,978.0,,pm10,91.0,"Alipur, Delhi - DPCC",23
site_5024,Delhi,Delhi,"Alipur, Delhi - DPCC",2025-06-21 23:30:00+00:00,2025-06-21 23:30:00+00:00,32.0,65.0,,337.0,0.0,0.0,5.0,978.0,,ozone,16.7,"Alipur, Delhi - DPCC",23
site_5024,Delhi,Delhi,"Alipur, Delhi - DPCC",2025-06-21 23:30:00+00:00,2025-06-21 23:30:00+00:00,32.0,65.0,,337.0,0.0,0.0,5.0,978.0,,no2,26.7,"Alipur, Delhi - DPCC",23
site_5024,Delhi,Delhi,"Alipur, Delhi - DPCC",2025-06-21 23:30:00+00:00,2025-06-21 23:30:00+00:00,32.0,65.0,,337.0,0.0,0.0,5.0,978.0,,no,3.5,"Alipur, Delhi - DPCC",23
site_5024,Delhi,Delhi,"Alipur, Delhi - DPCC",2025-06-21 23:30:00+00:00,2025-06-21 23:30:00+00:00,32.0,65.0,,337.0,0.0,0.0,5.0,978.0,,nh3,49.7,"Alipur, Delhi - DPCC",23
site_5024,Delhi,Delhi,"Alipur, Delhi - DPCC",2025-06-21 23:30:00+00:00,2025-06-21 23:30:00+00:00,32.0,65.0,,337.0,0.0,0.0,5.0,978.0,,mp_xylene,0.2,"Alipur, Delhi - DPCC",23
site_5024,Delhi,Delhi,"Alipur, Delhi - DPCC",2025-06-21 23:30:00+00:00,2025-06-21 23:30:00+00:00,32.0,65.0,,337.0,0.0,0.0,5.0,978.0,,eth_benzene,0.2,"Alipur, Delhi - DPCC",23
site_5024,Delhi,Delhi,"Alipur, Delhi - DPCC",2025-06-21 23:30:00+00:00,2025-06-21 23:30:00+00:00,32.0,65.0,,337.0,0.0,0.0,5.0,978.0,,toluene,1.1,"Alipur, Delhi - DPCC",23
site_1420,Delhi,Delhi,"Ashok Vihar, Delhi - DPCC",2025-06-21 23:30:00+00:00,2025-06-21 23:30:00+00:00,31.6,68.0,1.2,149.0,0.0,0.0,10.0,982.0,,nh3,29.7,"Ashok Vihar, Delhi - DPCC",23
site_1420,Delhi,Delhi,"Ashok Vihar, Delhi - DPCC",2025-06-21 23:30:00+00:00,2025-06-21 23:30:00+00:00,31.6,68.0,1.2,149.0,0.0,0.0,10.0,982.0,,no,4.1,"Ashok Vihar, Delhi - DPCC",23
site_1420,Delhi,Delhi,"Ashok Vihar, Delhi - DPCC",2025-06-21 23:30:00+00:00,2025-06-21 23:30:00+00:00,31.6,68.0,1.2,149.0,0.0,0.0,10.0,982.0,,no2,21.1,"Ashok Vihar, Delhi - DPCC",23
site_108,Delhi,Delhi,"Aya Nagar, Delhi - IMD",2025-06-21 23:30:00+00:00,2025-06-21 23:30:00+00:00,,,,,,0.0,,,,pm25,31.55,"Aya Nagar, Delhi - IMD",23
site_108,Delhi,Delhi,"Aya Nagar, Delhi - IMD",2025-06-21 23:30:00+00:00,2025-06-21 23:30:00+00:00,,,,,,0.0,,,,pm10,62.51,"Aya Nagar, Delhi - IMD",23
site_108,Delhi,Delhi,"Aya Nagar, Delhi - IMD",2025-06-21 23:30:00+00:00,2025-06-21 23:30:00+00:00,,,,,,0.0,,,,ozone,21.46,"Aya Nagar, Delhi - IMD",23
site_108,Delhi,Delhi,"Aya Nagar, Delhi - IMD",2025-06-21 23:30:00+00:00,2025-06-21 23:30:00+00:00,,,,,,0.0,,,,no2,20.78,"Aya Nagar, Delhi - IMD",23
site_108,Delhi,Delhi,"Aya Nagar, Delhi - IMD",2025-06-21 23:30:00+00:00,2025-06-21 23:30:00+00:00,,,,,,0.0,,,,no,7.64,"Aya Nagar, Delhi - IMD",23
site_108,Delhi,Delhi,"Aya Nagar, Delhi - IMD",2025-06-21 23:30:00+00:00,2025-06-21 23:30:00+00:00,,,,,,0.0,,,,co,1.14,"Aya Nagar, Delhi - IMD",23
site_1560,Delhi,Delhi,"Bawana, Delhi - DPCC",2025-06-21 23:30:00+00:00,2025-06-21 23:30:00+00:00,32.7,66.0,2.1,180.0,0.0,0.0,6.0,989.0,,toluene,7.3,"Bawana, Delhi - DPCC",23
site_1560,Delhi,Delhi,"Bawana, Delhi - DPCC",2025-06-21 23:30:00+00:00,2025-06-21 23:30:00+00:00,32.7,66.0,2.1,180.0,0.0,0.0,6.0,989.0,,so2,4.3,"Bawana, Delhi - DPCC",23
site_1560,Delhi,Delhi,"Bawana, Delhi - DPCC",2025-06-21 23:30:00+00:00,2025-06-21 23:30:00+00:00,32.7,66.0,2.1,180.0,0.0,0.0,6.0,989.0,,pm25,42.0,"Bawana, Delhi - DPCC",23
site_1560,Delhi,Delhi,"Bawana, Delhi - DPCC",2025-06-21 23:30:00+00:00,2025-06-21 23:30:00+00:00,32.7,66.0,2.1,180.0,0.0,0.0,6.0,989.0,,pm10,90.0,"Bawana, Delhi - DPCC",23
site_1560,Delhi,Delhi,"Bawana, Delhi - DPCC",2025-06-21 23:30:00+00:00,2025-06-21 23:30:00+00:00,32.7,66.0,2.1,180.0,0.0,0.0,6.0,989.0,,ozone,8.3,"Bawana, Delhi - DPCC",23
site_1560,Delhi,Delhi,"Bawana, Delhi - DPCC",2025-06-21 23:30:00+00:00,2025-06-21 23:30:00+00:00,32.7,66.0,2.1,180.0,0.0,0.0,6.0,989.0,,no2,15.3,"Bawana, Delhi - DPCC",23
site_1560,Delhi,Delhi,"Bawana, Delhi - DPCC",2025-06-21 23:30:00+00:00,2025-06-21 23:30:00+00:00,32.7,66.0,2.1,180.0,0.0,0.0,6.0,989.0,,no,5.4,"Bawana, Delhi - DPCC",23
site_1560,Delhi,Delhi,"Bawana, Delhi - DPCC",2025-06-21 23:30:00+00:00,2025-06-21 23:30:00+00:00,32.7,66.0,2.1,180.0,0.0,0.0,6.0,989.0,,nh3,26.0,"Bawana, Delhi - DPCC",23
site_1560,Delhi,Delhi,"Bawana, Delhi - DPCC",2025-06-21 23:30:00+00:00,2025-06-21 23:30:00+00:00,32.7,66.0,2.1,180.0,0.0,0.0,6.0,989.0,,co,0.74,"Bawana, Delhi - DPCC",23
site_1560,Delhi,Delhi,"Bawana, Delhi - DPCC",2025-06-21 23:30:00+00:00,2025-06-21 23:30:00+00:00,32.7,66.0,2.1,180.0,0.0,0.0,6.0,989.0,,benzene,0.9,"Bawana, Delhi - DPCC",23
site_1420,Delhi,Delhi,"Ashok Vihar, Delhi - DPCC",2025-06-21 23:30:00+00:00,2025-06-21 23:30:00+00:00,31.6,68.0,1.2,149.0,0.0,0.0,10.0,982.0,,toluene,0.7,"Ashok Vihar, Delhi - DPCC",23
site_1420,Delhi,Delhi,"Ashok Vihar, Delhi - DPCC",2025-06-21 23:30:00+00:00,2025-06-21 23:30:00+00:00,31.6,68.0,1.2,149.0,0.0,0.0,10.0,982.0,,so2,5.4,"Ashok Vihar, Delhi - DPCC",23
site_1420,Delhi,Delhi,"Ashok Vihar, Delhi - DPCC",2025-06-21 23:30:00+00:00,2025-06-21 23:30:00+00:00,31.6,68.0,1.2,149.0,0.0,0.0,10.0,982.0,,pm25,35.0,"Ashok Vihar, Delhi - DPCC",23
site_1420,Delhi,Delhi,"Ashok Vihar, Delhi - DPCC",2025-06-21 23:30:00+00:00,2025-06-21 23:30:00+00:00,31.6,68.0,1.2,149.0,0.0,0.0,10.0,982.0,,pm10,68.0,"Ashok Vihar, Delhi - DPCC",23
site_1420,Delhi,Delhi,"Ashok Vihar, Delhi - DPCC",2025-06-21 23:30:00+00:00,2025-06-21 23:30:00+00:00,31.6,68.0,1.2,149.0,0.0,0.0,10.0,982.0,,ozone,22.8,"Ashok Vihar, Delhi - DPCC",23
site_5024,Delhi,Delhi,"Alipur, Delhi - DPCC",2025-06-21 23:30:00+00:00,2025-06-21 23:30:00+00:00,32.0,65.0,,337.0,0.0,0.0,5.0,978.0,,co,0.86,"Alipur, Delhi - DPCC",23
site_5024,Delhi,Delhi,"Alipur, Delhi - DPCC",2025-06-21 23:30:00+00:00,2025-06-21 23:30:00+00:00,32.0,65.0,,337.0,0.0,0.0,5.0,978.0,,benzene,0.4,"Alipur, Delhi - DPCC",23
site_301,Delhi,Delhi,"Anand Vihar, Delhi - DPCC",2025-06-21 23:30:00+00:00,2025-06-21 23:30:00+00:00,32.2,65.0,0.7,238.0,,0.0,5.0,743.0,,toluene,16.2,"Anand Vihar, Delhi - DPCC",23
site_104,Delhi,Delhi,"Burari Crossing, Delhi - IMD",2025-06-21 23:30:00+00:00,2025-06-21 23:30:00+00:00,,,,,,0.0,,,,no2,37.2,"Burari Crossing, Delhi - IMD",23
site_104,Delhi,Delhi,"Burari Crossing, Delhi - IMD",2025-06-21 23:30:00+00:00,2025-06-21 23:30:00+00:00,,,,,,0.0,,,,ozone,28.48,"Burari Crossing, Delhi - IMD",23
site_104,Delhi,Delhi,"Burari Crossing, Delhi - IMD",2025-06-21 23:30:00+00:00,2025-06-21 23:30:00+00:00,,,,,,0.0,,,,pm10,66.53,"Burari Crossing, Delhi - IMD",23
site_104,Delhi,Delhi,"Burari Crossing, Delhi - IMD",2025-06-21 23:30:00+00:00,2025-06-21 23:30:00+00:00,,,,,,0.0,,,,pm25,13.8,"Burari Crossing, Delhi - IMD",23
site_1420,Delhi,Delhi,"Ashok Vihar, Delhi - DPCC",2025-06-21 23:45:00+00:00,2025-06-21 23:45:00+00:00,31.5,69.0,0.8,167.0,0.0,0.0,10.0,982.0,,ozone,22.8,"Ashok Vihar, Delhi - DPCC",23
site_5024,Delhi,Delhi,"Alipur, Delhi - DPCC",2025-06-21 23:45:00+00:00,2025-06-21 23:45:00+00:00,31.9,66.0,,338.0,0.0,0.0,5.0,978.0,,mp_xylene,0.1,"Alipur, Delhi - DPCC",23
site_5024,Delhi,Delhi,"Alipur, Delhi - DPCC",2025-06-21 23:45:00+00:00,2025-06-21 23:45:00+00:00,31.9,66.0,,338.0,0.0,0.0,5.0,978.0,,co,0.89,"Alipur, Delhi - DPCC",23
site_5024,Delhi,Delhi,"Alipur, Delhi - DPCC",2025-06-21 23:45:00+00:00,2025-06-21 23:45:00+00:00,31.9,66.0,,338.0,0.0,0.0,5.0,978.0,,benzene,0.3,"Alipur, Delhi - DPCC",23
site_1420,Delhi,Delhi,"Ashok Vihar, Delhi - DPCC",2025-06-21 23:45:00+00:00,2025-06-21 23:45:00+00:00,31.5,69.0,0.8,167.0,0.0,0.0,10.0,982.0,,toluene,0.7,"Ashok Vihar, Delhi - DPCC",23
site_1420,Delhi,Delhi,"Ashok Vihar, Delhi - DPCC",2025-06-21 23:45:00+00:00,2025-06-21 23:45:00+00:00,31.5,69.0,0.8,167.0,0.0,0.0,10.0,982.0,,so2,5.4,"Ashok Vihar, Delhi - DPCC",23
site_1420,Delhi,Delhi,"Ashok Vihar, Delhi - DPCC",2025-06-21 23:45:00+00:00,2025-06-21 23:45:00+00:00,31.5,69.0,0.8,167.0,0.0,0.0,10.0,982.0,,pm25,35.0,"Ashok Vihar, Delhi - DPCC",23
site_1420,Delhi,Delhi,"Ashok Vihar, Delhi - DPCC",2025-06-21 23:45:00+00:00,2025-06-21 23:45:00+00:00,31.5,69.0,0.8,167.0,0.0,0.0,10.0,982.0,,pm10,68.0,"Ashok Vihar, Delhi - DPCC",23
site_1420,Delhi,Delhi,"Ashok Vihar, Delhi - DPCC",2025-06-21 23:45:00+00:00,2025-06-21 23:45:00+00:00,31.5,69.0,0.8,167.0,0.0,0.0,10.0,982.0,,no,4.1,"Ashok Vihar, Delhi - DPCC",23
site_5024,Delhi,Delhi,"Alipur, Delhi - DPCC",2025-06-21 23:45:00+00:00,2025-06-21 23:45:00+00:00,31.9,66.0,,338.0,0.0,0.0,5.0,978.0,,no,3.4,"Alipur, Delhi - DPCC",23
site_104,Delhi,Delhi,"Burari Crossing, Delhi - IMD",2025-06-21 23:45:00+00:00,2025-06-21 23:45:00+00:00,,,,,,0.0,,,,co,0.86,"Burari Crossing, Delhi - IMD",23
site_108,Delhi,Delhi,"Aya Nagar, Delhi - IMD",2025-06-21 23:45:00+00:00,2025-06-21 23:45:00+00:00,,,,,,0.0,,,,co,1.13,"Aya Nagar, Delhi - IMD",23
site_108,Delhi,Delhi,"Aya Nagar, Delhi - IMD",2025-06-21 23:45:00+00:00,2025-06-21 23:45:00+00:00,,,,,,0.0,,,,no,7.38,"Aya Nagar, Delhi - IMD",23
site_108,Delhi,Delhi,"Aya Nagar, Delhi - IMD",2025-06-21 23:45:00+00:00,2025-06-21 23:45:00+00:00,,,,,,0.0,,,,no2,17.81,"Aya Nagar, Delhi - IMD",23
site_108,Delhi,Delhi,"Aya Nagar, Delhi - IMD",2025-06-21 23:45:00+00:00,2025-06-21 23:45:00+00:00,,,,,,0.0,,,,ozone,28.39,"Aya Nagar, Delhi - IMD",23
site_1420,Delhi,Delhi,"Ashok Vihar, Delhi - DPCC",2025-06-21 23:45:00+00:00,2025-06-21 23:45:00+00:00,31.5,69.0,0.8,167.0,0.0,0.0,10.0,982.0,,no2,24.6,"Ashok Vihar, Delhi - DPCC",23
site_108,Delhi,Delhi,"Aya Nagar, Delhi - IMD",2025-06-21 23:45:00+00:00,2025-06-21 23:45:00+00:00,,,,,,0.0,,,,pm10,64.3,"Aya Nagar, Delhi - IMD",23
site_5024,Delhi,Delhi,"Alipur, Delhi - DPCC",2025-06-21 23:45:00+00:00,2025-06-21 23:45:00+00:00,31.9,66.0,,338.0,0.0,0.0,5.0,978.0,,no2,25.7,"Alipur, Delhi - DPCC",23
site_5024,Delhi,Delhi,"Alipur, Delhi - DPCC",2025-06-21 23:45:00+00:00,2025-06-21 23:45:00+00:00,31.9,66.0,,338.0,0.0,0.0,5.0,978.0,,pm10,91.0,"Alipur, Delhi - DPCC",23
site_104,Delhi,Delhi,"Burari Crossing, Delhi - IMD",2025-06-21 23:45:00+00:00,2025-06-21 23:45:00+00:00,,,,,,0.0,,,,no,11.18,"Burari Crossing, Delhi - IMD",23
site_1560,Delhi,Delhi,"Bawana, Delhi - DPCC",2025-06-21 23:45:00+00:00,2025-06-21 23:45:00+00:00,32.8,66.0,2.0,160.0,0.0,0.0,5.0,989.0,,toluene,6.3,"Bawana, Delhi - DPCC",23
site_1560,Delhi,Delhi,"Bawana, Delhi - DPCC",2025-06-21 23:45:00+00:00,2025-06-21 23:45:00+00:00,32.8,66.0,2.0,160.0,0.0,0.0,5.0,989.0,,so2,4.2,"Bawana, Delhi - DPCC",23
site_1560,Delhi,Delhi,"Bawana, Delhi - DPCC",2025-06-21 23:45:00+00:00,2025-06-21 23:45:00+00:00,32.8,66.0,2.0,160.0,0.0,0.0,5.0,989.0,,pm25,42.0,"Bawana, Delhi - DPCC",23
site_1560,Delhi,Delhi,"Bawana, Delhi - DPCC",2025-06-21 23:45:00+00:00,2025-06-21 23:45:00+00:00,32.8,66.0,2.0,160.0,0.0,0.0,5.0,989.0,,pm10,90.0,"Bawana, Delhi - DPCC",23
site_1560,Delhi,Delhi,"Bawana, Delhi - DPCC",2025-06-21 23:45:00+00:00,2025-06-21 23:45:00+00:00,32.8,66.0,2.0,160.0,0.0,0.0,5.0,989.0,,ozone,7.9,"Bawana, Delhi - DPCC",23
site_1560,Delhi,Delhi,"Bawana, Delhi - DPCC",2025-06-21 23:45:00+00:00,2025-06-21 23:45:00+00:00,32.8,66.0,2.0,160.0,0.0,0.0,5.0,989.0,,no2,15.8,"Bawana, Delhi - DPCC",23
site_1560,Delhi,Delhi,"Bawana, Delhi - DPCC",2025-06-21 23:45:00+00:00,2025-06-21 23:45:00+00:00,32.8,66.0,2.0,160.0,0.0,0.0,5.0,989.0,,no,5.9,"Bawana, Delhi - DPCC",23
site_5024,Delhi,Delhi,"Alipur, Delhi - DPCC",2025-06-21 23:45:00+00:00,2025-06-21 23:45:00+00:00,31.9,66.0,,338.0,0.0,0.0,5.0,978.0,,ozone,15.1,"Alipur, Delhi - DPCC",23
site_1560,Delhi,Delhi,"Bawana, Delhi - DPCC",2025-06-21 23:45:00+00:00,2025-06-21 23:45:00+00:00,32.8,66.0,2.0,160.0,0.0,0.0,5.0,989.0,,nh3,26.4,"Bawana, Delhi - DPCC",23
site_1560,Delhi,Delhi,"Bawana, Delhi - DPCC",2025-06-21 23:45:00+00:00,2025-06-21 23:45:00+00:00,32.8,66.0,2.0,160.0,0.0,0.0,5.0,989.0,,benzene,0.9,"Bawana, Delhi - DPCC",23
site_104,Delhi,Delhi,"Burari Crossing, Delhi - IMD",2025-06-21 23:45:00+00:00,2025-06-21 23:45:00+00:00,,,,,,0.0,,,,no2,40.08,"Burari Crossing, Delhi - IMD",23
site_104,Delhi,Delhi,"Burari Crossing, Delhi - IMD",2025-06-21 23:45:00+00:00,2025-06-21 23:45:00+00:00,,,,,,0.0,,,,ozone,25.66,"Burari Crossing, Delhi - IMD",23
site_104,Delhi,Delhi,"Burari Crossing, Delhi - IMD",2025-06-21 23:45:00+00:00,2025-06-21 23:45:00+00:00,,,,,,0.0,,,,pm10,66.71,"Burari Crossing, Delhi - IMD",23
site_104,Delhi,Delhi,"Burari Crossing, Delhi - IMD",2025-06-21 23:45:00+00:00,2025-06-21 23:45:00+00:00,,,,,,0.0,,,,pm25,26.17,"Burari Crossing, Delhi - IMD",23
site_5024,Delhi,Delhi,"Alipur, Delhi - DPCC",2025-06-21 23:45:00+00:00,2025-06-21 23:45:00+00:00,31.9,66.0,,338.0,0.0,0.0,5.0,978.0,,toluene,0.8,"Alipur, Delhi - DPCC",23
site_5024,Delhi,Delhi,"Alipur, Delhi - DPCC",2025-06-21 23:45:00+00:00,2025-06-21 23:45:00+00:00,31.9,66.0,,338.0,0.0,0.0,5.0,978.0,,so2,1.9,"Alipur, Delhi - DPCC",23
site_5024,Delhi,Delhi,"Alipur, Delhi - DPCC",2025-06-21 23:45:00+00:00,2025-06-21 23:45:00+00:00,31.9,66.0,,338.0,0.0,0.0,5.0,978.0,,pm25,34.0,"Alipur, Delhi - DPCC",23
site_1560,Delhi,Delhi,"Bawana, Delhi - DPCC",2025-06-21 23:45:00+00:00,2025-06-21 23:45:00+00:00,32.8,66.0,2.0,160.0,0.0,0.0,5.0,989.0,,co,0.72,"Bawana, Delhi - DPCC",23
site_108,Delhi,Delhi,"Aya Nagar, Delhi - IMD",2025-06-21 23:45:00+00:00,2025-06-21 23:45:00+00:00,,,,,,0.0,,,,pm25,27.18,"Aya Nagar, Delhi - IMD",23
site_5024,Delhi,Delhi,"Alipur, Delhi - DPCC",2025-06-21 23:45:00+00:00,2025-06-21 23:45:00+00:00,31.9,66.0,,338.0,0.0,0.0,5.0,978.0,,nh3,48.9,"Alipur, Delhi - DPCC",23
site_301,Delhi,Delhi,"Anand Vihar, Delhi - DPCC",2025-06-21 23:45:00+00:00,2025-06-21 23:45:00+00:00,32.1,65.0,0.4,235.0,,0.0,5.0,743.0,,toluene,13.0,"Anand Vihar, Delhi - DPCC",23
site_301,Delhi,Delhi,"Anand Vihar, Delhi - DPCC",2025-06-21 23:45:00+00:00,2025-06-21 23:45:00+00:00,32.1,65.0,0.4,235.0,,0.0,5.0,743.0,,co,1.44,"Anand Vihar, Delhi - DPCC",23
site_301,Delhi,Delhi,"Anand Vihar, Delhi - DPCC",2025-06-21 23:45:00+00:00,2025-06-21 23:45:00+00:00,32.1,65.0,0.4,235.0,,0.0,5.0,743.0,,nh3,11.6,"Anand Vihar, Delhi - DPCC",23
site_301,Delhi,Delhi,"Anand Vihar, Delhi - DPCC",2025-06-21 23:45:00+00:00,2025-06-21 23:45:00+00:00,32.1,65.0,0.4,235.0,,0.0,5.0,743.0,,no,10.7,"Anand Vihar, Delhi - DPCC",23
site_301,Delhi,Delhi,"Anand Vihar, Delhi - DPCC",2025-06-21 23:45:00+00:00,2025-06-21 23:45:00+00:00,32.1,65.0,0.4,235.0,,0.0,5.0,743.0,,no2,37.4,"Anand Vihar, Delhi - DPCC",23
site_301,Delhi,Delhi,"Anand Vihar, Delhi - DPCC",2025-06-21 23:45:00+00:00,2025-06-21 23:45:00+00:00,32.1,65.0,0.4,235.0,,0.0,5.0,743.0,,ozone,8.8,"Anand Vihar, Delhi - DPCC",23
site_301,Delhi,Delhi,"Anand Vihar, Delhi - DPCC",2025-06-21 23:45:00+00:00,2025-06-21 23:45:00+00:00,32.1,65.0,0.4,235.0,,0.0,5.0,743.0,,pm25,37.0,"Anand Vihar, Delhi - DPCC",23
site_301,Delhi,Delhi,"Anand Vihar, Delhi - DPCC",2025-06-21 23:45:00+00:00,2025-06-21 23:45:00+00:00,32.1,65.0,0.4,235.0,,0.0,5.0,743.0,,so2,33.8,"Anand Vihar, Delhi - DPCC",23
site_301,Delhi,Delhi,"Anand Vihar, Delhi - DPCC",2025-06-21 23:45:00+00:00,2025-06-21 23:45:00+00:00,32.1,65.0,0.4,235.0,,0.0,5.0,743.0,,benzene,0.9,"Anand Vihar, Delhi - DPCC",23
site_301,Delhi,Delhi,"Anand Vihar, Delhi - DPCC",2025-06-21 23:45:00+00:00,2025-06-21 23:45:00+00:00,32.1,65.0,0.4,235.0,,0.0,5.0,743.0,,pm10,130.0,"Anand Vihar, Delhi - DPCC",23
site_1420,Delhi,Delhi,"Ashok Vihar, Delhi - DPCC",2025-06-21 23:45:00+00:00,2025-06-21 23:45:00+00:00,31.5,69.0,0.8,167.0,0.0,0.0,10.0,982.0,,benzene,0.1,"Ashok Vihar, Delhi - DPCC",23
site_1420,Delhi,Delhi,"Ashok Vihar, Delhi - DPCC",2025-06-21 23:45:00+00:00,2025-06-21 23:45:00+00:00,31.5,69.0,0.8,167.0,0.0,0.0,10.0,982.0,,co,0.78,"Ashok Vihar, Delhi - DPCC",23
site_1420,Delhi,Delhi,"Ashok Vihar, Delhi - DPCC",2025-06-21 23:45:00+00:00,2025-06-21 23:45:00+00:00,31.5,69.0,0.8,167.0,0.0,0.0,10.0,982.0,,nh3,30.4,"Ashok Vihar, Delhi - DPCC",23
